0.106928712278,0.113316898665,0.139801890213,0.194921387954,0.219869931420,0.211429232182,0.165876493550,0.103842779115,0.070436740003,0.046530770535,0.034214926602,0.030812323836,0.026001129003,0.025487338116,0.025492344259,0.029079373971,0.038043940247,0.047844089906,0.053665223000,0.061474235017,0.051308818549,0.038928400117,0.049374938179,0.115717016901,0.308372648087,0.458290015708,0.573470696887,0.507200985230,0.527454281495,0.472897467880,0.322220652361,0.213917437978,0.121935773713,0.061824826044,0.034308041547,0.022824647261,0.018237028256,0.020218076034,0.028043833211,0.033708342957,0.038540955904,0.033492614122,0.031669254135,0.025949891827,0.023275005779,0.024855537873,0.031009726538,0.040226375016,0.046795605647,0.040272846833,0.026705473134,0.019618969418,0.011988027411,0.008346438425,0.007147802879,0.006089944116,0.006555159985,0.007971230039,0.013675930998,0.035578446846
0.041403554337,0.086578271175,0.139862826980,0.160239481206,0.128847695458,0.101453834121,0.073192598059,0.038924172637,0.021136324598,0.013232748777,0.011368073144,0.011893888285,0.010206839944,0.009445871964,0.008908391433,0.010117040858,0.013990323501,0.017553262945,0.019247747339,0.019855080140,0.014533717210,0.009958325241,0.013984620142,0.040579266641,0.142841049632,0.305400777798,0.614846801615,0.721877966128,0.689950986710,0.514490520328,0.302895617026,0.168868038467,0.063590041627,0.014106684934,0.006050166875,0.005628992065,0.006928716689,0.010705759901,0.017780479698,0.023015464333,0.027528140540,0.023730757826,0.021599394178,0.014988190049,0.010465713872,0.008508447989,0.008678533914,0.010336750467,0.013246150276,0.013841860312,0.011233561000,0.010329794255,0.008008270691,0.006744203009,0.006791136936,0.006109227458,0.006258259397,0.006011118537,0.006975999851,0.011672852432
0.020244831411,0.058773353874,0.122980191603,0.188661118801,0.176200174396,0.108526101114,0.055370359669,0.022611027165,0.011309586581,0.006828859568,0.006007710851,0.006293444965,0.005246248852,0.004946046917,0.004533522609,0.005177475130,0.007418240088,0.009247562790,0.010041266496,0.009528831913,0.006140061738,0.003932795935,0.005593489013,0.022368415388,0.119615246973,0.316717808731,0.632488308339,0.670872931718,0.664471025890,0.567562646840,0.323884512163,0.125416369580,0.033755734912,0.007209419135,0.002680004342,0.002711955081,0.003971619596,0.006602303052,0.011257746486,0.015344964162,0.019450042397,0.016687594514,0.013841803949,0.007694220807,0.004090312355,0.002485710921,0.002251043193,0.002962874960,0.005237711243,0.007674826853,0.007576091188,0.007463001676,0.006051882663,0.005254585109,0.005500693686,0.004559658186,0.003847784122,0.003009477933,0.003262501234,0.005668227619
0.039008629749,0.091440397867,0.155947433871,0.189608891362,0.195992190322,0.129852252551,0.052185790779,0.013705554644,0.004713593658,0.002769741155,0.002893541983,0.003519112417,0.002959719394,0.002714318874,0.002557709048,0.003481432884,0.006320422708,0.009650622858,0.011708365803,0.009915776018,0.005674340417,0.004280215753,0.006504954343,0.029661880138,0.138692099179,0.302931977337,0.535942412351,0.495573492136,0.498065504382,0.447248351897,0.310023531906,0.183449554286,0.054251658628,0.014174471746,0.004414159538,0.002405819266,0.003190144041,0.005080215309,0.007638739710,0.010434241370,0.013968014230,0.012781709971,0.011640440841,0.007313890839,0.004004397087,0.002177277426,0.001191278171,0.001105828990,0.001579030928,0.002113578053,0.001971088074,0.001758519328,0.001381078598,0.001298378563,0.001699409964,0.001885163630,0.001727723224,0.001486289065,0.002726530306,0.009849712147
0.094603839234,0.131110312514,0.176493112465,0.170268960534,0.139779985949,0.083053042042,0.033580729610,0.011526916508,0.004551412039,0.002363772970,0.001828795590,0.001861049938,0.001571787590,0.001474905704,0.001905064772,0.003958042445,0.009847765056,0.017082837254,0.020517327639,0.019214777497,0.014989564759,0.011497403480,0.009606942878,0.021726489433,0.082330627036,0.228159671148,0.437770422309,0.434285834212,0.458236004026,0.439639788983,0.325142998837,0.158305514645,0.035159741107,0.012300567756,0.008738554806,0.008635820528,0.009627755743,0.005830063117,0.003747874177,0.004020328308,0.005767221962,0.007546902035,0.010946901294,0.010656119839,0.008683301603,0.006869443906,0.003397762908,0.001878292572,0.001060845915,0.000799906878,0.000669855106,0.000565360855,0.000489305598,0.000830147329,0.002558066293,0.005532951773,0.006537771036,0.007213268861,0.015441162618,0.041345044603
0.113387872404,0.153474421890,0.192497955711,0.151816388849,0.106375808108,0.067259197719,0.040583977529,0.018763307525,0.010784734273,0.007950432824,0.004087705778,0.002198808673,0.001725329198,0.001714399828,0.002575807380,0.005734479614,0.012012748190,0.016768110409,0.016549928066,0.019041788690,0.022556867180,0.023364170450,0.019355255453,0.026370112333,0.057937948175,0.139321108951,0.333580051613,0.492446287118,0.657589765497,0.524395961613,0.232678518045,0.066820664206,0.014665941453,0.015692155253,0.025640243275,0.029631659848,0.035116840936,0.025454375968,0.017175849089,0.008018047048,0.006181164176,0.007198280356,0.010614277211,0.009247696022,0.008090476452,0.009012087650,0.006941464407,0.004170653124,0.001940768022,0.001536271253,0.001393001402,0.001156523024,0.001558937930,0.006440251711,0.029400845884,0.050292620794,0.021554902256,0.011703529712,0.018053376478,0.048278795600
0.117290971691,0.177751155427,0.181216969704,0.118729071406,0.081397805598,0.045256117941,0.022757422642,0.008717258184,0.006307401324,0.008395941113,0.006543160687,0.002890174678,0.001988201967,0.002011019461,0.002764183738,0.004640397956,0.007982989949,0.010935452398,0.012016395981,0.018927425265,0.029096415905,0.033637588933,0.027709315747,0.029541806831,0.050111796330,0.095533656070,0.218862227441,0.411903023974,0.829525506919,0.569354703422,0.156796989939,0.027626217915,0.005283853056,0.004967098322,0.015215439888,0.031528135908,0.026046391309,0.007907785897,0.003089752788,0.003095548948,0.005435164098,0.008029640158,0.009206264881,0.006580648898,0.005809366230,0.008017659195,0.008490783069,0.005861634334,0.001991513119,0.000837131439,0.000433574548,0.000190885916,0.000262103245,0.003480283073,0.026213008712,0.064167332125,0.024651157987,0.006683665874,0.008877513265,0.034101671833
0.098702231739,0.257087897725,0.237333119875,0.117973529883,0.078961610546,0.038753030191,0.016717693066,0.004797246976,0.003510797986,0.005628855015,0.008477772049,0.006470935540,0.002876013390,0.002618126093,0.004018958597,0.005787205674,0.007549010249,0.009610584812,0.010400427493,0.017700761803,0.032520044937,0.050881898169,0.051266391648,0.068411745326,0.104561629560,0.140458489522,0.185175585794,0.241424922040,0.620077872060,0.836520278545,0.385708982174,0.057005487184,0.004363781972,0.001618292988,0.002994003473,0.010516578288,0.029591571383,0.020074055400,0.005318651505,0.002628497072,0.003112517371,0.004965735015,0.008202617796,0.007244233498,0.006838065394,0.008799519328,0.007937980404,0.005713553982,0.002497120665,0.001010322165,0.000436343269,0.000148033950,0.000170940368,0.000787743583,0.005003952348,0.039784476752,0.047046488520,0.020792256434,0.008109646314,0.019203433425
0.096331839855,0.261976175321,0.241739991050,0.071045178942,0.050122350401,0.048116679296,0.008209541406,0.001599476601,0.001788859517,0.004898976210,0.014170154570,0.011935221594,0.004032985469,0.003134883606,0.006123227984,0.007999426808,0.006549512998,0.007053467870,0.011973324611,0.027950591602,0.047426153187,0.064507544931,0.072840477230,0.122221082322,0.198559344270,0.178666680060,0.112895478626,0.080655754126,0.233340752387,0.775571767156,0.745766559080,0.077727545227,0.002814036555,0.000848362029,0.001835275530,0.007713483053,0.019933346986,0.008753923418,0.002518170849,0.001349395320,0.001559829523,0.003072651235,0.007847164550,0.009168640991,0.008693916582,0.008562096881,0.005724399988,0.004538683007,0.002952317311,0.001808637510,0.000816327723,0.000184988061,0.000304974098,0.001704499934,0.003880639249,0.005350209915,0.003491990473,0.007707960890,0.013188758530,0.026491151697
0.106496967695,0.259166198491,0.247238475829,0.092444414983,0.045258451570,0.026919440953,0.005247386030,0.001776547089,0.002177330034,0.005808136233,0.023019647588,0.024683106479,0.007091066347,0.003926683467,0.007750681432,0.010244500462,0.008117199325,0.009023213115,0.016594078105,0.041403732781,0.063827384330,0.083275734601,0.117998124118,0.212263819531,0.265672516173,0.162849374093,0.077586566926,0.054375829693,0.196762306200,0.774993236550,0.762552580318,0.089926247820,0.004852956842,0.001807032966,0.004018803753,0.014578898505,0.025225712946,0.006868149973,0.002021617972,0.001273430923,0.001330129363,0.002087061225,0.005861506805,0.009915155180,0.012522685102,0.011982612788,0.006776547289,0.005711959997,0.004418108005,0.002875025858,0.001051307108,0.000181899872,0.000290162270,0.001351535373,0.003245392800,0.004603118775,0.003357347471,0.009896776041,0.022028293493,0.035319381523
0.150417502320,0.240274165154,0.200535162984,0.105778087162,0.071214036494,0.044153897620,0.025650733828,0.016017041319,0.013199077579,0.013519668528,0.018186719211,0.014205452019,0.007915089690,0.005327664887,0.006685793793,0.009606679213,0.015060616903,0.031560149557,0.052183505464,0.084671096614,0.097374874806,0.124348471293,0.174454747152,0.283718170836,0.297228321053,0.208788779845,0.148171357434,0.124319069726,0.343367223732,0.759333433715,0.454217051832,0.074589217310,0.007767188483,0.004683698631,0.011767160591,0.036021297743,0.046079929521,0.011191030157,0.002813487463,0.001794178844,0.002000268710,0.003130000595,0.008309262336,0.014512451396,0.020653230002,0.022204041153,0.012182056331,0.008184613990,0.004516204432,0.002079598623,0.001509186215,0.001550224389,0.001781062909,0.001783131045,0.002299973466,0.003813330749,0.004858481474,0.012677940677,0.027600869889,0.056395084818
0.129976388323,0.219248357370,0.204532832196,0.147913691314,0.174457079605,0.155014022547,0.057203448659,0.017360701338,0.009721922013,0.011619220344,0.018681551210,0.018543823128,0.011339666392,0.006291323422,0.006526663178,0.014342207618,0.039884213161,0.079325986010,0.092684336850,0.130633354635,0.172944683427,0.253279697846,0.304719545150,0.318073554328,0.259315789366,0.234720546407,0.335889324705,0.342645368210,0.450650486953,0.380221120171,0.183119957792,0.074299546043,0.025290383147,0.023977228424,0.043460747245,0.076467860459,0.058777908916,0.012027927158,0.003159836178,0.002742664691,0.004426185239,0.008796325859,0.020662693534,0.027739754510,0.029878808820,0.027695717205,0.013334338975,0.006256725877,0.002372913768,0.001131340789,0.001451710567,0.001060156807,0.000895701897,0.001241894507,0.005086979369,0.017105011614,0.024310411219,0.036158512251,0.032448217460,0.046682160119
0.062507804705,0.221791630794,0.309614767235,0.224606637984,0.193363743192,0.119869265313,0.047494346876,0.016535499386,0.008400293047,0.009375561301,0.017027586589,0.024372450345,0.021432040116,0.011819569582,0.010214672562,0.019624340204,0.060876123901,0.150262111953,0.191717109938,0.192262694593,0.179609478600,0.229976946305,0.325801601973,0.448822543161,0.437123589816,0.352371166850,0.256373900161,0.144607055146,0.187167120950,0.279452626186,0.198442656938,0.069334182986,0.013214275302,0.008752902716,0.018975391328,0.062742807304,0.101032470859,0.039866309567,0.009006608347,0.005835189713,0.007696294218,0.013256631504,0.027930100278,0.032127391364,0.029674544734,0.023143788349,0.008570932879,0.002583086757,0.000759857152,0.000388950861,0.000459703121,0.000652710270,0.001574519708,0.003485436966,0.009288440612,0.012442765672,0.010695806099,0.008568974269,0.005428451705,0.010249062457
0.035159048395,0.204420707480,0.335793968004,0.206753591636,0.146406732724,0.071789935411,0.023389272167,0.006937905936,0.005061105970,0.008208261169,0.014757401049,0.023686990475,0.034537708777,0.034161128270,0.035526736008,0.045488710510,0.086480094705,0.195325473852,0.231620738372,0.196285283951,0.173139822306,0.282088233222,0.556074664310,0.565624953949,0.233811380125,0.115887072979,0.113286026467,0.105570922830,0.158080324398,0.219412876269,0.133759822384,0.036203438681,0.004435403688,0.001590834645,0.002804726975,0.023371898113,0.129103794064,0.078368377533,0.014927223488,0.010899976470,0.013267097789,0.019574381054,0.035752948139,0.033501180581,0.023800122107,0.010770210208,0.003082666859,0.001090209436,0.000779140293,0.000891592717,0.000825382609,0.000736753850,0.000569774510,0.000408271896,0.000396966955,0.000511507078,0.000586973949,0.000858371040,0.001075516494,0.003153339357
0.058107706597,0.209503508899,0.339218754443,0.226839787737,0.151907916289,0.073249687436,0.018967243340,0.006325610514,0.005047388635,0.010848815054,0.023009269762,0.031119309274,0.040516692151,0.047944353938,0.064405767858,0.094456818351,0.150569334887,0.267250859303,0.324466144056,0.361731514308,0.405782057980,0.476752008715,0.380482057100,0.213749014450,0.133859845130,0.124595305219,0.098293100736,0.061083230013,0.077810606942,0.129723454596,0.127202746982,0.059614191869,0.019705434358,0.013372878137,0.021309266772,0.046256156050,0.072822005666,0.047343375625,0.019824063888,0.020184411693,0.023198473431,0.028824898124,0.041326975266,0.030524381207,0.021086004501,0.010200220012,0.004431984024,0.001986103278,0.001281436009,0.001598365984,0.002478737685,0.001512403916,0.000750242156,0.000633765979,0.000917305613,0.002385108929,0.006373326737,0.010967412829,0.006222789038,0.011256727713
0.135997724930,0.349835378997,0.376356658716,0.182442702910,0.094958648959,0.060057866077,0.026580618892,0.014141051578,0.011243474771,0.020471202368,0.040072701243,0.053313224301,0.055632369174,0.054937061588,0.069003384981,0.100832470355,0.159308622196,0.291942484894,0.523199604224,0.558959720880,0.330912660127,0.212617752226,0.159460732456,0.146239437943,0.155036691684,0.132552279429,0.083111355284,0.040193192736,0.039664891887,0.054208553271,0.077737509698,0.078269478793,0.052497980701,0.034626005874,0.026404483307,0.024585092418,0.021633702057,0.017280473524,0.019133971860,0.033799614263,0.070183455849,0.094375575705,0.076519611812,0.033882935802,0.021182884044,0.015793162921,0.012876649222,0.007980058423,0.005041202311,0.004509533758,0.003453518604,0.001676958232,0.000975247802,0.001591140075,0.004490033840,0.003072477404,0.002195320880,0.003373278660,0.008439652590,0.028815947372
0.231415231608,0.435951927199,0.381644652469,0.189082747792,0.105177080177,0.085732384249,0.044630259856,0.026391668614,0.022531662611,0.044088379866,0.085917223096,0.094917607779,0.065867794159,0.069830677573,0.105537623818,0.161499164639,0.258064262589,0.371761784419,0.457416754443,0.400965347014,0.220696302068,0.143621882266,0.112959862161,0.138233124551,0.162455535643,0.123755600512,0.084670795009,0.046881754318,0.044060067042,0.050465200179,0.059288345466,0.051590342062,0.030409823261,0.023896999661,0.031683586243,0.041413109242,0.036620794456,0.022119785120,0.018505504729,0.034185007877,0.101482589131,0.154045591747,0.122247979805,0.054506973096,0.039507626915,0.031262216380,0.028110629469,0.018607016959,0.013996121764,0.012994935153,0.006296017743,0.002391393915,0.001629438253,0.002506921632,0.002867353558,0.001753762882,0.002719414020,0.009186749825,0.023480093152,0.067797282495
0.327444677553,0.434550306696,0.355905034638,0.197751461728,0.115034309334,0.101866995200,0.067619136928,0.048567717404,0.032306475581,0.036949926782,0.053665572614,0.070369649110,0.064712407500,0.084289182551,0.138736492487,0.218714486702,0.328472032646,0.399596859299,0.432871080932,0.350036959892,0.207218541328,0.169343678835,0.146648886038,0.108814641441,0.068000861973,0.039281351265,0.030695779013,0.027549384392,0.044447442097,0.063064513854,0.063068940068,0.045700106323,0.028332790472,0.027544832628,0.044080470810,0.068323857645,0.068439994507,0.040191648638,0.028281559590,0.027080235110,0.045274829398,0.063755905096,0.079696664396,0.073283727084,0.085946491528,0.079689068228,0.092126336457,0.067856056862,0.036677933840,0.013443837472,0.005757501546,0.003596646106,0.002151926841,0.001015837590,0.000830376857,0.001602761233,0.005485017012,0.022687249056,0.061444869975,0.143521385849
0.394989697620,0.359676769522,0.264212349968,0.165894824045,0.094954533121,0.074840347136,0.055956106847,0.057681270111,0.058186689685,0.072215197627,0.074270747702,0.060299094166,0.049676974838,0.076123228794,0.167666948343,0.297434938269,0.371001174755,0.366820829559,0.366627327617,0.347739721397,0.287384842613,0.244388169170,0.177350929985,0.143410248740,0.084532253890,0.036794592565,0.039759424086,0.045983367438,0.055113329375,0.053243891867,0.048384663151,0.041934093697,0.037431476575,0.041072648533,0.052948814546,0.082782471479,0.104875430353,0.091516099365,0.069485561967,0.033905395823,0.024625582607,0.025858835096,0.052866339134,0.090157747020,0.145701351875,0.150234018307,0.147553183034,0.093022673241,0.044533786086,0.014401366565,0.006641673844,0.003898381169,0.002117374454,0.000903058429,0.000955334002,0.003534614698,0.008922456333,0.036570532589,0.125351362454,0.257727149541
0.439230807570,0.372550710425,0.246272373055,0.134171827767,0.061738664920,0.037681274985,0.028840560279,0.041003063711,0.057826143283,0.070435729087,0.072358245689,0.067204937439,0.067150322995,0.091218256491,0.149204492900,0.244355910574,0.334151460582,0.344593770267,0.368930792682,0.350326159855,0.282573318224,0.255443627570,0.192939529040,0.149714780380,0.155842422563,0.105059672989,0.068299921071,0.061449615754,0.055724966893,0.041698885472,0.032323337224,0.036781197537,0.063195185890,0.108285693688,0.108808379028,0.105426940619,0.099245855779,0.081445742818,0.054999559912,0.033905003614,0.033852021445,0.037493333638,0.072561333442,0.114590889937,0.147181894975,0.127946704266,0.109928497197,0.081282534835,0.042944704455,0.017096669550,0.007956112431,0.003999458254,0.001880123619,0.000718883828,0.000650686751,0.003455119745,0.010909900140,0.036941634675,0.121745859337,0.263511029982
0.614800213149,0.504609108997,0.248056728534,0.086494186377,0.024689310153,0.011590031960,0.010020574722,0.019592053166,0.040657873862,0.063008483686,0.071094430753,0.065420464444,0.072501725839,0.101461028859,0.131022487876,0.166627199504,0.227197864444,0.258611681081,0.238346270104,0.223451025819,0.173856279037,0.111953570309,0.063646021438,0.079031703575,0.107083459039,0.073999004809,0.050215065442,0.036197472776,0.036453918368,0.031361380104,0.025027785640,0.031684550121,0.043868639602,0.059594317438,0.058910034102,0.064588879516,0.064534266232,0.054135456885,0.038018202380,0.023285482976,0.023791248890,0.030658030092,0.068890176307,0.102227216270,0.112734041235,0.071351244039,0.041240458289,0.032482829559,0.031895667876,0.019898385060,0.009805807404,0.003968339592,0.001462364516,0.000435888503,0.000233905377,0.000334563771,0.001472733577,0.011943459838,0.074019977051,0.261642003786
0.714728526616,0.570324168325,0.181409150512,0.039347966387,0.011232954838,0.006738890796,0.005399182893,0.009850480498,0.024403051580,0.056387987437,0.082260754008,0.069888006236,0.061250084233,0.071400106183,0.087970921526,0.112289406704,0.151834136196,0.139661124464,0.121811715471,0.129026278816,0.079138437582,0.037339535587,0.020790866207,0.026335454616,0.034685600450,0.039255804051,0.028661564192,0.022546998215,0.032767088332,0.055087863042,0.054232938071,0.037192316954,0.021305863368,0.021991138964,0.030581068681,0.043851558149,0.043308042398,0.030993508375,0.020948062012,0.019208579222,0.033020360268,0.043848902137,0.074012796482,0.070215494399,0.060493290899,0.032539677993,0.025058057245,0.030216679454,0.027689887801,0.021453328800,0.012881429302,0.003351420573,0.000735189650,0.000194240236,0.000123039607,0.000116843907,0.000304865936,0.002482850221,0.025800768198,0.184800791566
0.748172630730,0.568096928960,0.151479303219,0.030316037174,0.008851368372,0.006371066030,0.006569554482,0.011948341713,0.027143890430,0.059510072970,0.080687095702,0.065226811156,0.053862229434,0.054579252190,0.059911103322,0.074167731391,0.117852809998,0.128787782239,0.101529491316,0.067320602807,0.025118616836,0.009782296751,0.006942211288,0.011405702275,0.024186667326,0.044636582790,0.034720298128,0.027170446805,0.025817454378,0.038208323566,0.048755683985,0.041971542592,0.025636647808,0.023048368500,0.026673792507,0.038305771691,0.036024549752,0.022391311315,0.019599271025,0.016020992768,0.022996385976,0.033534053472,0.067794394494,0.069956220163,0.059493449172,0.033068131967,0.024427309425,0.027358142381,0.043268254044,0.060952279913,0.017272843536,0.002086389247,0.000512397943,0.000318134182,0.000388136925,0.000259675383,0.000144172332,0.000770081994,0.013083889471,0.156503645302
0.736197204419,0.601804124524,0.152245156604,0.025846686153,0.006218845874,0.005155725634,0.010444691975,0.028434978667,0.051654768694,0.071584987561,0.067504266174,0.050530629497,0.043709339630,0.040829125728,0.035309009877,0.047254160659,0.110085763486,0.150727195252,0.109109382326,0.053487176820,0.014188273583,0.004727247981,0.002890812563,0.003960782153,0.008957007475,0.027154694371,0.025596733924,0.015844487116,0.017991350633,0.036494428128,0.054073727009,0.040844713090,0.021202000591,0.021029753330,0.028562403773,0.047190333463,0.052415785214,0.025627265506,0.014578581420,0.011746844045,0.018256908764,0.029919385880,0.056374343600,0.047144593573,0.037656967997,0.030355467296,0.019582449360,0.017926958263,0.028890360149,0.060854689550,0.014238688217,0.002387283463,0.000577718109,0.000314084448,0.000293338396,0.000200934836,0.000098178357,0.000403163176,0.007869175954,0.123649570923
0.721723037357,0.600013504069,0.174708887659,0.031856310736,0.009229844440,0.008445152108,0.016294355504,0.044362303335,0.083743295479,0.109524073161,0.084536503592,0.039549392670,0.021807135676,0.016824252451,0.017550943087,0.038123026118,0.120368308902,0.175881228872,0.111635639543,0.054580672613,0.017836115797,0.003938698551,0.001541351137,0.002029441878,0.004509186111,0.013934299713,0.011991294931,0.009434164184,0.015425619144,0.029533274657,0.041443346524,0.038947438858,0.029859218736,0.036199564482,0.049108476952,0.089043094897,0.083238692982,0.052436102163,0.027298296131,0.018141400989,0.026263649762,0.038456736818,0.050738827109,0.027463007741,0.015546559497,0.009348531911,0.008060350159,0.015607439426,0.042391425104,0.094201871240,0.035605030868,0.005886049385,0.001167600522,0.000307761481,0.000125516295,0.000061258103,0.000052814380,0.000445281684,0.010666769667,0.140013059881
0.713033108922,0.597338038464,0.218162089577,0.045224936087,0.012675910270,0.011165805179,0.023406318195,0.062636298493,0.091734535058,0.090186801449,0.066346002233,0.040401332777,0.023776554854,0.018529549903,0.017863532400,0.034955455046,0.104326484086,0.144199257107,0.078204068489,0.038929821472,0.019765179793,0.004636830584,0.001031630320,0.000783813858,0.000909882766,0.002605780002,0.005039654233,0.012182002538,0.026757612553,0.041711802240,0.043472983607,0.032435672734,0.024194327757,0.039538526679,0.070589889889,0.127494540839,0.101967436363,0.066221597097,0.027024633636,0.010076577626,0.019321655966,0.055262970966,0.093666895553,0.041414868852,0.017525418563,0.010239093054,0.009035699280,0.009396395349,0.021449754909,0.112074114719,0.045763145572,0.006025461619,0.002326835739,0.001774589750,0.000661983013,0.000080351087,0.000050000000,0.000574706942,0.015764958579,0.159828650963
0.773569728916,0.546866295801,0.188646237398,0.034134919674,0.008288112762,0.008277368054,0.022575487184,0.069922105766,0.098224212686,0.071278251759,0.043351307810,0.029332450188,0.021041485366,0.024542385642,0.024318360737,0.031538014529,0.049260428961,0.054215353958,0.040327884987,0.025962551139,0.016252584970,0.007546258654,0.001631621658,0.000663255709,0.000473195466,0.000851711635,0.002607490847,0.014939457196,0.037079799040,0.048117752738,0.040962367114,0.034277268541,0.031474805341,0.053204656619,0.077259686519,0.090692451279,0.072247899769,0.047998622701,0.026180653018,0.018654456511,0.044753537680,0.102438484060,0.123900641639,0.039370333635,0.009086908248,0.003997549484,0.008190201824,0.020422650900,0.048896555947,0.133666184037,0.030171499003,0.004250912470,0.001192689875,0.000859232220,0.000646566931,0.000098021786,0.000050000000,0.000344641968,0.012762937376,0.166869519878
0.817622779859,0.480371008977,0.134648521851,0.024957977556,0.007457695879,0.008562011206,0.025102694463,0.081453584305,0.110366031955,0.059992243208,0.028173422774,0.022352027611,0.024677084850,0.036958574129,0.027433475676,0.019098654831,0.022763517847,0.034728086890,0.034286299429,0.026544009146,0.012414387530,0.003929062046,0.001929206057,0.001524442411,0.001080469006,0.001630203375,0.004089129888,0.021442173885,0.047162197061,0.050534112834,0.036230667292,0.037690162178,0.048386613025,0.084785109548,0.110249178110,0.062850133267,0.015184498010,0.009601700186,0.017082489937,0.032275344624,0.085851181046,0.134901840726,0.112223771026,0.025434829186,0.004078919753,0.005201298182,0.015850109176,0.030765796536,0.051316988946,0.119866049115,0.023917122167,0.001736730389,0.000284251048,0.000134389810,0.000116984742,0.000068441968,0.000050000000,0.000281188458,0.011843387355,0.190854872485
0.841042820175,0.493645348827,0.092681047187,0.012899732293,0.004071827723,0.006401007174,0.025473550055,0.098380032755,0.124421227769,0.052111842856,0.021007536756,0.021177619057,0.033904060250,0.049048566719,0.021625316122,0.008550032912,0.010567116513,0.025524244072,0.025409878901,0.018747701356,0.010924167057,0.006589917009,0.003858356751,0.002680073001,0.001674246455,0.002210202136,0.006146001629,0.028285437900,0.043705701752,0.043216483769,0.043737493680,0.052624642947,0.054111890563,0.076125159853,0.097904942752,0.063413807783,0.014527867789,0.005102704972,0.006075882655,0.014140601215,0.064653385812,0.169865963960,0.149318496621,0.017392682189,0.001140009872,0.001262666213,0.004285636779,0.012852581785,0.036730659697,0.097274060076,0.026940391028,0.003545308488,0.003294790202,0.005068187598,0.002746160155,0.000402544317,0.000054135327,0.000289779699,0.009102416593,0.172543430040
0.846968630922,0.477877448133,0.083191130006,0.006635688810,0.001314507038,0.003280205390,0.028062754023,0.144327221409,0.158358704241,0.051168635872,0.017411903869,0.015986031904,0.025372668894,0.046237012565,0.026229674208,0.008434990770,0.004779249437,0.005454597756,0.010455419484,0.015376071877,0.010580919804,0.006778888288,0.005165782697,0.004744376063,0.003657838213,0.004205871333,0.005727357737,0.017408274085,0.034258035710,0.055082371230,0.064709086031,0.058668548538,0.044880885981,0.057474353572,0.078588060316,0.076694407033,0.037583070755,0.009692474730,0.004632947409,0.008030441792,0.040169208343,0.131928011843,0.155357994718,0.026193102011,0.001645934155,0.000709299532,0.002051986880,0.004260105845,0.015309116319,0.069473423873,0.021183636692,0.002915879846,0.002117123354,0.004749309871,0.006236846358,0.001879049678,0.000367211982,0.000485300543,0.009857811982,0.173734050101
0.828183284657,0.519127918593,0.068271710389,0.003237173661,0.000408024855,0.000937284018,0.016598083371,0.162769570441,0.230173216109,0.062478722276,0.015767864274,0.010921265568,0.018621043790,0.040864608794,0.025714117900,0.007980090026,0.003512787730,0.003393208761,0.007287452389,0.014422234192,0.014764009103,0.006493109921,0.004925562218,0.005458855578,0.005977484275,0.010251391906,0.012968445441,0.024963948052,0.034262026614,0.058379884033,0.064502375149,0.040335600783,0.026916038577,0.041266002696,0.069252510978,0.095775437656,0.086858966010,0.027178451872,0.005324359805,0.004249800817,0.018001701118,0.089623943177,0.160713835130,0.039564096764,0.003324681208,0.001258604504,0.002847545974,0.004770397059,0.006790126286,0.024170621119,0.020109221618,0.011178413251,0.007861731488,0.007770737789,0.005308925216,0.001246209709,0.000210015511,0.000589820451,0.013866143939,0.174817165002
0.752699062155,0.628594687511,0.126431284043,0.009490101748,0.001435812434,0.002036778102,0.022840462927,0.192230962882,0.273342613322,0.068601196032,0.016077008517,0.009987601771,0.017141311254,0.047137199455,0.040844944292,0.011682393978,0.003656008694,0.003561414472,0.005491471163,0.008886356670,0.008538775662,0.006202811427,0.006500845619,0.010047849818,0.014927983745,0.021360105091,0.015764747100,0.022100655662,0.030843578599,0.053016493321,0.054397308436,0.038589541057,0.036354730224,0.063019888590,0.099624538973,0.156568593275,0.129634609556,0.030309255823,0.002872604451,0.001332364501,0.006669288264,0.062550524139,0.189778800856,0.060029740635,0.004751993561,0.002688401059,0.005681310463,0.007846847155,0.008889957300,0.024380948836,0.025252438007,0.006735443218,0.002213159750,0.003312213954,0.010310000194,0.011347256321,0.001835022497,0.000943603700,0.015871691276,0.149299925905
0.636788836684,0.723770868174,0.206754212990,0.025423875229,0.005713878984,0.005539657685,0.036599869537,0.249060354212,0.290896477498,0.058622791831,0.013515174094,0.010116813141,0.020980072491,0.057475518647,0.041148118444,0.010523064226,0.003443987475,0.003539595506,0.006914697153,0.013325676301,0.014645904732,0.009416864215,0.008816100412,0.013362432274,0.021625653242,0.031106008389,0.020432757843,0.020557051619,0.020169743448,0.030868803810,0.039178397324,0.043160677882,0.054205347636,0.083466092600,0.105340745806,0.134292890910,0.107411079907,0.028816629682,0.003112189624,0.000927550759,0.003147411899,0.032424555439,0.149534831669,0.065860612841,0.006416448273,0.004820215695,0.008475500851,0.009713012114,0.010312499680,0.016848641588,0.003436275834,0.000172719831,0.000056785045,0.000151295346,0.003142353804,0.022420554195,0.016067344498,0.003286944982,0.012544488730,0.105704846726
0.567415019361,0.755588085943,0.219141693549,0.028601044652,0.007095568549,0.007402564996,0.050208632430,0.312637096532,0.338907175677,0.069637597887,0.017037360520,0.013744587180,0.024666173581,0.044982511237,0.023543693380,0.005250300251,0.001564573405,0.001370139600,0.004909279146,0.019777969271,0.032252604397,0.014237720844,0.008195243300,0.012071443209,0.021195652133,0.035386396057,0.027091493474,0.023346893100,0.019213143428,0.027030459886,0.035999487093,0.040614588092,0.043492780886,0.055561794310,0.073759373931,0.108389174167,0.120754761260,0.038277142057,0.003097288556,0.000606283612,0.001730628876,0.018862008825,0.084193520781,0.038636386290,0.007976611089,0.010993135690,0.012870790204,0.010086332612,0.008870423898,0.013064716587,0.002955128876,0.000233934404,0.000078075881,0.000159839721,0.001161386568,0.004549285752,0.003785316919,0.002660973590,0.016632668986,0.097417585257
0.527195379172,0.741578454299,0.239525548990,0.043516979034,0.012248014873,0.009146909200,0.042530484929,0.265052427282,0.465627092797,0.121918712495,0.024677790180,0.013364082559,0.017998340875,0.033581509814,0.022978395989,0.006748298339,0.002216103004,0.001224304479,0.001732033985,0.006255446744,0.012475444060,0.008087515288,0.006078815685,0.009499319677,0.019145706591,0.039260344147,0.033554524189,0.029013580925,0.019157218642,0.020535542926,0.027255843749,0.035973805603,0.037685569923,0.044800588065,0.056858939114,0.091583765265,0.117928391819,0.049612394565,0.003886256800,0.000352796937,0.000649802285,0.006339102626,0.034046746507,0.026756269073,0.014543714302,0.020552923045,0.015496036083,0.007828852405,0.004152180730,0.007296933271,0.003527031617,0.000242172226,0.000060070664,0.000069935401,0.000250524229,0.001012805947,0.002066223554,0.002612607969,0.014814283643,0.087254197149
0.436650285861,0.722675936390,0.334753972829,0.074770223215,0.014211015571,0.005609023093,0.023303767385,0.217513255228,0.563245538014,0.165318907555,0.033958713569,0.016072264554,0.022759066473,0.043175584647,0.024163033736,0.005383232242,0.001700426684,0.000977911420,0.001095746715,0.003026955333,0.013115883756,0.020264622318,0.011796800611,0.010361325521,0.017925676622,0.029230508330,0.029342133402,0.028821441296,0.021959305417,0.023823245955,0.025275630722,0.031599093058,0.033182169567,0.040311493611,0.055114700080,0.084010297834,0.086782885372,0.037409655267,0.003033673207,0.000372153425,0.000287366416,0.002016878887,0.018455663358,0.019969381452,0.018189540075,0.027258237724,0.016828951476,0.006358161064,0.002653222885,0.003585622144,0.001803629259,0.000165593920,0.000051186292,0.000050495935,0.000123518190,0.001074783388,0.002858281469,0.001920620024,0.006921727431,0.064388789469
0.397191338465,0.685167730169,0.410468589501,0.069851315279,0.008146992096,0.003430571687,0.022557910747,0.252153175964,0.640242011804,0.186602707655,0.040009050710,0.019087003890,0.029195893794,0.055605416833,0.029574438776,0.006128199411,0.002001135557,0.001260613324,0.001649054044,0.005689859687,0.025528097283,0.030376817749,0.009963979780,0.007173585008,0.015595674554,0.032537418937,0.049279041499,0.056579292741,0.040593761398,0.035784298392,0.023100374997,0.017110037848,0.016458895024,0.026765784569,0.055217813195,0.097021393900,0.089448261037,0.046059445468,0.004171019552,0.000216127366,0.000177512327,0.001231592925,0.013177622158,0.024107212520,0.020894490792,0.026132583567,0.014001659923,0.004450449180,0.001940996906,0.003507290106,0.001393688782,0.000102276409,0.000050000000,0.000050000000,0.000137980829,0.001361727604,0.003967369851,0.002681818528,0.004175286264,0.057545001973
0.400830358279,0.648394506276,0.401498372370,0.065905550108,0.008080766797,0.004957323218,0.037028054653,0.298248281719,0.613649750827,0.201078324718,0.054455453282,0.029804589198,0.039878561360,0.063894055514,0.036567353534,0.010556297861,0.003725177520,0.002089214825,0.002234657898,0.004079084019,0.017440348453,0.036940767563,0.017484159258,0.009366048279,0.018596534351,0.030565973884,0.039460836008,0.058277481809,0.051493046947,0.036174828464,0.013321147741,0.006332072241,0.005909868151,0.014985467081,0.049551070145,0.111300774545,0.094108879249,0.041277442642,0.005024431178,0.000512913783,0.000605561380,0.003464255464,0.015931041660,0.016438438171,0.015134704193,0.019301033513,0.012537702864,0.004802766031,0.001945895273,0.001630005464,0.001102755576,0.000219576873,0.000053756590,0.000050000000,0.000096355564,0.000412647229,0.001414180143,0.001888093260,0.003783615870,0.052336810556
0.376540266723,0.569941249515,0.387731754923,0.096933559175,0.014241015001,0.005913422299,0.033164255568,0.250674642568,0.647182391676,0.255861510190,0.067704792242,0.037458822374,0.052332135247,0.085014179466,0.045824799049,0.012460852060,0.004560675899,0.003444375610,0.002715252745,0.003268151337,0.014387418538,0.048081233833,0.035661106305,0.013491652726,0.021835487070,0.034098558390,0.046725848896,0.057649641206,0.035587650309,0.015669179816,0.004153862746,0.001710725634,0.002050601127,0.009788987430,0.057287518333,0.155581521663,0.098850420972,0.032377286332,0.005250284396,0.002894732637,0.001103987302,0.004912010975,0.013567254568,0.008576882748,0.007772152852,0.011044346417,0.010879519489,0.005985173399,0.004270288407,0.006205676253,0.001662010185,0.000111642944,0.000050000000,0.000050000000,0.000079518790,0.000753209989,0.002518578573,0.001437671321,0.003243452566,0.046531837932
0.346927238650,0.541218591040,0.340595891959,0.079468674099,0.009963496534,0.004516909567,0.028169697460,0.222654966855,0.664757681653,0.322410889015,0.087371740687,0.048317436578,0.064255890936,0.095693313036,0.047960533134,0.011231580067,0.003531225917,0.002253663702,0.002125055591,0.003169944797,0.015980787550,0.064967596055,0.061222065755,0.019336899041,0.022597863121,0.030291628301,0.037724610236,0.052466720195,0.036588910825,0.016136091910,0.003773254575,0.000999735261,0.001103355663,0.006942168555,0.055375591660,0.202464694853,0.143471308674,0.037014204377,0.004101493239,0.001810829073,0.001097536189,0.006023781448,0.020037851344,0.011543445493,0.006158178169,0.007230793674,0.007731099260,0.005380735155,0.007227270559,0.009052636286,0.000912103699,0.000062706055,0.000050000000,0.000050000000,0.000119154222,0.001547814439,0.003674925674,0.001282116367,0.004416045058,0.046353429585
0.359449111059,0.505381423573,0.285201751832,0.062198684387,0.008293442812,0.003819370521,0.023185041689,0.188437764408,0.650966037329,0.398935658106,0.122029515883,0.060119439920,0.067464238604,0.099391143948,0.059352429621,0.015723822054,0.004232810296,0.001886692950,0.002174927758,0.006629351474,0.038935447265,0.092813984467,0.047131571067,0.016983020725,0.023756063574,0.040768047230,0.049794013434,0.057271277183,0.040143045398,0.023655695137,0.008244163330,0.002507244894,0.002188151929,0.011319482776,0.066764038363,0.178373075560,0.134128189014,0.037761050003,0.004805175880,0.001076288918,0.001198219596,0.006098950602,0.018002006713,0.012942354857,0.005950974365,0.004867973184,0.004962430460,0.003891626097,0.004287598502,0.005341527054,0.001087942718,0.000103953546,0.000050000000,0.000058833041,0.000231078398,0.003820561802,0.017636780760,0.008742830045,0.011436896899,0.072355611652
0.333664543874,0.451993566344,0.285604232646,0.096104965211,0.014487704276,0.004864483568,0.021050696856,0.155399808318,0.614849710592,0.479888136103,0.169050124133,0.080365213681,0.078884116048,0.105988902610,0.062925417539,0.016143594354,0.003964835005,0.001800759447,0.002385662366,0.011116171871,0.059807478920,0.071470265724,0.030542618711,0.014329636544,0.020017675083,0.035162825833,0.045995472573,0.057277228466,0.050417902079,0.035882909401,0.016021605472,0.005755013186,0.004426978811,0.016988770194,0.077351313021,0.170906896869,0.129524346901,0.038909375225,0.007300667447,0.002478026653,0.001116461455,0.005516866450,0.017555566359,0.015933903636,0.008095563414,0.005464451918,0.004858697943,0.003634383494,0.003861675952,0.006289981075,0.002468435177,0.000303526184,0.000073313276,0.000092338651,0.000557224792,0.006331350882,0.011662143825,0.006428267278,0.019767338102,0.094873797317
0.258349122181,0.428966847930,0.336952778719,0.155924967713,0.026963529669,0.006455145819,0.018713369351,0.119790400995,0.541187893689,0.554794581423,0.232108409745,0.120024470530,0.112224802721,0.119023853022,0.051672385475,0.008818919296,0.002859123770,0.003759145251,0.005349445958,0.019289812281,0.077401367506,0.072428129532,0.020069991745,0.008569228595,0.012529292970,0.026653150804,0.044320170387,0.058966241931,0.051153061307,0.034757597743,0.016460341246,0.005955750221,0.005072174073,0.018213026986,0.076069002921,0.187709255435,0.149369468630,0.036020991638,0.004498879657,0.001077300958,0.000627293482,0.003677056880,0.016012714194,0.017483528014,0.010005455468,0.007029932149,0.005581614386,0.003978007741,0.008447072925,0.021997218581,0.005616864167,0.000267567977,0.000060100195,0.000070817703,0.000523345317,0.013507073385,0.028672435506,0.009157631869,0.019940040688,0.076129542446
0.217347477094,0.434482126362,0.362538189396,0.183101268655,0.053199494549,0.013239368243,0.021233956535,0.079214501339,0.338469867538,0.587151805397,0.418725616547,0.219371870736,0.141534503432,0.101236646619,0.043005167752,0.009527847516,0.003619896782,0.008908018526,0.016188966234,0.028144411199,0.050040859397,0.067151745495,0.030832190332,0.006542477277,0.006433757989,0.017954898981,0.045939047463,0.075672333634,0.060760866830,0.030984461801,0.013225139816,0.005220995795,0.005228564818,0.018307487714,0.078439901050,0.196770095531,0.139701820910,0.040204032141,0.007544685294,0.001676135165,0.000575601639,0.001763888516,0.010276532494,0.014820808014,0.011207987357,0.008895692545,0.005783604891,0.003861140897,0.006193273977,0.015159142437,0.006307969346,0.000514230917,0.000099797447,0.000164847832,0.000740883425,0.004505056465,0.010183879712,0.011625118712,0.015249506022,0.053037823489
0.166872334176,0.408983208309,0.368198795405,0.157116297363,0.047374436068,0.011739375422,0.011650305378,0.031671135405,0.175566145943,0.550958332819,0.587845377522,0.272388558033,0.133224934970,0.084420502032,0.049648728636,0.018091259697,0.011873916140,0.013729730212,0.005698645717,0.004415724956,0.009531224806,0.038103526039,0.047414628475,0.011179672650,0.004166815847,0.012398585698,0.048543219283,0.093035337913,0.063258115945,0.021676826715,0.008911674766,0.004342277237,0.004276539030,0.012792180462,0.051133131159,0.158068426225,0.146041795748,0.061465854224,0.016393880798,0.004422553797,0.001610819929,0.001012923247,0.004278705826,0.008802224331,0.009805972681,0.008255988452,0.004739308698,0.002909183097,0.006365728790,0.026134220801,0.017010998610,0.001467298510,0.000176537918,0.000136203345,0.000321191014,0.002056172213,0.005365443471,0.007271284406,0.011024011784,0.034336131339
0.138071240856,0.395888609405,0.349049850867,0.129698233707,0.039174342582,0.009379103280,0.007515390079,0.016208823522,0.095832767757,0.436576629929,0.663445672963,0.341689199483,0.175340062149,0.106599961742,0.064278783406,0.024000154247,0.009506251469,0.003343801067,0.001741338584,0.003064782542,0.010454954623,0.029316577792,0.034585877620,0.022620202886,0.020227332485,0.014116802971,0.057858601696,0.107440061394,0.058431204767,0.012182564015,0.003532157228,0.002338691459,0.002740040694,0.008289031752,0.034658404446,0.119936043852,0.137370970520,0.084548968352,0.018827399159,0.002299958006,0.000231987772,0.000224399811,0.000787225448,0.002030628505,0.005834787919,0.010026291791,0.006948262053,0.006351122006,0.012487788522,0.030395377973,0.011344922147,0.000667195654,0.000112049158,0.000100875236,0.000228250851,0.001363062954,0.003049222133,0.003447484341,0.006783366629,0.024066567941
0.153460610267,0.381523925444,0.259645564902,0.085331814571,0.036338982881,0.014077013041,0.009873085085,0.011953648440,0.039201943809,0.211104890932,0.652243022852,0.567421800324,0.250469697106,0.083874551118,0.037659971876,0.019552940910,0.015269114065,0.021451185281,0.022874023237,0.017176149285,0.010280696057,0.019887239751,0.025738544659,0.028670600932,0.033649602686,0.018852589317,0.069897808869,0.103815691046,0.041217131824,0.006794272284,0.001616640154,0.001068325806,0.001568024357,0.005630957271,0.026508119119,0.089436966844,0.084173308976,0.050535211005,0.018538094015,0.003326702457,0.000507128082,0.000208691484,0.000451717995,0.000994924326,0.002410506054,0.005528805661,0.006050995028,0.004583656649,0.003976170872,0.006894434629,0.004606930987,0.000923561897,0.000294019412,0.000201841468,0.000254572107,0.000572156757,0.001392059654,0.002738697690,0.005185369263,0.020992866168
0.166516247072,0.346202452425,0.225030854376,0.077809241067,0.028924687629,0.011916420327,0.008319805490,0.007621742302,0.019094792640,0.111036476654,0.502415477744,0.700817027617,0.335749648733,0.096407725413,0.043057698176,0.032111297070,0.033809134669,0.031733780103,0.028260592233,0.026751679705,0.022150718729,0.025444646175,0.013159170937,0.013101887009,0.029190278095,0.025692862871,0.073884212825,0.092982166278,0.029910829488,0.004229110916,0.000930740075,0.000658234807,0.001167849616,0.004453209779,0.019370448066,0.057363125198,0.063271054617,0.040553103942,0.022385284026,0.008835489397,0.002771255846,0.000567645537,0.000352026457,0.000654601263,0.001195796236,0.002405240147,0.003861119010,0.002287143706,0.001342961189,0.001722232377,0.001261669924,0.000466101597,0.000170128252,0.000097428388,0.000155096052,0.000485116484,0.001488823758,0.002948552884,0.007755949627,0.033754116252
0.168995698915,0.364263325810,0.195675717770,0.056116636918,0.022369866986,0.012978391873,0.010024824549,0.006867451428,0.010750180234,0.053670289724,0.320900513015,0.752006581547,0.464051635514,0.117441963123,0.043030679882,0.029946002269,0.041436710701,0.050775789312,0.040880738754,0.025241404231,0.011232791398,0.006816354560,0.003389001458,0.005699443529,0.012990761931,0.026367605947,0.072770670752,0.073910931909,0.019371286559,0.002582570696,0.000602427315,0.000479700117,0.001000410390,0.004250063774,0.016491194434,0.041428933098,0.055819906515,0.034363483270,0.018237327574,0.009993324398,0.004178447168,0.001382582086,0.000363619122,0.000495348561,0.001008858515,0.001796487565,0.002377087977,0.001353265868,0.000856929396,0.000826308142,0.000305074641,0.000199463537,0.000123192371,0.000060419380,0.000060384880,0.000133111474,0.000702429064,0.002846331598,0.007251634854,0.023616280429
0.150517277041,0.358142011167,0.178839336251,0.037725683085,0.012354821156,0.010542870690,0.014361945976,0.009916382476,0.008784900873,0.026752533869,0.166785686620,0.677652848014,0.637879713567,0.161158002251,0.044182681073,0.023216720147,0.029656803600,0.036722053039,0.057512642983,0.056903208260,0.020396634901,0.006699638733,0.003141916715,0.007153095297,0.019727300346,0.042111659092,0.068035704737,0.058579407003,0.012069067580,0.001359207182,0.000305354627,0.000258092438,0.000682454585,0.003761690632,0.016803725926,0.036551346245,0.046181450631,0.029308850948,0.009552797725,0.005367153292,0.006159539406,0.003855443941,0.000609191203,0.000365092015,0.000745553470,0.001188282789,0.001431142123,0.000923031846,0.000514823979,0.000517830273,0.000291132379,0.000314162746,0.000186859123,0.000072988091,0.000055742447,0.000078745126,0.000311976566,0.001429285430,0.005761135924,0.024436887826
0.139521012683,0.297249002595,0.183037718184,0.051007248779,0.015467152765,0.010812169897,0.014824609735,0.010684775752,0.007575988075,0.015625175989,0.087063441218,0.548312942246,0.779434774615,0.211025256391,0.041442152974,0.016912824061,0.023377432940,0.033081072665,0.055992781174,0.063470057304,0.022800713149,0.005312725575,0.002761966458,0.006742440017,0.019768193509,0.064136332587,0.058103554407,0.046497189029,0.008436939580,0.000830453073,0.000221282836,0.000265835680,0.000615335268,0.002394167047,0.010640416684,0.025259296903,0.034749946104,0.025440149614,0.008526998206,0.004046057745,0.004329989439,0.002736168979,0.000484987495,0.000293144014,0.000647337732,0.001393574515,0.001725115554,0.001066136127,0.000327832418,0.000225761171,0.000172334489,0.000209225263,0.000173987931,0.000080012714,0.000056746314,0.000060386241,0.000171135133,0.000871919236,0.004541779888,0.024689227747
0.116672276205,0.268133259561,0.190967774683,0.060789046252,0.019422250591,0.012360119957,0.019974749209,0.020226914266,0.013674316956,0.014344240533,0.052646245033,0.401119616929,0.850756582865,0.310913570268,0.046966984597,0.010245385782,0.009273355074,0.014962487581,0.054235420671,0.070780709927,0.025560892381,0.004285679295,0.001764185311,0.004108512121,0.018589092874,0.059993514337,0.048666780557,0.038829465486,0.007766356675,0.000862732725,0.000229283285,0.000208138477,0.000355115313,0.001296993990,0.007489330807,0.024934572723,0.034226338217,0.024048287610,0.007710755819,0.002159214682,0.000766639891,0.000434375317,0.000258441883,0.000225336000,0.000515828947,0.001987666585,0.003368014123,0.002499688478,0.001172887072,0.000401172034,0.000163995748,0.000112397795,0.000118719726,0.000145676014,0.000249164553,0.000275046662,0.000210814283,0.000555494184,0.002799379399,0.015366585533
0.090293623688,0.258269778137,0.184066551863,0.055167914708,0.021673338645,0.020048615484,0.042178920617,0.035398989687,0.015398963836,0.013384849928,0.049826970894,0.382837595298,0.874200327545,0.303360600133,0.033637172945,0.005098799032,0.003408581587,0.005021398252,0.025167251964,0.072198988928,0.033481725226,0.004606685740,0.001296604785,0.002832216134,0.014704826319,0.052022124349,0.034267656630,0.031864022418,0.009075126883,0.001457832385,0.000391812904,0.000242008107,0.000263105564,0.000731602839,0.004730720313,0.023353079172,0.034236372839,0.020151544207,0.007267251416,0.002219578526,0.000700211531,0.000685930557,0.000996486153,0.000817475784,0.001164461870,0.001648250878,0.001662381169,0.004547324186,0.003989427761,0.001192713034,0.000477211757,0.000467472348,0.000714932576,0.001014442670,0.000884385742,0.000450897577,0.000172756049,0.000439073088,0.001683632860,0.007797174689
0.075186369330,0.257583948044,0.200533403593,0.066090727620,0.028714922912,0.028882806620,0.060155215666,0.049695882640,0.027721083251,0.028688918742,0.098744465202,0.504679656898,0.812064730339,0.272252616960,0.042310973840,0.007410394253,0.004073077221,0.004162299240,0.014225026184,0.066508935161,0.048061116546,0.003361622883,0.000384230292,0.000759022028,0.003970701555,0.016093564112,0.029322978106,0.029394303147,0.010266325648,0.002522993652,0.000898263907,0.000470442744,0.000337960718,0.000650094147,0.003418394886,0.019157212906,0.039637172581,0.032272704484,0.013057422988,0.002559273487,0.000705051118,0.000600224526,0.000522959765,0.000631837775,0.001303374356,0.002111843418,0.003008101927,0.009443717406,0.007125476701,0.002368196514,0.000652701713,0.000382968117,0.000365912953,0.000408138573,0.000432469246,0.000248548303,0.000243137652,0.000530139933,0.001410552119,0.005808371020
0.070822643237,0.247083195579,0.206887980832,0.100814952680,0.046159326503,0.028365464940,0.053151177942,0.055370885469,0.037545277386,0.045819747937,0.153089097752,0.644139409584,0.731056904118,0.196698190233,0.042797886233,0.011174207341,0.006961071121,0.005733648755,0.012464527662,0.068781110837,0.035032413657,0.001014822549,0.000136883780,0.000276790848,0.001374576274,0.008567715795,0.024110529051,0.029363186268,0.012617754745,0.004074624188,0.001669998298,0.000761976928,0.000436573939,0.000739121858,0.003802859191,0.021688122878,0.038824663269,0.035938948375,0.026637014847,0.012214831177,0.002213948094,0.000980824834,0.000530239191,0.000779985636,0.002284785224,0.003394714172,0.003776825711,0.005444602388,0.001835291961,0.000781440693,0.000765847973,0.001790909106,0.002913206766,0.003041119484,0.002271224717,0.000587296313,0.000384658987,0.000586191260,0.001204528390,0.005769571063
0.068565174315,0.278332126720,0.265750510035,0.121752697066,0.050726484765,0.023173310361,0.044488583533,0.069282676046,0.068186906452,0.101687778134,0.272328037052,0.700576605302,0.580007834232,0.157039729968,0.050219724980,0.021599291772,0.018351147228,0.013406413493,0.014577125554,0.047277581345,0.055697688009,0.003334947204,0.000174724562,0.000188523877,0.000482508823,0.003619327249,0.017405415919,0.033258679891,0.019499572105,0.006842725258,0.002320000896,0.000809180117,0.000429452314,0.000674039507,0.003185998590,0.024433249835,0.062449924182,0.051392739124,0.018338718047,0.010659478420,0.002478276898,0.000878303995,0.000461174998,0.001029718505,0.003339250872,0.005195694148,0.006644658248,0.004633306637,0.000851210216,0.000447247786,0.001095814877,0.006056170600,0.007090453395,0.003477013564,0.001968589505,0.000880575661,0.000739931728,0.000821632884,0.001259922719,0.004658895536
0.067615294306,0.266599924317,0.356479388627,0.174972295279,0.049877064379,0.020132112758,0.042587899670,0.086659404382,0.149760999530,0.307710219879,0.494306900263,0.561069415732,0.381234190786,0.183701792909,0.111652935126,0.054922055332,0.032874661069,0.017725062565,0.038085167144,0.072191953808,0.042022022334,0.009896711837,0.001302265158,0.000394253933,0.000450927266,0.002738474332,0.015980261173,0.035364677061,0.022424773596,0.007064210503,0.002044213156,0.000741011205,0.000518122105,0.000967827767,0.004569963304,0.034598004546,0.109189547157,0.138919728067,0.045165555591,0.012450322920,0.002415142707,0.000721753373,0.000564710459,0.001326364962,0.003244564135,0.006153576780,0.007012710141,0.007938070075,0.009878569043,0.014883503852,0.009659580950,0.005129909269,0.002677526640,0.001610753607,0.001763914760,0.001787912894,0.001534566327,0.001424241192,0.001913184324,0.006270928722
0.080824116405,0.283749044151,0.366726653910,0.166517778554,0.045053395024,0.022043061949,0.039712776102,0.094968786625,0.229366490556,0.512192298886,0.556026895264,0.383266626507,0.216277959213,0.119780514237,0.102915091094,0.073580129248,0.060333827421,0.051068306854,0.034592820357,0.020186747238,0.011890332169,0.006237267980,0.002391737467,0.000758116647,0.000495598963,0.002522046382,0.013938689328,0.029248857603,0.019012385101,0.005882478083,0.001756221291,0.000754160598,0.000682030925,0.001641940837,0.008083009051,0.066830562335,0.157613756486,0.144327772407,0.068109758288,0.032976437750,0.004471866766,0.000717156543,0.000797321264,0.001763704263,0.002822087604,0.004256075004,0.007645694742,0.017284268116,0.033398005457,0.050807030325,0.026583167693,0.007552533634,0.002571004433,0.001873101680,0.002306484851,0.002400256990,0.002309061646,0.002528704568,0.003323607927,0.008723072759
0.133215113046,0.407554708153,0.382701373017,0.102309141726,0.029949137876,0.024983682113,0.067084211312,0.178733001444,0.348800947160,0.495310245405,0.419927514139,0.318822305261,0.247559579260,0.166226163194,0.133602825201,0.084168438194,0.065439614896,0.036813932522,0.019310684864,0.009511039801,0.009424696700,0.018639252096,0.024204944648,0.011589884283,0.002047448430,0.003431135488,0.016322754149,0.030855119382,0.019559820532,0.005815448854,0.001673253920,0.000746926004,0.000767969055,0.002564759921,0.012809869267,0.073267677738,0.156903554532,0.139772266993,0.056910759869,0.044795599703,0.034090994753,0.014681773274,0.003525986152,0.002309193947,0.002517358290,0.002555373630,0.003677058235,0.006144529595,0.010863733687,0.023584600003,0.015781937529,0.005806174461,0.003345006968,0.002954642458,0.003199210079,0.004203289940,0.005566649477,0.004426100408,0.004607329564,0.015098999515
0.178442941984,0.464917195825,0.329501107436,0.071018002993,0.027902558834,0.038938999787,0.132009162635,0.308949124557,0.402095443882,0.368575613789,0.283140869820,0.274514100316,0.337766152850,0.242156361714,0.122256459158,0.042771247185,0.024915526751,0.019028146979,0.031173703209,0.079117440097,0.087497495868,0.026159271580,0.003736423608,0.001494347292,0.001800872261,0.006899091481,0.018138677920,0.021257107948,0.010809727409,0.003192033577,0.001142803269,0.000730456381,0.000925543084,0.002593064594,0.013191865877,0.102171821148,0.232280869429,0.202313466124,0.070178919157,0.026293531790,0.011115224139,0.008805107827,0.010463781259,0.008220264607,0.007243184584,0.004126634682,0.004215312408,0.006091049278,0.007361131252,0.008147852839,0.006108176681,0.005326490685,0.005108631420,0.004420964973,0.004653116946,0.006211091164,0.010671574844,0.011806773935,0.009395884869,0.028338897581
0.358445848621,0.407047477522,0.241194649693,0.100798552216,0.077833848336,0.105561357430,0.190986964810,0.228379539660,0.257135556963,0.352133659203,0.432261702626,0.376624654049,0.247028085399,0.103317113302,0.061860273132,0.044999271101,0.050888133836,0.046287141009,0.035668075469,0.037329582890,0.024561336407,0.014607846045,0.009725629290,0.011861697148,0.011324188142,0.012508974866,0.020729772684,0.016210816147,0.006572983104,0.002013871362,0.001059859646,0.001033008667,0.001595499998,0.005118939590,0.025525016686,0.152517210357,0.245659489051,0.170051123204,0.079849881365,0.086267923100,0.035280395562,0.007189729167,0.002155421861,0.002953951203,0.004797476597,0.005157701244,0.005393240773,0.007944710782,0.010481179321,0.011355078691,0.010196613360,0.009961213797,0.009619768209,0.008245075543,0.007757421366,0.007049937154,0.007325931307,0.013626968288,0.052215476359,0.124781721285
0.393429981427,0.405869134710,0.246266990418,0.103411610274,0.077780236818,0.116822998990,0.232823530876,0.280425089751,0.274393353261,0.306568544642,0.338124319695,0.308046118939,0.213317799182,0.090354809031,0.053662099861,0.040767102492,0.047933260021,0.043876358114,0.047398980049,0.034311150016,0.013690636214,0.010142918692,0.008382522212,0.011721344464,0.014009368381,0.020398623629,0.024573982821,0.012817813300,0.004105616387,0.001587772635,0.001361476188,0.001633988703,0.002529980125,0.007080341299,0.033913360769,0.243469749825,0.328640166434,0.205638245834,0.117138445349,0.108116188857,0.042235064854,0.007528195994,0.001825012027,0.001820931415,0.002774745111,0.003784367795,0.006162216237,0.009528542658,0.013433046699,0.018227803343,0.020412614289,0.021450126055,0.019367396510,0.013966340903,0.010775812807,0.009194557974,0.010706273772,0.020607823603,0.062367481893,0.163245178515
0.350533591466,0.391575179540,0.290342142386,0.122414362865,0.087215032246,0.136805201043,0.251886835415,0.291031524011,0.289456665318,0.329688151062,0.295234941539,0.180545244715,0.095312241945,0.047520141124,0.042756996229,0.046080858826,0.055385186333,0.042012915350,0.050353215114,0.053934160929,0.022675829295,0.015025134700,0.015718795361,0.025193565246,0.023620609387,0.028351067549,0.025358527873,0.009895575383,0.003224958194,0.002115414470,0.002636882268,0.003272147732,0.004897659280,0.019052490731,0.079118939432,0.386230137046,0.418499068486,0.265933324512,0.142734962173,0.058002635819,0.010503294105,0.003188751266,0.002305426849,0.002258709927,0.002932410150,0.003923295147,0.007070122338,0.011072644330,0.016035869365,0.025624427529,0.038575480348,0.046536148765,0.038567543172,0.024101674668,0.016455361630,0.016941991560,0.032908975499,0.068806019082,0.124003412782,0.186051398354
0.364115128213,0.373706822468,0.252174731698,0.108194965274,0.078690612242,0.122156111145,0.213115768861,0.265747536827,0.284750559359,0.289636904115,0.170846781617,0.058550446842,0.023201438617,0.014586889227,0.021706237974,0.034015996309,0.040515805076,0.026934573930,0.013008852163,0.014475893044,0.029858063765,0.036619272650,0.028087371182,0.017145694648,0.018443648845,0.029683084864,0.024987458146,0.009076248175,0.003905194060,0.003766639803,0.004925340483,0.005696577799,0.007740236244,0.018327651527,0.057993757627,0.383651271423,0.600751362817,0.254783864691,0.116996591741,0.060543736873,0.013733810896,0.003516708437,0.002697375149,0.003046603125,0.004278635965,0.005563082488,0.008966350211,0.012277676260,0.017651288082,0.033220726148,0.056152903908,0.069068077404,0.049465380507,0.025384746167,0.018053441338,0.026237009067,0.061873492631,0.115054974555,0.158234913809,0.204851607912
0.365314514257,0.438790437331,0.343480775226,0.158640515489,0.107307620456,0.126201869057,0.155125495342,0.173952248464,0.197162268395,0.203174076307,0.117631439610,0.030040691870,0.008145036883,0.004558960783,0.007136511625,0.018090117460,0.033749043763,0.029668330939,0.017132060432,0.014783215572,0.023889695060,0.034313524136,0.031001805299,0.022568368809,0.025158600803,0.035506889804,0.030277048307,0.011768208323,0.005925006565,0.006424092666,0.007808209375,0.007871746783,0.007843090197,0.012872125358,0.043870112705,0.376866687835,0.609520238505,0.251701033976,0.076741120418,0.035975475134,0.016994835909,0.009734071888,0.007779507350,0.007127935346,0.010450580442,0.014609490155,0.017778616446,0.015022481741,0.015588344016,0.029412754324,0.061918208614,0.101203676899,0.069582722327,0.031516480843,0.023304302977,0.040107772075,0.089428534224,0.140640462725,0.148274113044,0.191598056497
0.512071138446,0.602734193658,0.390687373372,0.166280783998,0.111938319638,0.116819838334,0.102301677395,0.083813254239,0.101484007438,0.142934990497,0.119675977348,0.033839443787,0.007557671539,0.004394859024,0.005917628077,0.012571830971,0.028995169348,0.046981699181,0.046736070529,0.038147708607,0.052584054235,0.071886102127,0.064377650346,0.041180275552,0.040902680614,0.056400878616,0.055171593926,0.018664364733,0.006538275407,0.006445923277,0.008108815182,0.008670501208,0.008194287365,0.014979744928,0.064773258817,0.372015802255,0.434319844851,0.226586633094,0.076658686678,0.037911223206,0.013254728885,0.007205402476,0.007226050450,0.011056937568,0.020375890528,0.029644791037,0.027246940608,0.016201770613,0.013323527815,0.029342809393,0.078198547157,0.137898625895,0.085846701503,0.037827181832,0.028446199718,0.051470604668,0.103966890234,0.139976600392,0.145122121073,0.248273732435
0.653770843075,0.661391656250,0.363421699766,0.146085160782,0.092613359029,0.074992076589,0.040410436314,0.023038631434,0.036077639089,0.084468787076,0.103839618920,0.044519772448,0.011124338851,0.006246976796,0.009885093092,0.017735224510,0.023756785222,0.027866660287,0.037177100486,0.046019177134,0.089439071870,0.144709198730,0.113988709936,0.049170630319,0.042823417120,0.059888832652,0.057648330385,0.031890785577,0.017036999960,0.014479678910,0.012883115625,0.008726569650,0.005817380122,0.010536426840,0.059009742177,0.372870390543,0.400240496082,0.179731346192,0.034277303530,0.015617967060,0.011125602798,0.010445274389,0.011649155229,0.019374475063,0.038091449936,0.045292249334,0.023693150240,0.010141952859,0.010058694497,0.034927256724,0.100413792945,0.140958219709,0.089631854255,0.047248883886,0.035309051827,0.049243144862,0.070377267528,0.100631195132,0.137794603885,0.313602022593
0.780359128781,0.693390239288,0.350445746093,0.135646889212,0.075160032718,0.055367918285,0.025085333689,0.012557274610,0.021534728999,0.058194521811,0.098613605528,0.082351009667,0.021572196304,0.010344251785,0.018860610161,0.031148069117,0.028005389427,0.013305999287,0.011076761414,0.042176386221,0.154561815621,0.219733475123,0.152722134980,0.060223780281,0.047189820251,0.046070145232,0.069208040817,0.067582593300,0.051944909276,0.039645710862,0.020380891768,0.008958252602,0.005020879753,0.009189271417,0.065054784166,0.398883822984,0.302398837857,0.118586361635,0.035044385621,0.019685406556,0.013616850343,0.011404001242,0.013574693398,0.028102678163,0.060169997826,0.053491383327,0.019308509470,0.007168821342,0.008969082753,0.032166374188,0.096631641610,0.147040730122,0.106188867137,0.056900810485,0.033388718345,0.033744924843,0.042357159538,0.070526719076,0.133449705531,0.354409182835
0.802121352211,0.700528795843,0.328944115051,0.134734650887,0.068809437590,0.049517238690,0.032246360035,0.023212495810,0.042169833847,0.101264905644,0.154722446934,0.084953511313,0.024777588174,0.017536336284,0.031037292336,0.047485929685,0.037389998782,0.014030427424,0.008065779330,0.038844675159,0.160196842522,0.209768113704,0.145741890860,0.068703159367,0.056904035142,0.082939112112,0.138331562904,0.132730880062,0.077841717825,0.040881715344,0.021430523199,0.012312470528,0.008270105148,0.016438680620,0.090138109559,0.304969415334,0.183520823510,0.076295768463,0.029313668078,0.019320650076,0.016140137226,0.019025035690,0.023612892002,0.037237048460,0.058156693096,0.047359982794,0.019531835493,0.008232778189,0.007267341835,0.025793845177,0.092437291006,0.135798111412,0.076816978813,0.031806003543,0.021216379621,0.044174907518,0.059380438618,0.055369800800,0.107377844491,0.350742744832
0.703625070686,0.678906224548,0.362568916520,0.167424619834,0.079435227671,0.062718306815,0.057352924055,0.050939024567,0.085889026520,0.160114131690,0.203283660749,0.093614741531,0.029912240605,0.021436916317,0.034796593770,0.053078663863,0.044772352938,0.019115598463,0.016569895177,0.080876628153,0.101671730820,0.115659960159,0.138649718879,0.106328562069,0.103072028624,0.138039171098,0.188095077527,0.142398841570,0.067436074987,0.033434071227,0.020663260203,0.017097572083,0.020423151700,0.039850450039,0.120920372953,0.216286527383,0.141823578989,0.075082158250,0.025373829152,0.013124324413,0.014257755284,0.022759129236,0.031712559348,0.052143349839,0.077597022846,0.058238400657,0.025584387644,0.011296194852,0.008080017999,0.020517297878,0.074535215018,0.111218829394,0.056767061219,0.029230897969,0.053615821422,0.070267480242,0.050622418946,0.043354224529,0.074807437801,0.276797825166
0.641405234656,0.700960864552,0.376448514207,0.191452661817,0.121728330140,0.093186193883,0.080927151516,0.086221723477,0.157362219973,0.215162557234,0.191659610349,0.085944663796,0.038472395729,0.029607099523,0.039398068590,0.056008830978,0.054938304679,0.032188817407,0.026090959889,0.028972424604,0.047186352321,0.109020734282,0.164251285749,0.175872130256,0.168790066231,0.169722002030,0.185098123197,0.147556062926,0.090278334844,0.048966688324,0.026077460256,0.017202996388,0.016685819145,0.039913048691,0.121168560907,0.250265181348,0.198074958701,0.093441242472,0.025355767293,0.008464267482,0.005684931449,0.008730581602,0.020941565740,0.048215609017,0.083839938984,0.076819345259,0.039379374122,0.018850715993,0.013895654988,0.020090326408,0.038831925804,0.065257941669,0.044274382477,0.021086386182,0.019712244909,0.033628329869,0.071196862176,0.094857862292,0.089469781351,0.236935296477
0.499759062457,0.636391767626,0.395587859087,0.225347157982,0.165378007776,0.103246089992,0.072275469925,0.094096923181,0.220917439487,0.273195077336,0.194562786008,0.086268518756,0.044189300470,0.038011516706,0.046311768039,0.062777233744,0.073651896037,0.055264927122,0.043604816909,0.035364811364,0.043149833755,0.095183578516,0.180747847908,0.264412925380,0.248055802331,0.176077912925,0.156942759640,0.155502847797,0.134000957739,0.070946765410,0.027554404846,0.012118308354,0.010199398434,0.026243149620,0.109997250461,0.324732992949,0.273379479171,0.107595941825,0.020353718011,0.004360626145,0.002427982834,0.003566067456,0.010867908584,0.032410819258,0.064238099925,0.081461848141,0.054979923768,0.034549892878,0.030984462900,0.031023825646,0.023530890296,0.021357240360,0.013460682537,0.005163370422,0.002326237613,0.002946929073,0.018896956619,0.106749562386,0.172323302815,0.225425804423
0.453102302134,0.615138133989,0.354650970544,0.210855268358,0.210314182451,0.158909995880,0.102333974302,0.109704969690,0.183446915447,0.183898724476,0.171419736802,0.160736557365,0.114665918385,0.068178405594,0.043388814986,0.046479951601,0.064685399615,0.064844455815,0.072845546572,0.086163580847,0.099745048580,0.141329803901,0.200504200982,0.310154522315,0.261332491609,0.186107984947,0.154730851126,0.128007823272,0.089598695261,0.046423911441,0.018778141131,0.008600910712,0.007249909007,0.019817540746,0.096895139981,0.357112091294,0.317309954155,0.096336343194,0.015796854046,0.004615698885,0.003615994372,0.005258114253,0.011675917756,0.025427271814,0.048330324400,0.079378021148,0.070082182060,0.049146196338,0.033938720569,0.018561759326,0.008454354962,0.004441248788,0.001920290072,0.001129437218,0.002527580123,0.024104215064,0.088153690552,0.059887002371,0.050076156450,0.143078631218
0.441598561588,0.431292056152,0.192027573346,0.127249518263,0.210664998721,0.221428685843,0.133084349190,0.123136397950,0.136561063115,0.099602807476,0.131256881260,0.239706116181,0.224712442997,0.093891876023,0.035499406192,0.025933462056,0.037535297506,0.046944337475,0.097723838076,0.130036060397,0.142823434973,0.185148815793,0.232668570547,0.318369684330,0.222665925378,0.135147228286,0.112056747654,0.087371806235,0.065681579821,0.053721096273,0.021143875187,0.004919308461,0.002737682586,0.006472641244,0.039761977604,0.372520412664,0.584986348224,0.105361803392,0.009229198570,0.002957461523,0.003392043828,0.005816620405,0.010284777117,0.021303680364,0.047164867004,0.105430245435,0.123588049884,0.069497415794,0.027644557662,0.018092530926,0.010217397603,0.004658116296,0.002427053845,0.004658691617,0.016226939383,0.040590110516,0.027527327299,0.015337457597,0.028553410113,0.137189331031
0.498296945976,0.407294844546,0.173716423955,0.107637713319,0.130587948025,0.151348586496,0.134627568944,0.130582812529,0.129587409176,0.095374191561,0.157618779812,0.326852661177,0.298103078984,0.082279541559,0.021302582668,0.013948300615,0.024901763349,0.041369553681,0.075131334120,0.096703987758,0.113303860864,0.159789136209,0.260639998788,0.369254841185,0.227206646713,0.134258582657,0.118625397296,0.084747724048,0.051448564502,0.045979613986,0.033150806369,0.009670897179,0.003028905653,0.005915492769,0.030378809772,0.285383531338,0.682061345475,0.160564864223,0.010691229688,0.002972723070,0.003741004193,0.007059509010,0.012377867677,0.023707906961,0.046199875725,0.097320693724,0.117789252684,0.085556453099,0.058749916154,0.052590510976,0.033392617341,0.018980655377,0.011980247911,0.014848122594,0.019956142618,0.018621647562,0.011439775205,0.012935969922,0.040458992338,0.188279579608
0.601046138265,0.577254753632,0.206604336138,0.077950066497,0.074179736734,0.120848926821,0.126618842955,0.081185287426,0.085272270779,0.099871675280,0.239025666730,0.437945936872,0.261987816238,0.062321149197,0.017137153413,0.009298204260,0.016845041187,0.034166243875,0.057728009705,0.064140307101,0.074828589777,0.100850778424,0.188322272198,0.341370613340,0.259392735048,0.174799586899,0.168119039442,0.139004276856,0.080872436931,0.056827628858,0.042476076235,0.018028533278,0.007095778413,0.014749441313,0.067876806972,0.352737217198,0.526965365266,0.137249615781,0.014790977417,0.004813174537,0.006044516562,0.011042638372,0.015938155634,0.021014744961,0.028580567637,0.051008023164,0.070783387795,0.078025009718,0.068105966040,0.074074087985,0.072116575775,0.057752081592,0.022476415204,0.009158026222,0.008380537506,0.006177265239,0.004295398801,0.006242904802,0.028621674893,0.171598636718
0.526864917491,0.655388237135,0.317742615102,0.124280936246,0.082123129541,0.099239026807,0.100206338095,0.074385396858,0.075845974700,0.112849347129,0.278916763396,0.387927153068,0.163073079742,0.051391860275,0.028376034126,0.020272702305,0.025026801251,0.032499056794,0.037568812920,0.045554973463,0.073120665966,0.121348507215,0.190079018338,0.230241317414,0.185934034123,0.172753139755,0.228208133660,0.255030930410,0.152018599180,0.074315464419,0.039113510886,0.017687703753,0.011287925488,0.029371650933,0.104171842663,0.327959063230,0.435374966974,0.184697002532,0.041255849586,0.016229911370,0.014761443347,0.018720085248,0.017577300570,0.015390344823,0.018994086341,0.036462257232,0.063721479755,0.099945135184,0.086787086697,0.068334017542,0.062205060411,0.028596241230,0.009618358004,0.007900920503,0.016978061413,0.025088191101,0.013942445204,0.010344529177,0.027754741178,0.138190330558
0.328417882281,0.574476998096,0.419745798327,0.175815874378,0.083728237049,0.067032795956,0.046071677036,0.036157953497,0.044178432517,0.080332279334,0.244762296896,0.382635085385,0.155162828454,0.045170436878,0.025078291742,0.022003900952,0.032200893932,0.039537069096,0.020452331559,0.017541040447,0.038913613251,0.090450997825,0.149240262526,0.187936671145,0.166837382884,0.172973656788,0.270570422483,0.299773437803,0.151856613801,0.051978727282,0.018405203792,0.009816413778,0.010866448165,0.029477629612,0.088229386728,0.309799518419,0.367138234971,0.137644574167,0.025043485611,0.011329039678,0.016721323960,0.031970969508,0.024393373572,0.016685512536,0.018942556450,0.032118479783,0.047231466529,0.076501641283,0.071452085527,0.042245966981,0.012158969954,0.003465248256,0.002205126329,0.001572758266,0.003198305472,0.025522952483,0.046892718822,0.025504683665,0.031947772375,0.092219845346
0.262720347065,0.602973114073,0.392310599139,0.127861750301,0.057524378878,0.061714331771,0.063711185202,0.051328424526,0.048702762887,0.058426587250,0.142356473574,0.363173027677,0.271805378379,0.076772831186,0.018805522717,0.008372077605,0.008427047502,0.007389830115,0.005623954913,0.007189570731,0.033009886292,0.113329766056,0.215164536179,0.229215497255,0.157892656816,0.132689130814,0.212221658826,0.268518811490,0.173178980895,0.065355302111,0.028157430309,0.012886145813,0.008489039300,0.017871898896,0.063755997983,0.278982921918,0.408668587403,0.084159295942,0.008639557054,0.004722726956,0.007840070742,0.033864724550,0.074949004570,0.041861768357,0.021316902758,0.025672218657,0.033978000171,0.037277423987,0.032939160370,0.031030839816,0.007780618736,0.001063571101,0.000343102819,0.000383299716,0.001068721816,0.007892725015,0.040736718936,0.046020658596,0.034595317762,0.060180598616
0.310055772453,0.722261645865,0.371435808724,0.092771306325,0.036767579260,0.044082275646,0.066309413989,0.073235667018,0.080032736263,0.076891961781,0.114367084845,0.230941292961,0.257126743994,0.120270039894,0.024404292417,0.005218650961,0.004499730922,0.003284977628,0.001992069771,0.003926608746,0.029103002308,0.095787701904,0.190154412972,0.199631852141,0.119765076048,0.086772258564,0.160153825301,0.240797390609,0.192532950360,0.090743557527,0.066509068181,0.036593890169,0.015867122847,0.018374706008,0.067193117763,0.306105598388,0.420653639864,0.055914951354,0.006309220232,0.003645421213,0.004371050802,0.016531283832,0.084882401454,0.095055333514,0.055703612715,0.047404144345,0.058436543496,0.057049094237,0.027374115970,0.007162498177,0.000524185724,0.000189491270,0.000205056403,0.000674396509,0.008355694231,0.044029708697,0.032622477463,0.021717065644,0.019592913630,0.053342403159
0.303697289264,0.650188413271,0.377008771190,0.107908164191,0.041685469336,0.048218711255,0.074185348284,0.054573705412,0.064395808595,0.082214861374,0.110371386260,0.167881974163,0.206933558247,0.126685229401,0.036799682148,0.004916194541,0.003007210564,0.003870330138,0.011310138316,0.019644277940,0.039813628626,0.075900635601,0.159823964793,0.168792652184,0.142173120076,0.126926870510,0.170302639272,0.215857438736,0.171723710532,0.089207798710,0.054997321138,0.027937840640,0.014345538401,0.020779092018,0.079043051074,0.345618420981,0.415606864347,0.072286524237,0.009402020462,0.005127334284,0.007884251027,0.049072533128,0.094896839508,0.124687236591,0.159727382502,0.110050925851,0.070934448236,0.053514302082,0.025708390370,0.006316556900,0.001353696642,0.001106036913,0.001978164868,0.010161379714,0.032176442130,0.058414444218,0.067127024693,0.066645844286,0.039618601104,0.055776435171
0.236702450970,0.564307923263,0.507831943768,0.201323709181,0.068611222610,0.036814106388,0.034135546856,0.050573847951,0.106865054377,0.145008342340,0.144948039979,0.148823041805,0.144748537171,0.082604728430,0.042850438442,0.015925637766,0.013036728425,0.021223056071,0.038922976929,0.053115332377,0.136245241715,0.184989514283,0.182841094307,0.198792032989,0.271319257073,0.212091384481,0.135467748399,0.125373502593,0.145896471815,0.161393795707,0.120784642593,0.043191114355,0.017435862893,0.021102225084,0.059517391842,0.221331978126,0.396637260165,0.202560495523,0.041791866585,0.016007672806,0.014927049830,0.020435462319,0.029898227384,0.070211419221,0.143142772120,0.105505531120,0.040442340985,0.021606568498,0.019697450476,0.022575579345,0.016242655743,0.014376282769,0.014881979672,0.022427281020,0.039581125161,0.067113114928,0.072270882081,0.052174250015,0.035500594194,0.054824217553
0.204149581993,0.481201247686,0.561618855842,0.361233977911,0.153230871754,0.059123794711,0.040168168611,0.076205633213,0.175590648595,0.177332173314,0.094817900823,0.066977077962,0.071248312888,0.085283545546,0.111671937393,0.100081888936,0.076044314634,0.066247386383,0.081772579893,0.123155710750,0.169032074992,0.129499901562,0.135202664716,0.188650768401,0.272490904507,0.203926002182,0.112580992267,0.101662208865,0.164468925798,0.234775961218,0.163707943476,0.062713368839,0.032275719755,0.038499409461,0.078791542228,0.198245139726,0.352325047931,0.344883170760,0.145299242065,0.052141467839,0.033154123058,0.031357988614,0.033414286741,0.040911076493,0.055483913402,0.052580068483,0.036336894891,0.033235628253,0.040535396215,0.036450654476,0.020340895468,0.014815918196,0.020832672346,0.032680964516,0.040102788859,0.038555815229,0.026317526939,0.017678193073,0.017783455222,0.048114951455
0.191748930957,0.424744286801,0.567296960987,0.372583045894,0.163443631755,0.093647172801,0.095567734659,0.155446949339,0.192632697567,0.122275936131,0.051069800577,0.039051361405,0.072888109369,0.174393799768,0.237755776851,0.286935964087,0.230790416733,0.157290946436,0.151548109295,0.186734609549,0.196286740808,0.186321017939,0.155881739442,0.151673208956,0.187467384535,0.156834039997,0.115836200305,0.111017559336,0.158032159952,0.252429608308,0.251708950492,0.146444883213,0.075136764249,0.056319688044,0.065087626977,0.125613176475,0.302636832763,0.426200276639,0.190198143241,0.064570654340,0.046694028421,0.047028534042,0.049610466191,0.052697814861,0.070156100374,0.073541645493,0.061553804566,0.060100249426,0.071925208429,0.064264538475,0.037462878898,0.020191817491,0.022206565426,0.043330038947,0.084358928571,0.094976871941,0.048541159914,0.024723847727,0.019083137962,0.041735224938
0.201696516302,0.351063178553,0.469932161651,0.386209547594,0.212543620278,0.135041911861,0.102822205307,0.105993251773,0.099708956519,0.076970820067,0.053833655334,0.066183295770,0.088392999269,0.165320822919,0.236570139137,0.278576613345,0.294634080148,0.294516516290,0.272413933168,0.245765375361,0.232659697188,0.342170179667,0.362148629670,0.167986981540,0.113336965981,0.104889312679,0.106614516162,0.092813314426,0.106619943039,0.154580387382,0.224527067909,0.193860537651,0.100691861841,0.067969850590,0.067276260436,0.108815244804,0.215186056095,0.299632206141,0.168760377316,0.067442905133,0.053494865343,0.059358760111,0.060294060566,0.053388082491,0.070423748660,0.080140406939,0.083207139447,0.089219274796,0.093583707860,0.075530110207,0.048776369945,0.027911263245,0.025285578950,0.030045694886,0.045633384560,0.080128491491,0.078151379587,0.067984161516,0.061159636130,0.081268709711
0.209305286105,0.333863790598,0.460804083371,0.399639739965,0.193019868009,0.101806619924,0.074597402706,0.079585226299,0.074578897760,0.063283212298,0.045144181376,0.044872375868,0.055458977658,0.103854577601,0.171691652343,0.269978520988,0.351649076877,0.415715517838,0.387137993888,0.314019169764,0.262545400809,0.310894567278,0.278803659362,0.114013905391,0.063749131967,0.056907806132,0.071524042060,0.066677764850,0.068104877689,0.076270897174,0.101935495915,0.127133351102,0.128003805747,0.119114222095,0.104146832941,0.111095314067,0.154928916309,0.179833964174,0.125999465771,0.060032752454,0.046387769467,0.047874068221,0.055149512489,0.044785965791,0.053187159164,0.067231077818,0.088632178787,0.109718217871,0.104086725937,0.070176031937,0.044628030828,0.029756829144,0.028275678322,0.027866771076,0.028957363683,0.044172596213,0.074493373893,0.123872467880,0.145387146454,0.138853469746
0.333553159627,0.369116999249,0.335744967812,0.298491535404,0.169446464994,0.094371107063,0.062193952258,0.055768493096,0.048041680187,0.042407344599,0.031737535535,0.030557764174,0.036158806973,0.074687051424,0.147907143088,0.247495260225,0.333648548549,0.395150436775,0.357519850527,0.278414314995,0.208417917140,0.181378996669,0.129105774476,0.073453913152,0.042788593231,0.027141201878,0.028125361293,0.031823828880,0.054465483344,0.079526712374,0.103401857143,0.110752156414,0.110905069258,0.107825311700,0.101937075735,0.108014912680,0.131680562884,0.119921605972,0.096821321872,0.071903796292,0.057159709121,0.047723758939,0.053416436035,0.042734449992,0.039164834017,0.041917616491,0.058564798352,0.077166659773,0.076085265856,0.052097871096,0.031676956669,0.019455842662,0.016872325898,0.015201574451,0.014920928361,0.024374283199,0.056547955196,0.151500090904,0.260364438108,0.284723300397
0.336528990319,0.308324005856,0.293379736885,0.288976219262,0.184633279367,0.109396547016,0.055006909398,0.038608909120,0.029066547238,0.024616299374,0.017231847901,0.015026603873,0.022079201399,0.075483131570,0.160583164932,0.223589854635,0.261393517213,0.316464213403,0.305312532142,0.238492664328,0.147918206676,0.105248047548,0.072127273753,0.050698973605,0.034502390284,0.023476889816,0.024160261857,0.027080966603,0.047124265476,0.068849301635,0.102171380359,0.126287675734,0.118646887245,0.085743224981,0.055523407601,0.035931942890,0.038374421741,0.050092910638,0.069610481054,0.063861076339,0.070840645822,0.095939113736,0.103444886284,0.070927496046,0.044800562017,0.033506612350,0.039695297022,0.051695951389,0.054786948651,0.040343111788,0.023466787822,0.012337490476,0.008867770460,0.006703284704,0.006500041981,0.015535635636,0.052984952295,0.187169558946,0.337255856409,0.346865458019
0.339618308724,0.256449069201,0.199923328559,0.191225075801,0.174738249312,0.173598567436,0.178093787469,0.137290019189,0.083486359613,0.047310394302,0.029726564572,0.032226077343,0.051809529811,0.124202111748,0.200633493374,0.272966041118,0.335410981040,0.356503489204,0.299286811848,0.224742436033,0.185793564562,0.168825220125,0.166472460536,0.147716326346,0.132229740830,0.106809035016,0.079008062714,0.063227182841,0.063021429851,0.078780532307,0.107911937780,0.138863245106,0.156408802759,0.122145326782,0.077995403824,0.062673991213,0.084153967101,0.143879098941,0.185935217349,0.159662885970,0.146707839168,0.148360930170,0.159900084995,0.161097057829,0.132232233543,0.096112681201,0.066360621577,0.047940157681,0.034663618901,0.023117958334,0.013545074037,0.007399752258,0.005231879336,0.003858327150,0.004190356919,0.010878694727,0.038044074766,0.141272725600,0.301113296915,0.360559856869
0.350832072274,0.212683280767,0.132037720615,0.119704283027,0.147469731240,0.194744735765,0.204516830462,0.143748730289,0.098613615536,0.070368783980,0.056425419305,0.071956233038,0.081458091331,0.115345834491,0.153230389066,0.226091540791,0.312876317396,0.372331920642,0.306560018947,0.202257309660,0.148681808601,0.134626583200,0.157811640762,0.167340841041,0.136601649562,0.087217456813,0.047897509790,0.036443464450,0.039476553007,0.067889125917,0.112698933653,0.143307742466,0.144025851614,0.100412319291,0.071052777526,0.091504978294,0.151585523057,0.252824963300,0.223477000912,0.142368860165,0.118303609301,0.132658338532,0.161659676390,0.178216837712,0.154451633693,0.114240312310,0.060184806672,0.035403492490,0.029706948648,0.019154443668,0.010224569568,0.005447690237,0.003559845737,0.002416909894,0.002347980935,0.005215475361,0.019816284792,0.094528638021,0.264607477073,0.405915874346
0.493641283177,0.282793204024,0.154514632085,0.114381322233,0.086543557168,0.088215175257,0.093432221844,0.079676943305,0.055268842975,0.031772921508,0.017339760989,0.019529392863,0.032570147835,0.061108017347,0.083723775720,0.140553302679,0.234032975350,0.335901132635,0.305566589455,0.174667393093,0.083619030007,0.059264161108,0.068960904984,0.098651175974,0.087434716474,0.052721983221,0.026901050880,0.017360825375,0.023350940883,0.055957196000,0.111019289905,0.136935006620,0.131986142923,0.080138809153,0.039340655687,0.036806183431,0.070983214086,0.128913670846,0.144373284699,0.126694819401,0.115192184299,0.119677451746,0.149670611846,0.147125977970,0.095016610641,0.045182114459,0.026346246229,0.019970461310,0.020796770877,0.019571545904,0.012424403027,0.005554971830,0.002779836016,0.001471953928,0.001227049181,0.002586665441,0.010757459017,0.068996059867,0.250687137951,0.479375975916
0.575761718127,0.300939494189,0.160018193302,0.116615921520,0.108123447008,0.142863895185,0.099994643474,0.100380361875,0.060229227569,0.027391836201,0.011891510649,0.009479734714,0.017449149477,0.051859946423,0.078165355040,0.138196784791,0.230780867858,0.316861979404,0.327836480216,0.229617174536,0.088908480974,0.031674417080,0.021104910130,0.044850103746,0.071689573151,0.029845217815,0.008777519234,0.007356297660,0.029555673075,0.082465476920,0.098786781649,0.089994218091,0.085099816437,0.071537507172,0.061730097290,0.064315474485,0.065920664398,0.089448755421,0.083121652467,0.070853884452,0.101045138637,0.124896431626,0.114954076116,0.070338888249,0.039563509234,0.028210632846,0.023752705603,0.018225278161,0.020778694354,0.021498448585,0.012996417612,0.004336324555,0.001480384399,0.000651091151,0.000558159281,0.001263757679,0.004571220131,0.034703039789,0.182591417596,0.512788442222
0.592572694668,0.332752252263,0.185598495850,0.131050978340,0.084909481395,0.073141040654,0.079909373440,0.084617688878,0.048509731109,0.021166653615,0.008752620248,0.006907868933,0.009659859553,0.021865419660,0.041335672317,0.097891016032,0.224929735532,0.351199879311,0.338450269278,0.187199097961,0.057700033551,0.024556447231,0.018368813896,0.035026897872,0.063796427294,0.041005622776,0.018259223609,0.009267506186,0.011094956987,0.019569220082,0.050073647896,0.097660384814,0.102941152158,0.070558371973,0.056522885258,0.102692777542,0.142028870015,0.125302714875,0.050428017785,0.029305059034,0.049991653851,0.088541257451,0.108423284834,0.103467966546,0.077533999436,0.040190754871,0.020779851367,0.012876238863,0.014491305736,0.016513834771,0.011036218855,0.003726392407,0.001196618260,0.000498458595,0.000397905946,0.000827907332,0.003076927663,0.026066377850,0.146513859240,0.472178833036
0.594069573359,0.316114380025,0.193253786756,0.153622460976,0.090007127172,0.055306330147,0.058325751060,0.080094411715,0.050781243337,0.019822250053,0.007115819871,0.005272364056,0.006458405756,0.014113014166,0.031957632098,0.088612835710,0.174010119786,0.253281611264,0.256815770382,0.185528461717,0.130438779255,0.102943410528,0.063239318447,0.041121928933,0.025941386205,0.015941413146,0.014926185109,0.009947221492,0.006081660388,0.011294199338,0.022635738454,0.056886126307,0.094764663884,0.070563085576,0.052877432329,0.093147931616,0.134422680371,0.126233250302,0.068303250967,0.028714188717,0.032573198865,0.073963506168,0.161540869047,0.187567805193,0.089362231493,0.019950314968,0.008247442381,0.006737735654,0.008792393931,0.011886219369,0.009698013954,0.003604899903,0.000983646191,0.000277207880,0.000158301973,0.000262161310,0.001216280345,0.018654433727,0.159348277583,0.526118214979
0.572687253051,0.263964108044,0.150597109085,0.130845120225,0.102370953806,0.097310094658,0.122664936625,0.163779898307,0.160264203389,0.068543495936,0.023790407271,0.011584067627,0.004888507281,0.003609659673,0.007853694593,0.041769734332,0.133942909253,0.233312929166,0.251524597575,0.191691875980,0.155095135036,0.124121254828,0.066783822967,0.031456058474,0.019325647351,0.015190568021,0.013196668354,0.009295277477,0.008767037962,0.015437596566,0.014657709717,0.016766286906,0.020737206730,0.022645052004,0.046931969063,0.162471289745,0.166491959897,0.140242017291,0.068894728550,0.027506562708,0.021891693627,0.056722554021,0.171073908248,0.210926280904,0.080998425269,0.010777397925,0.004267724042,0.004051901664,0.005504598690,0.008605051383,0.008730342982,0.003469272885,0.000818402176,0.000183496095,0.000093609432,0.000145076761,0.001328799372,0.021325299320,0.157440773120,0.557843618890
0.599381074294,0.255054343773,0.165449665155,0.162241471372,0.100186801622,0.084320513878,0.070112094642,0.068196049569,0.075599816996,0.048809742580,0.016548262308,0.005004853487,0.001772145853,0.001200484102,0.003362318559,0.029130754903,0.108833133329,0.203526925614,0.235258471234,0.194467869656,0.136706781316,0.073018406091,0.022602711194,0.005848307770,0.002432401064,0.001714996310,0.002575473459,0.007081384266,0.020821012476,0.028834268759,0.014760717723,0.012207059321,0.014332801416,0.019484246054,0.046159271225,0.112403772891,0.089476660301,0.077029805808,0.074013481168,0.039681789394,0.020948406886,0.042822899448,0.145025934031,0.222619122466,0.090622973246,0.007438631569,0.002884254675,0.003166524823,0.004173703915,0.006110013170,0.005952188258,0.002299235936,0.000534028159,0.000120780718,0.000064624938,0.000094869215,0.000378512679,0.007569097397,0.126945654251,0.599270852428
0.626136815647,0.259384142366,0.268894214805,0.201816078680,0.064098040475,0.052332221408,0.050860532552,0.040012811068,0.035396593501,0.023275546638,0.008246523551,0.003342122805,0.001620131316,0.001177990007,0.003142344667,0.027956122693,0.104535979451,0.207200536346,0.298660483464,0.216754065376,0.088391408749,0.030277632794,0.006488315802,0.002101377007,0.001831441886,0.001858220406,0.003346857498,0.013227872748,0.046678035311,0.046606062526,0.016211436540,0.009210338308,0.011102524487,0.030115974399,0.086792777633,0.111437623091,0.066914571723,0.045609661776,0.050548709587,0.027072745570,0.022960555010,0.046021286270,0.123872693388,0.146441020368,0.040270164238,0.003580764682,0.002762675058,0.003400632588,0.003607942023,0.004627111171,0.004480782235,0.001654210415,0.000409596360,0.000107728864,0.000065891509,0.000098173645,0.000350753344,0.006041853944,0.106171667073,0.578136233020
0.652722389447,0.273274702080,0.314950783359,0.179274160222,0.061193114272,0.039513221886,0.060041438437,0.030118181825,0.018377475454,0.015713814087,0.007785459885,0.005381078577,0.003119092653,0.001832817587,0.002935090275,0.016827043372,0.069108289234,0.243820333177,0.328381011207,0.174374720195,0.039953149002,0.007577616427,0.001270408687,0.001143896708,0.002383218527,0.004054551561,0.010102667135,0.027598730416,0.061884062017,0.044174696822,0.014169565400,0.009601810118,0.010464337667,0.026069028645,0.115878955085,0.235051376777,0.136355765669,0.042401849437,0.015971398752,0.006947985727,0.010873938931,0.031645248124,0.080309067138,0.104233235291,0.039155456784,0.003514697350,0.001823884345,0.002560298186,0.002722294971,0.003510177301,0.003530827433,0.001430686069,0.000422672102,0.000123445942,0.000082630967,0.000141282894,0.000518119466,0.006260717184,0.089004518868,0.511510107905
0.662966479351,0.308093512042,0.297262163191,0.118959412923,0.046745680766,0.030408119939,0.036646403920,0.015609581934,0.009534631414,0.010069696715,0.008046123262,0.008503385505,0.006087847803,0.003234455275,0.002955194701,0.010112773660,0.047687401543,0.208177108642,0.252444065896,0.125059449646,0.028755660268,0.007642699458,0.001700236603,0.001029294038,0.001505568155,0.003155719770,0.009325995544,0.024923586202,0.061390677529,0.050523685409,0.015433889276,0.010316094062,0.013883038214,0.037059362314,0.174659203574,0.348938910198,0.148040866697,0.029115581218,0.007891998895,0.002374718057,0.004538930675,0.036576758447,0.097692718552,0.063486688965,0.013448078267,0.001488104653,0.001303170723,0.002175530924,0.002596698192,0.003195626482,0.002660154467,0.000930150901,0.000257318476,0.000087173076,0.000072332058,0.000152050610,0.000773522558,0.009590022619,0.103795114594,0.472922060527
0.599660173111,0.319579268853,0.302313261391,0.126262991958,0.039392359789,0.011939221865,0.006040774603,0.007251220056,0.007406954267,0.007413582059,0.006898317371,0.008488265783,0.006825052027,0.003869524716,0.003132224706,0.009320875388,0.051800565840,0.206480521882,0.167965900995,0.057326053021,0.012547332292,0.003539252453,0.000616741971,0.000372642252,0.000593156017,0.001251253616,0.004599993293,0.015500569896,0.056300930632,0.067092811832,0.023582335512,0.009454520794,0.011408495847,0.037501354045,0.188693764874,0.395172628362,0.213117654082,0.051958328528,0.011910221681,0.001179894862,0.001039477328,0.012395803882,0.064498360762,0.041488335106,0.008939210282,0.002220819420,0.003293556093,0.004527676016,0.004503703196,0.004036900174,0.002190621905,0.000571944153,0.000146696966,0.000062341840,0.000050320197,0.000131074580,0.001309165445,0.021839639701,0.171433076358,0.505873409196
0.538776801692,0.289211832773,0.218918457920,0.122856987672,0.041102437038,0.012696156457,0.006755886699,0.008619286613,0.007007960454,0.004443835825,0.003447254105,0.005057620534,0.005727587583,0.004870906987,0.004492712499,0.010696702568,0.041844128099,0.139710220944,0.112310052979,0.039597557557,0.010020090605,0.001904787510,0.000216118379,0.000209170881,0.000359510523,0.000822781921,0.003161653566,0.012253588861,0.052549048959,0.073455534835,0.030989649748,0.022236203537,0.035083366583,0.074280553761,0.175720304063,0.272807633287,0.223228742227,0.090320990481,0.032673017049,0.006958102029,0.003628407324,0.020124229329,0.081924292217,0.043347343282,0.008120535336,0.003658717466,0.006146061006,0.007639675693,0.007104773226,0.004181414230,0.001347735596,0.000251433355,0.000077018251,0.000050029555,0.000055531863,0.000197995280,0.002348918969,0.038977206673,0.274778547662,0.618233259891
0.577883874401,0.199087485698,0.064263424747,0.037362740218,0.029583789420,0.033600163575,0.025506840647,0.013441135766,0.005455158815,0.002076566961,0.001343901215,0.002229460732,0.003516498307,0.004789328854,0.006007127366,0.013841683294,0.040869208298,0.101584128562,0.059600177993,0.011072788535,0.001914548373,0.000711292783,0.000346872220,0.000350850677,0.000334785060,0.000452300909,0.001779396304,0.010605204475,0.059705639280,0.087330638030,0.043110176169,0.029068478154,0.040065909472,0.071723656874,0.119844154622,0.152448578334,0.187184757036,0.104920780439,0.036541765297,0.012724471142,0.018045139192,0.038997706256,0.104743501225,0.047166996568,0.007810646317,0.005715156300,0.008886245743,0.009890377868,0.007340266015,0.002779233558,0.000542936561,0.000090974587,0.000050000000,0.000050000000,0.000070499436,0.000272474196,0.001671401224,0.021834545089,0.225824654787,0.702820858841
0.531937816792,0.196365753510,0.073924416748,0.046387826022,0.033701737796,0.024638533446,0.010132980122,0.006795012708,0.004983065082,0.002821998687,0.001775135063,0.002703992184,0.004552739879,0.008034420437,0.010499580961,0.022267310016,0.044119799993,0.080339412317,0.054730996649,0.014146259552,0.002536207937,0.000726168694,0.000347491053,0.000280635656,0.000232340923,0.000344435616,0.001324742585,0.006196762133,0.035870825457,0.076048041432,0.047056847747,0.035080499162,0.040898996844,0.076054278294,0.149168683955,0.164818452007,0.126351012118,0.067285756738,0.048905276958,0.032608307275,0.035167304794,0.053063659248,0.144272236771,0.059809653901,0.010441658359,0.009943035077,0.013447635776,0.011759911336,0.006185843074,0.001609796419,0.000233207903,0.000054792198,0.000050000000,0.000050000000,0.000051540233,0.000277304333,0.003310608920,0.044469402729,0.305652773746,0.706238362987
0.535616843505,0.203505948187,0.075074289161,0.043551222421,0.028390442055,0.021438638656,0.007395209050,0.005909642413,0.003981481084,0.002439166405,0.001701872495,0.002991021490,0.005281778282,0.008247936491,0.011324676799,0.029276479778,0.063375334556,0.097338302071,0.047234882148,0.021440493256,0.009441778740,0.002776101067,0.000510180762,0.000151422916,0.000084431221,0.000088452623,0.000223042696,0.001387319412,0.017043743418,0.059442009078,0.045102314466,0.037519067257,0.041297601544,0.079698906509,0.171623507707,0.162820352699,0.112174126307,0.062422973482,0.039056908547,0.017609457521,0.019634640963,0.042817858114,0.117547259554,0.061039584710,0.015166683452,0.014706237769,0.015445432127,0.009024178005,0.003517766401,0.000799559101,0.000125524067,0.000050000000,0.000050000000,0.000050000000,0.000050000000,0.000182521548,0.004528186973,0.069671056913,0.342925888879,0.692346023356
0.519939481117,0.159656321067,0.057355232273,0.043994129105,0.042127933438,0.044138323118,0.016613627124,0.008723117736,0.004564419864,0.002640084531,0.002321414936,0.003960335468,0.006001790453,0.008323990967,0.014101932949,0.046284295721,0.109339372912,0.105065048378,0.036255703947,0.018221627694,0.014941492649,0.014067472491,0.006283100955,0.002049191725,0.000598174938,0.000165113254,0.000155311868,0.001076712122,0.013851987246,0.041698626476,0.033543603119,0.038288075549,0.064340731976,0.106651470514,0.164318297718,0.166937774974,0.100234336943,0.040324712579,0.023493249221,0.014487413210,0.020374609553,0.038864917706,0.054870454179,0.030323936985,0.018972869533,0.016028754087,0.013351667937,0.006569757273,0.002418364611,0.000591747234,0.000105280249,0.000050000000,0.000050000000,0.000050000000,0.000050000000,0.000088522754,0.002232370568,0.052125495376,0.334398169226,0.737494299291
0.555850421469,0.236031981812,0.106162820218,0.072806683276,0.048400556292,0.037549103019,0.021045384910,0.013194827913,0.005437672205,0.002775852570,0.002164874814,0.004133016837,0.008503860400,0.019949433731,0.037364263858,0.083268904202,0.119876215570,0.082852363461,0.033680069066,0.023121262022,0.025067492784,0.034842220786,0.020649111155,0.005804216792,0.001238056239,0.000403711502,0.000737923040,0.004551080299,0.028309899137,0.042413120260,0.025335750543,0.045146357384,0.098400272962,0.143442687323,0.188485168637,0.161832654041,0.077058717097,0.028528916259,0.015772559006,0.008765505115,0.017550939451,0.063450392479,0.079530356604,0.021471456854,0.008848138930,0.011571238514,0.013661506311,0.007610429687,0.002534291514,0.000572367692,0.000116263094,0.000061368214,0.000057783115,0.000054621630,0.000058877987,0.000259019267,0.004281764472,0.061584137214,0.321272655571,0.670301047777
0.594545291569,0.326496287277,0.146997105913,0.079164040548,0.044686891417,0.033920595943,0.020952812837,0.016445147260,0.009868371786,0.004534446870,0.002483285330,0.003792487097,0.008640121037,0.025362444780,0.055913142441,0.127291887416,0.164259370177,0.087797909860,0.029260414944,0.015735816968,0.020516332636,0.036134269010,0.019286942425,0.004472984250,0.001178828464,0.000626511341,0.001520326962,0.009045260384,0.042042716131,0.046426836078,0.026715082933,0.041450156860,0.071259720001,0.121809797658,0.244828586501,0.185219468227,0.051817524098,0.011356501357,0.006137840959,0.004230977051,0.009228882434,0.045123726149,0.066715294824,0.014410917982,0.005625884482,0.009832375526,0.015907070481,0.009027212619,0.002301442511,0.000404512593,0.000085594326,0.000050000000,0.000050000000,0.000050000000,0.000088977389,0.000933669514,0.010444265539,0.077234073225,0.281553899796,0.568769535089
0.627980969218,0.392172698934,0.154831947975,0.058128800671,0.024388647358,0.023430332766,0.028567123279,0.030134386020,0.016046291065,0.006032287665,0.002744709241,0.003430581261,0.005468151335,0.015628967045,0.052717528890,0.169322453214,0.216110497483,0.088109550852,0.023917659062,0.010145387911,0.015836939690,0.035441920148,0.029577382403,0.010810538234,0.004245291151,0.000904650448,0.001140116599,0.011175560791,0.058256902033,0.054112970484,0.030281845320,0.039248080210,0.051374152287,0.098399322424,0.267821264274,0.222519595944,0.040173732641,0.007095477614,0.004230275636,0.003812573219,0.010455278962,0.059786477365,0.047457827097,0.004750052912,0.002764745047,0.008100295600,0.017041645820,0.009042944945,0.001705894535,0.000347035018,0.000124476489,0.000050000000,0.000050000000,0.000050000000,0.000101181693,0.002321898209,0.018990325933,0.082188071175,0.224760992573,0.471443744117
0.678406206264,0.387811177073,0.119042056879,0.032988480681,0.013774407085,0.022708202371,0.039813052198,0.045250749691,0.022398070347,0.008469503274,0.004854640293,0.006699457659,0.010020649984,0.025269951239,0.068588034805,0.175136941743,0.205709736807,0.108391895308,0.043193442779,0.026584791433,0.025966270679,0.029343270929,0.014683329990,0.004286113490,0.000997063639,0.000266765261,0.001130808966,0.015314820422,0.063067166705,0.051481939991,0.047802185018,0.058887896175,0.050474656431,0.080512206656,0.250382111908,0.274410552848,0.061477593753,0.009697372642,0.005404977152,0.005522726862,0.015992626337,0.056995828212,0.025202679583,0.002029702356,0.002000430473,0.007754416135,0.019224551920,0.009341289530,0.001495101197,0.000308254493,0.000066728515,0.000050000000,0.000050000000,0.000050000000,0.000065469586,0.001157462553,0.013651459228,0.071792197021,0.196593775436,0.435831783674
0.701526849832,0.287848754292,0.074201126565,0.026934368293,0.021912848995,0.062850620317,0.069194881844,0.044053625209,0.022117702006,0.012222298395,0.008010663138,0.008365475355,0.010796996247,0.030936002474,0.096890401507,0.185214160518,0.165374719480,0.105820636392,0.053334073939,0.029361737014,0.019189995589,0.009310295334,0.002011186603,0.000429752506,0.000271067776,0.000334738171,0.001833963058,0.016473667232,0.061021992033,0.067326917888,0.050732740647,0.032531724513,0.020062573758,0.039461150107,0.206683761802,0.404298582724,0.136921494758,0.017367485296,0.008690757638,0.008450103530,0.019908789950,0.046476019268,0.023891609677,0.003334406963,0.002512466234,0.007811913616,0.018185736714,0.010047810573,0.002121212026,0.000546859442,0.000137850492,0.000067369303,0.000053704856,0.000050939660,0.000082477243,0.000903293550,0.006536356708,0.040321526364,0.158076524086,0.468291220312
0.640297568748,0.221332368074,0.071053367217,0.040451941935,0.038134180377,0.069014623439,0.059670381695,0.049714990361,0.033175364188,0.027170216394,0.016890370125,0.009333894830,0.006678051604,0.018744788445,0.090133533350,0.204404810178,0.152954132338,0.095012210950,0.061447634536,0.052707817695,0.028281625137,0.009071753665,0.001660569652,0.000498022589,0.000390554063,0.000589147719,0.002846962937,0.015627051845,0.047497848897,0.070011514801,0.080779026181,0.036862350106,0.013930218985,0.024608024351,0.126919224616,0.421638260464,0.285614773973,0.062740879434,0.026731751345,0.022084932758,0.039840233523,0.029330422243,0.009098300003,0.002682158886,0.003534075331,0.007509378182,0.014241374417,0.010028321053,0.003328585879,0.001533914648,0.000262996060,0.000106234336,0.000085059173,0.000074875183,0.000120060094,0.000769292323,0.004327805598,0.036816998827,0.192488727473,0.535167064401
0.653062664953,0.251110046907,0.092113622987,0.046720003837,0.028755255970,0.039003677151,0.050115681040,0.061956617407,0.046551880601,0.034287488208,0.022656543432,0.017503223136,0.015852166627,0.036245916794,0.101036030011,0.153337206907,0.099255118504,0.073264063628,0.068045317830,0.080280998842,0.032997048696,0.004837532610,0.000669667270,0.000485336907,0.000653583749,0.001247770541,0.005020558015,0.024036101715,0.065902978277,0.077040548175,0.058887924195,0.027305132521,0.018518340012,0.033891572214,0.102947970463,0.293765528640,0.349313957484,0.155643672042,0.061504097782,0.026074548661,0.018930388270,0.011321340862,0.008353609965,0.006236967719,0.005758184206,0.007898588546,0.014508269474,0.013581922218,0.006788041725,0.002664087867,0.000660070785,0.000197851107,0.000122794827,0.000095611458,0.000113191655,0.000534635608,0.003728646831,0.034860602422,0.192104657880,0.524564819427
0.738558022218,0.303063596551,0.086984873613,0.027036255328,0.011771668399,0.015799010294,0.027683481771,0.056448533154,0.059057229606,0.045772816092,0.029139393564,0.021912513181,0.020940535111,0.040987031648,0.092903495001,0.120386471201,0.073764641910,0.052840896677,0.045804831941,0.046772465968,0.018609865206,0.003001610585,0.001040190698,0.001179885361,0.002416995813,0.006481870861,0.012145047714,0.029477023598,0.054577970975,0.058747387009,0.045457096984,0.027377743353,0.023871208853,0.049598827051,0.132734677597,0.297791752792,0.280907583453,0.142290391941,0.081417969405,0.051854604929,0.033562482521,0.027746249189,0.031440122564,0.023694588886,0.008293413566,0.005973713214,0.012181565395,0.014876954324,0.009692241144,0.004530805820,0.001322035595,0.000319671904,0.000151236162,0.000104475400,0.000125078532,0.000395135115,0.001618193045,0.013856684339,0.109661559827,0.450946421347
0.722481181216,0.361316730960,0.107027859640,0.026939000047,0.009750905379,0.011711319669,0.023878222966,0.059426949279,0.063721435225,0.044697765360,0.032472999640,0.028227702076,0.031542367236,0.053729623206,0.083821131031,0.075853496671,0.041907849018,0.032376396958,0.034019387848,0.033851059322,0.016036781117,0.004472623120,0.002830831399,0.004039721818,0.006661122816,0.011175363722,0.018147594759,0.043410173771,0.075546113837,0.057805648064,0.023605488060,0.010065304922,0.009476331330,0.033960310604,0.165773622241,0.406757582250,0.296085645324,0.116740080139,0.042109335256,0.013378930447,0.013420181347,0.035899590598,0.079182028683,0.029514812043,0.004559793625,0.005070649731,0.011420650094,0.016521489795,0.013005434807,0.007418115493,0.002515911256,0.000600567534,0.000226220707,0.000129665856,0.000129416946,0.000238772431,0.000687056714,0.006404077163,0.072449546634,0.377286769573
0.678588529080,0.332171967846,0.088806505900,0.026832264432,0.013888850180,0.018391004689,0.028693395685,0.043907841115,0.038863757388,0.028076336705,0.027808338666,0.041831841209,0.059189300527,0.068760369028,0.050204101100,0.029566637967,0.021517833862,0.027462123309,0.031662512211,0.019369277214,0.008279311828,0.004408241411,0.004367468921,0.006667330797,0.009239004284,0.013465747873,0.032040683656,0.070657974703,0.089546305051,0.053323994402,0.016312827126,0.005677171743,0.004936861093,0.020008383666,0.139286885530,0.463229284297,0.382537835927,0.113577717355,0.024366995711,0.007121492598,0.007945844652,0.021113417328,0.072920914497,0.025822143917,0.003065569449,0.004477905201,0.011199922758,0.017913770299,0.014985025421,0.009446680804,0.003913991226,0.001091172996,0.000399571289,0.000201049867,0.000221640519,0.000504017768,0.000686072222,0.003590212405,0.050892923169,0.347127431288
0.706287816025,0.351772626331,0.074580651927,0.021380543799,0.011199822238,0.015220199340,0.023790650153,0.034466525479,0.034350442956,0.031714412239,0.040117902489,0.066063014597,0.073547028836,0.052796698507,0.026087827729,0.016941039653,0.021818579827,0.031690218525,0.021265218841,0.006130007417,0.002461174666,0.003451657026,0.007638972182,0.011412066052,0.012646909723,0.020778577811,0.046586059642,0.074958880477,0.077270462108,0.048620691357,0.014654097221,0.007231709134,0.008191134851,0.026672064725,0.124413748201,0.435274104947,0.371149395630,0.132805029857,0.037702601084,0.013081515014,0.015510264988,0.026968440086,0.037126237851,0.010305568224,0.002128103956,0.004162581174,0.012282740097,0.019467660567,0.013607213088,0.007906447644,0.003927199199,0.001597919291,0.000791758751,0.000376372469,0.000416677166,0.002073548238,0.005741715011,0.011439360510,0.037924629782,0.299823986961
0.731959411990,0.354158403832,0.056512649378,0.014640242850,0.007887127365,0.012736024860,0.028478706778,0.044238975280,0.040701714338,0.032719549142,0.031210835073,0.047215498851,0.062733998518,0.055868653859,0.032286565840,0.020373983734,0.020490318813,0.019387783690,0.011775530131,0.005347168449,0.004803024218,0.007803264974,0.013448595680,0.014357682631,0.013186652630,0.019510341121,0.038985846571,0.078594268428,0.090863550185,0.040864730709,0.007917432615,0.002623249772,0.003416230767,0.018318641569,0.118797567402,0.443182829122,0.428859715725,0.165034113806,0.054194590893,0.016815983347,0.016673975959,0.020960440510,0.018515971423,0.004452907464,0.001885232047,0.004177106033,0.012342512586,0.018251433942,0.010762907720,0.005862961035,0.003387320109,0.002002618853,0.001349671834,0.000678246496,0.001003202036,0.002695114390,0.004319198137,0.005346187461,0.024694039682,0.238153791855
0.676281448035,0.394332474755,0.076551773823,0.021496283625,0.012248260717,0.020927445901,0.043857507925,0.051474547683,0.034915017742,0.026278299918,0.025289915642,0.043736849410,0.070863801296,0.068678193596,0.042374401389,0.023601574726,0.020950099738,0.025250058713,0.025715801362,0.026751907390,0.021490698449,0.011357616048,0.008595930690,0.009432271936,0.011359005567,0.019774955404,0.047981728692,0.094533300208,0.092692986569,0.035003404065,0.007872379020,0.002788633781,0.002409910525,0.011035235848,0.102539137767,0.498523719653,0.601348366958,0.186005324671,0.055579345756,0.017364763287,0.012895779031,0.015856795682,0.023858562931,0.009146359353,0.004355534754,0.006147795746,0.012723503009,0.014454558672,0.007398697466,0.003755309574,0.002202691912,0.001476774609,0.001150048185,0.000737387469,0.002932785650,0.012626733079,0.010723517294,0.004683239752,0.027414025222,0.214532890347
0.597838465131,0.463452805991,0.147267308472,0.057812351596,0.032976911940,0.046024197229,0.059167159446,0.031980228702,0.019731334405,0.022438537244,0.031792953307,0.057814288272,0.080264324263,0.069343334875,0.055730502623,0.037116745479,0.036315629998,0.060136064333,0.076080805078,0.055952257500,0.021894662890,0.006491688825,0.005200452867,0.009178665897,0.017189583825,0.035068254629,0.064892785960,0.086864510482,0.062601290103,0.020065254416,0.006697727597,0.005226506823,0.006436331975,0.025680986656,0.165301746083,0.616186594740,0.591376671649,0.159618722000,0.056806552033,0.025861911695,0.014237162853,0.007965911168,0.009397619330,0.008468853100,0.006888252076,0.009674927388,0.016204010290,0.014417069329,0.005898691053,0.002586342224,0.001400281104,0.000910320538,0.000705560723,0.000479130537,0.001808112840,0.007003673407,0.004497641149,0.003498879556,0.028202745488,0.187077434644
0.593334796812,0.525926874949,0.189467058658,0.081479567614,0.054519706337,0.087010468342,0.099529554475,0.027361403946,0.017524693888,0.023848983742,0.036433426912,0.055636567225,0.075121019435,0.071617780196,0.070608517310,0.054179911653,0.041651054445,0.066973354698,0.111215760224,0.087674006255,0.026416275762,0.006501043963,0.007076050769,0.017032505816,0.031674827893,0.054031568489,0.067554235104,0.062560413966,0.035387064050,0.011200248253,0.004066484928,0.004315078021,0.007185492683,0.032862679297,0.184115292672,0.590321710180,0.588567921304,0.198977456781,0.074688299137,0.033667886184,0.016745789868,0.007279416489,0.006131978671,0.007706432370,0.009997466808,0.018253520093,0.023370979115,0.016022477727,0.005478449411,0.002063575678,0.000975907486,0.000546275731,0.000408354447,0.000313785702,0.000506443099,0.000910407698,0.001147195103,0.002580824086,0.023096470220,0.167110660318
0.642456558281,0.558110569874,0.170982886773,0.062817955298,0.041258308135,0.060302585322,0.088509568831,0.033292796522,0.017738425815,0.020506472495,0.032251031537,0.056575196958,0.088513368170,0.078548816168,0.060120151169,0.043600476128,0.044730244945,0.081396141378,0.116777988479,0.070735330143,0.024204272241,0.007881568824,0.007603656699,0.017322457108,0.031696821889,0.054758770097,0.060627622449,0.040897013875,0.022676523678,0.010642185182,0.006034609365,0.005808311916,0.005928364055,0.023433400904,0.153776509178,0.516903389602,0.564869720804,0.226549025779,0.097848161008,0.045670040500,0.025190028698,0.016406702549,0.006136844887,0.004985834043,0.011664460531,0.026611637477,0.030210821129,0.018733309021,0.005735811277,0.001812917695,0.000746060238,0.000348261442,0.000243437094,0.000208913396,0.000284991057,0.000543117973,0.000823876532,0.002213233018,0.020977058947,0.173521181052
0.658525515572,0.503700984879,0.176414886253,0.098398009083,0.098386620117,0.097447286472,0.063181379486,0.016771908278,0.011985359553,0.019755398828,0.040987749459,0.062434988980,0.066567449627,0.064203164322,0.089984590975,0.079938980682,0.069239366494,0.091924274591,0.096196354359,0.048614280690,0.013208992570,0.003936273606,0.004505580086,0.013341288746,0.030538817568,0.058680838855,0.053267963889,0.025955983217,0.010794916597,0.004738077643,0.003454806771,0.003887731730,0.003526687591,0.012505493737,0.106273848957,0.556856725295,0.576260204045,0.126296132392,0.027910042851,0.015763140090,0.010836777934,0.008035468130,0.012057990857,0.011992925926,0.015666220249,0.029175407769,0.031390383989,0.020312811894,0.006918590416,0.002389497920,0.000766227786,0.000249236978,0.000138520552,0.000124873023,0.000643859414,0.001128865851,0.000754616556,0.002070172987,0.021299957065,0.192897723693
0.579127926413,0.524078779469,0.218856188699,0.112718091344,0.139481615505,0.140022428272,0.055970732971,0.013727950998,0.007546094364,0.010714556075,0.028905763497,0.064737290989,0.071695959907,0.056079881559,0.081870451539,0.126586843901,0.131042103849,0.114513188572,0.066406819054,0.029917088050,0.009638814855,0.003965042364,0.004340889179,0.011557430927,0.028109904123,0.055467735880,0.051740498570,0.028796544730,0.015974056224,0.008255702363,0.003260920114,0.001316147905,0.001137265823,0.008683426721,0.148416212857,0.725349827495,0.397483039766,0.055014153911,0.012411895009,0.009196494960,0.022189120437,0.032192884002,0.035777367632,0.026451537056,0.023084194449,0.030119110471,0.028205242216,0.018328010332,0.007497315736,0.004105860840,0.002218037510,0.000377303277,0.000154405417,0.000145135130,0.000287320171,0.000646877642,0.000976703684,0.002561146254,0.021540039496,0.161704676042
0.576711395199,0.460630781417,0.182208834894,0.114390011631,0.179309756765,0.144651584469,0.034251984949,0.010443559980,0.006376434954,0.007948281354,0.022632279310,0.051615327089,0.063800934963,0.065127400619,0.100561526900,0.122738146721,0.119462696928,0.111194427276,0.070898928509,0.040537479829,0.016027644242,0.005443646987,0.004343483591,0.009517819660,0.023078382486,0.047531820152,0.050194012885,0.033518822712,0.021869085413,0.012963741630,0.005375865131,0.001976772146,0.001453319926,0.009103412398,0.133198993591,0.678013266230,0.479803211014,0.091649588760,0.031510633078,0.037591514555,0.021519280228,0.013046363309,0.016450361789,0.019666990611,0.028538508218,0.037857886154,0.030326707162,0.017326921768,0.006624502807,0.002874948703,0.001032892173,0.000333632983,0.000205403979,0.000228032677,0.000488206922,0.001226347836,0.002446907730,0.005395583969,0.030901615846,0.180878340123
0.541594322681,0.409962736873,0.146130249636,0.094192589392,0.164005938586,0.211493923581,0.061256070435,0.013709470616,0.008447206574,0.007061036939,0.014295973323,0.037974299132,0.046574477410,0.049632771617,0.088133784177,0.127796373534,0.127335550408,0.109059407514,0.087363962039,0.064271851675,0.027175559294,0.008279876519,0.005208903206,0.008619412610,0.017811851187,0.034143098691,0.045025188136,0.037314569057,0.025249411692,0.012467204477,0.006403759184,0.003917590934,0.003446006587,0.014193826422,0.124642306879,0.614668277857,0.571453208014,0.121432247271,0.032372545258,0.030914274180,0.021747636206,0.010910131011,0.009162255980,0.011317396946,0.023002657591,0.036363146129,0.029977767666,0.015077019719,0.004902285505,0.002101583907,0.000835987754,0.000364511690,0.000289178764,0.000347434484,0.000719136548,0.001688679114,0.003813537823,0.008903323370,0.033746081704,0.171830084040
0.485493633587,0.365153770846,0.123622407988,0.073318297012,0.114642168608,0.243448086895,0.098567006405,0.014376710578,0.007505364343,0.006321044461,0.008973553746,0.021854727207,0.031172289233,0.040829337858,0.086036302213,0.135899983145,0.125776342295,0.084256686564,0.064620386763,0.057571571034,0.034970177957,0.017443454548,0.009764479925,0.008841589758,0.014340253877,0.024769870316,0.038351161635,0.040346311265,0.037320289352,0.023212916890,0.007610240779,0.001784125080,0.001190440264,0.007282032849,0.109651520391,0.664334537478,0.579001479154,0.093005442045,0.016318738007,0.007128090744,0.014225355864,0.029843001234,0.018581319072,0.010548834006,0.018200822390,0.032225974880,0.031970787322,0.016548706255,0.006213807886,0.002751829044,0.000721577508,0.000354278264,0.000362106313,0.000443585775,0.000792571957,0.002423899932,0.010324167926,0.019072156007,0.035565943535,0.155161097443
0.542899745945,0.386354230394,0.143871668603,0.092783326016,0.120065399410,0.164487366229,0.080902247715,0.021648353454,0.009641048689,0.008438775508,0.013103720465,0.025271347103,0.032228182900,0.040004164885,0.075846964825,0.104778840526,0.101362596114,0.085599261113,0.073694878339,0.065409428333,0.039845087960,0.018165328055,0.010514590882,0.011832564566,0.019635129618,0.028138906558,0.049363413232,0.061104539831,0.057346158373,0.033305632413,0.011429082701,0.004521401106,0.004948998638,0.024117000179,0.175284734554,0.648649201247,0.513863119667,0.157416057416,0.062242886420,0.040601810367,0.046064198269,0.033305215757,0.027420698106,0.021547178526,0.026458746163,0.027646795801,0.018887884708,0.006339835223,0.001418497574,0.000597104650,0.000303428982,0.000239030387,0.000318148892,0.000465685907,0.001136453656,0.007987519172,0.031992482974,0.040505647146,0.048002933964,0.201521284155
0.641617508043,0.382340037783,0.122627833314,0.091792317558,0.126868221529,0.110426254473,0.047722280586,0.018841231366,0.013258692568,0.014684107580,0.024090889125,0.036754604727,0.040708770290,0.053215401344,0.083263962058,0.072182574930,0.045120080785,0.028015949661,0.036108051633,0.065481903018,0.060454153140,0.023422615103,0.009795464860,0.009279176182,0.013579060958,0.022746223329,0.048207809881,0.073346091829,0.069641412061,0.034504961002,0.009514435812,0.003688515434,0.004659684022,0.024248237972,0.156571785741,0.528716855039,0.498597419964,0.216308763303,0.094979803232,0.055075088521,0.046581539577,0.016859424872,0.008432727713,0.010001176646,0.017598704250,0.019161057754,0.011713241739,0.004171576413,0.001111711616,0.000548283026,0.000337571202,0.000317498689,0.000411991318,0.000526854263,0.001498992578,0.008169503453,0.010441756800,0.010055475729,0.038828968130,0.238874349266
0.638322734408,0.347769448465,0.097813873357,0.086467785894,0.141749509941,0.136269423718,0.056038037749,0.019717097347,0.013797955758,0.014899430033,0.025524992466,0.047187268571,0.048673731152,0.043444536637,0.046465495280,0.031012832904,0.015772554565,0.008266539760,0.014230110619,0.045840911538,0.054841316864,0.025302558866,0.010276686070,0.008485655623,0.010591825686,0.020214701286,0.044314426223,0.069105435293,0.061534395285,0.025473641670,0.005306313309,0.001520419158,0.001281946966,0.008049569107,0.093719586719,0.546802387408,0.563427787459,0.182778849135,0.070705074165,0.034323592317,0.023613664167,0.008912976784,0.002679853195,0.003886115231,0.008160477859,0.009614612303,0.005606474328,0.002928207966,0.001484938018,0.000805721365,0.000437503455,0.000521875882,0.000666001756,0.000561249069,0.000634217670,0.001395917684,0.003016759915,0.006382853091,0.030686740478,0.212542856130
0.641746569393,0.406891658871,0.148110482559,0.124041418402,0.159398939623,0.109512459847,0.043882499330,0.018109675902,0.014030827184,0.015493715372,0.030101716518,0.058009624987,0.051731371692,0.032854396703,0.025981373136,0.014358358051,0.007806104421,0.005287048090,0.011157173157,0.035912446576,0.050178381171,0.025271860827,0.010274608736,0.010667924786,0.016859893064,0.024943339887,0.044289582983,0.066336266783,0.063078945062,0.026968008419,0.006250279354,0.002055643611,0.002194179517,0.017586021199,0.157877390860,0.639985777593,0.503025947097,0.136820360053,0.040533718512,0.018746772450,0.013515999866,0.009187153435,0.005827747754,0.005493221765,0.007450583041,0.007289321818,0.005136408934,0.003981568030,0.004365443544,0.004486813585,0.000904510126,0.000742066101,0.000953717148,0.000571716367,0.000690064013,0.002033408634,0.002335333203,0.003193144191,0.020307007761,0.180446395917
0.691526093386,0.396719371379,0.173195683456,0.150913805524,0.163439342960,0.098760857606,0.035361053750,0.011276815867,0.007948648893,0.009687982329,0.027677251957,0.078874053579,0.086926639938,0.044316086900,0.020314856802,0.009136164367,0.005051977595,0.006164035428,0.018302144921,0.030339282829,0.028796029794,0.018513242903,0.011378535048,0.015419196614,0.027529520925,0.044723003402,0.050982210117,0.056914117685,0.056154728176,0.033821575260,0.013871526869,0.006790045468,0.006419829523,0.027330262679,0.170159037594,0.584156982288,0.436316079659,0.110585552365,0.023135192926,0.010904328769,0.011673591545,0.012782622053,0.020173732314,0.025361574261,0.016857617699,0.007449018447,0.004332313297,0.004188374510,0.007991972301,0.006696767496,0.001956520064,0.000724939295,0.000925837131,0.000559248478,0.000534286919,0.001465136496,0.001825940911,0.002152546332,0.018925941441,0.224418235449
0.646841497193,0.467691978348,0.233213773172,0.168260785932,0.120806846611,0.077244440550,0.050227205871,0.021003907949,0.012096205261,0.011784531367,0.030325719192,0.091868045061,0.100058674053,0.036935774019,0.015255142329,0.008380845450,0.005517138483,0.006449541565,0.016523777391,0.028839975989,0.030940692345,0.021119483732,0.016849732805,0.028759741261,0.050377019874,0.056257568766,0.044273292805,0.043446621057,0.060426862010,0.064449272772,0.040467267645,0.022486251064,0.016103941305,0.036055854567,0.159355225345,0.566592600550,0.515577109147,0.136061730581,0.025409629898,0.012981875592,0.006623705636,0.010152692051,0.026210770675,0.041773285813,0.024128516303,0.010911643751,0.008315274963,0.015408147462,0.024362303985,0.015947874179,0.004290859870,0.001388155135,0.001407803925,0.000935066948,0.000624773183,0.001911531912,0.003971819314,0.004689139287,0.027068375749,0.234731024894
0.581116045412,0.501526383438,0.234210334494,0.121622662729,0.074814806820,0.062140565981,0.065647592190,0.039528447507,0.032383774355,0.039608152829,0.063861813472,0.092451071315,0.062563998710,0.034466304975,0.023834118156,0.017316596238,0.012800539773,0.008267853344,0.009400735358,0.018941988171,0.024452355042,0.021074263188,0.018874285516,0.028252591830,0.045246311533,0.049788468554,0.044305187111,0.051365977065,0.075045114852,0.088088934492,0.060699795187,0.031325967426,0.018225018721,0.032980142011,0.138697431185,0.564696992733,0.581796294033,0.150850853176,0.022224120292,0.005914791722,0.004799451220,0.009317370080,0.029384748492,0.057312129955,0.039579106456,0.018769260913,0.011351053492,0.008354950138,0.008879377514,0.014617063930,0.010521699223,0.003153051027,0.002101141763,0.001586617121,0.001403678779,0.004647721196,0.007799972375,0.007289521641,0.028108940849,0.197516016299
0.516414169270,0.570680518035,0.181786355136,0.057525869273,0.040826819841,0.076889946198,0.121082273884,0.057467866857,0.033761753394,0.030884696165,0.046411140845,0.101382204700,0.074065017216,0.037642465268,0.022761235298,0.018275004657,0.018521866519,0.015594889257,0.014895287331,0.015616285633,0.010559557238,0.008239583835,0.011103320249,0.021977739375,0.038191175652,0.052000288168,0.060232547774,0.063189204920,0.068898641599,0.067654603832,0.054813312269,0.036778334698,0.022051400068,0.036276913201,0.139246788671,0.543647185354,0.632868154532,0.122213362844,0.014488511310,0.004191736150,0.004201229426,0.009473882836,0.035771679446,0.065853775240,0.035672205552,0.015833262406,0.008979210893,0.004418755140,0.002063405783,0.002209200677,0.002744939948,0.002797918914,0.002828845157,0.002293021557,0.003175434798,0.012864772890,0.019498812285,0.009448432578,0.019806926897,0.128187101794
0.528053849440,0.543472867974,0.139533822472,0.046507935171,0.045863929780,0.123925946574,0.176964152015,0.049757072062,0.016534801446,0.011830222971,0.013802449345,0.051343871425,0.083750892917,0.060865608268,0.025802367249,0.016194077596,0.022105413340,0.023293514227,0.018928740072,0.011805825319,0.006026713288,0.004480809373,0.007680952460,0.020557724825,0.041353321321,0.062717135439,0.080890814062,0.071367954190,0.052141302451,0.034648583127,0.029094003769,0.033532557295,0.030481670109,0.049814197546,0.170090869201,0.586941309438,0.652225478761,0.110951069091,0.013287421454,0.004866840653,0.005795209904,0.014067677474,0.033142226341,0.037022745721,0.018981611058,0.012939312651,0.008936699528,0.006391507138,0.004434377944,0.004500387286,0.004119566074,0.004259169634,0.003857440870,0.002896003229,0.004138882588,0.017810927833,0.021597816202,0.006784212137,0.016335702466,0.119666783416
0.560794509609,0.461167217042,0.121162292330,0.056639150618,0.067442772289,0.145943581424,0.159380013870,0.039871917288,0.018793441071,0.015003003216,0.013881422369,0.036781748104,0.050614882004,0.060011580193,0.048123384511,0.025316068894,0.023670460088,0.025040354779,0.024968587082,0.020589089267,0.008878185736,0.004953388473,0.008329218256,0.024285062483,0.045184439245,0.061255568693,0.070326514900,0.061627713426,0.048939919291,0.035133711397,0.032796254626,0.033939144418,0.027875254523,0.052829980230,0.201205523913,0.642664354232,0.660905922398,0.108390664985,0.014383924651,0.005287388686,0.005217048046,0.007654420834,0.016209996071,0.021579512196,0.015425688560,0.013220401249,0.010076900052,0.007541749423,0.005811174732,0.008286022786,0.007015520040,0.005040243863,0.003253834185,0.002036653226,0.003426613600,0.016104893294,0.013418959628,0.006590487883,0.025169767262,0.168559687651
0.556056289605,0.491642896704,0.112706224719,0.042193673187,0.050573828118,0.141110590686,0.175439232592,0.045963946566,0.023174453986,0.017596228034,0.011854227371,0.014011840915,0.014931516681,0.028956251533,0.059029049010,0.062272519506,0.041946700771,0.033376071612,0.025254486207,0.017785977437,0.008693084687,0.006567728855,0.012817138247,0.032758824301,0.045039269911,0.048801330539,0.052320574218,0.048777190091,0.041577618951,0.035770543057,0.039332099842,0.032764089152,0.019174259292,0.037655781994,0.171835638632,0.645639623457,0.648820079970,0.088796539387,0.013318591504,0.005945550023,0.006098931166,0.009460071550,0.014359540522,0.011603993947,0.011155599853,0.012532639585,0.011262561308,0.009546095685,0.006999264651,0.011170335547,0.010979942267,0.005394051806,0.003256307310,0.001624476544,0.001388340737,0.005297187153,0.009720916203,0.006856408585,0.022654429518,0.147940769119
0.550166534406,0.574540636218,0.108339463552,0.023553714747,0.021673289776,0.073101405012,0.181052288188,0.069558461311,0.024972589976,0.015790726156,0.012410555475,0.016511352728,0.024613285898,0.042307492484,0.038407460511,0.049066931090,0.061721912132,0.034811289487,0.019318368423,0.008976634851,0.005116041668,0.006545962047,0.015009095049,0.034277176188,0.042357292890,0.044206713472,0.046715437344,0.041826038463,0.030833758806,0.021743377339,0.024485000461,0.029820671860,0.019434679543,0.039683047840,0.180257294934,0.647401685528,0.563129052925,0.080991747125,0.012306516865,0.005901779088,0.006632442527,0.010925809810,0.011536676360,0.009616513370,0.010562712305,0.014574152899,0.017996161334,0.017707356840,0.011802752491,0.014443459153,0.007540435708,0.004718837974,0.002973179219,0.001352959168,0.001202655859,0.004400755705,0.004838896329,0.002583928422,0.011077698202,0.102097152398
0.672159773187,0.550868361336,0.105776319494,0.031240708117,0.030645961230,0.079446659173,0.168200128339,0.067070793124,0.029182007123,0.027864049172,0.032900877507,0.044728097030,0.034504095471,0.030971689814,0.025813502156,0.016041246499,0.014398421227,0.018593082783,0.016297240033,0.008242159177,0.004321912265,0.005502946899,0.014267156489,0.031426863975,0.040883290576,0.051805130816,0.060187606139,0.049715959763,0.024887440941,0.011810448610,0.013675776608,0.018670901513,0.016655558992,0.041523223104,0.189407885217,0.627413541605,0.520148372262,0.108559311924,0.026113980115,0.012199261959,0.009392432228,0.008506419597,0.007827903840,0.007173270784,0.008972126752,0.015913570787,0.025710127696,0.029628818781,0.018352887316,0.013966063331,0.006299687042,0.002613993219,0.001318344442,0.000615529727,0.001840497767,0.001797645794,0.000788901854,0.001535761771,0.014269320971,0.140463928622
0.714973839924,0.576227719492,0.095782481427,0.024833289381,0.027618615052,0.092844035552,0.186573878488,0.081743391962,0.036294907433,0.035188825859,0.042493205543,0.065930102467,0.053188183721,0.029772421275,0.009607571691,0.003320934853,0.003344316874,0.004956484338,0.007086186701,0.008042379387,0.006402010022,0.005600665884,0.010555418852,0.020459886205,0.028377285599,0.047714961886,0.070395052889,0.070801274885,0.034584507163,0.017207819875,0.014273428150,0.011519417278,0.009582299583,0.030120043711,0.171796958462,0.581320036545,0.475189591718,0.089657371083,0.023215946876,0.012642393863,0.011138233016,0.010828069476,0.008715288515,0.007094146029,0.009367425713,0.017909724172,0.028711527708,0.030484063780,0.017397412050,0.008748816155,0.003745249629,0.001717168394,0.000800132631,0.000364509095,0.001239003619,0.004100862585,0.000789453575,0.000992736518,0.010772437118,0.127816787577
0.698787108154,0.645800931370,0.109978147015,0.023738429084,0.023554298389,0.067023694586,0.132634648017,0.096651560436,0.067903371810,0.063983666118,0.066738898127,0.084216274646,0.036293689078,0.007844298603,0.002819814308,0.002190849982,0.002690019665,0.002702549923,0.002989291675,0.003888582080,0.004378678395,0.004158809469,0.009625241299,0.021482866512,0.030410399408,0.042083564623,0.056813700735,0.075314925724,0.062696851115,0.043596397216,0.026432705589,0.010788526006,0.005689904261,0.016311253708,0.115810291985,0.529799686481,0.488284044388,0.105170168924,0.023754047881,0.011781609717,0.010968382698,0.011752013163,0.012690719611,0.011034894589,0.011795488664,0.020300381053,0.028882943885,0.029615164220,0.021421083905,0.007588934029,0.001928202587,0.000814890870,0.000426522733,0.000232366201,0.001220506828,0.001376111405,0.000574940749,0.001048259031,0.008509700925,0.104574232004
0.638755677698,0.690422704181,0.154633432823,0.033577733267,0.021035954045,0.042862675432,0.089883360798,0.081131362102,0.081717537145,0.071135059341,0.048600169022,0.030319557337,0.010154175419,0.004596704333,0.004207560763,0.004540531996,0.005245981330,0.003895234386,0.003070073452,0.002491689870,0.002844893106,0.006020129693,0.018422497872,0.035168610744,0.035390942826,0.029834718036,0.033118346786,0.058414547233,0.083846274650,0.064146369667,0.016629766654,0.003329211163,0.002056907504,0.008486437868,0.078620513692,0.536073359286,0.517589564642,0.091800671661,0.016750207460,0.010121560630,0.011716539271,0.012742336028,0.011173568557,0.012758328068,0.013966166929,0.021516061189,0.025499868337,0.018210973411,0.010336063982,0.004255941345,0.000865354040,0.000395498211,0.000287043085,0.000239453054,0.000783376531,0.001202858422,0.000415980776,0.000555203705,0.004816294274,0.077853329082
0.592149734810,0.697972245829,0.188435094760,0.051403539150,0.042502491420,0.060081728302,0.102170675748,0.080347290672,0.047972764358,0.025992635701,0.020918239044,0.019265259287,0.010005110636,0.006667275254,0.007766796576,0.008172830805,0.008249388408,0.005800097974,0.004491735719,0.003500579812,0.003897291812,0.008894775087,0.024378822697,0.039198915182,0.037584009161,0.034262779487,0.037153960419,0.059758722704,0.082500782486,0.050801587842,0.008074744643,0.002113796373,0.002205711045,0.011261793102,0.101775141506,0.604184406200,0.424989135650,0.067531122832,0.015418437946,0.011003714989,0.012273811325,0.012760567335,0.011481334047,0.010511671486,0.011886995924,0.016727071358,0.018426652281,0.012916457630,0.006147253974,0.002674211269,0.000748289790,0.000345241486,0.000294940554,0.000306522320,0.001461454378,0.001397660323,0.000356706566,0.000525645259,0.004820216157,0.073774805506
0.628471341647,0.702641224999,0.212842644063,0.062337579130,0.036890533728,0.040176196410,0.060110392882,0.060957008729,0.061141553115,0.038199562078,0.022887240780,0.019453132726,0.011550017100,0.008509746997,0.010455277827,0.009999060239,0.008646317588,0.007317816026,0.008167082066,0.006844497406,0.005639201732,0.012076004701,0.030539722974,0.043863903306,0.036383332680,0.030188578228,0.033554817269,0.054775638264,0.064099556171,0.045343575793,0.013414632881,0.005410587691,0.004747038928,0.017751351869,0.111027974458,0.554220287005,0.403040775683,0.095739608531,0.022609389635,0.013758545427,0.013243770305,0.011087408070,0.009958343246,0.010361163076,0.012889647362,0.020741665878,0.023774984704,0.016383419421,0.008823740735,0.004464597241,0.001067984454,0.000233756806,0.000219193179,0.000482657919,0.002598633228,0.000824273911,0.000372601659,0.000840869869,0.008310423042,0.097851250451
0.590497054607,0.685591929939,0.187059295357,0.043275207152,0.020140420619,0.018753648316,0.028639095255,0.032644044458,0.030045579534,0.016412816140,0.012098477399,0.015223907665,0.012912412364,0.010368620057,0.009862438963,0.006392717019,0.004078216475,0.002710399745,0.002719322431,0.003089821969,0.005203937330,0.016959803012,0.047631637467,0.053238496545,0.023108015274,0.012711429726,0.016312121788,0.035046503179,0.051011664135,0.044869214250,0.018877542107,0.009841627378,0.008633927569,0.021465442204,0.097563468301,0.530353625991,0.389365842338,0.079534501894,0.014216906179,0.010816523587,0.013102350904,0.012604759863,0.012374647364,0.012435915722,0.016021469011,0.028988671261,0.033550303916,0.021420514070,0.008142241144,0.004888690745,0.001196681586,0.000313974104,0.000306734162,0.000275364015,0.000371943701,0.000360496610,0.000231749403,0.000638793524,0.007230775063,0.088900383809
0.575598517895,0.629414125773,0.150602861868,0.033588016944,0.023860762067,0.029366617209,0.039334976723,0.017923242149,0.003970910624,0.001168044606,0.001492918011,0.004213341480,0.007855703693,0.009868239956,0.010645996629,0.009512870616,0.008383193266,0.006289339316,0.005256995088,0.007520761372,0.013415902781,0.031131119676,0.067986105837,0.055182698043,0.018338166608,0.009075580380,0.011699875883,0.023304203253,0.032521406836,0.028876318067,0.018901188170,0.017412184130,0.020006667491,0.031112499434,0.089683637417,0.458600963114,0.457785686427,0.088193275687,0.009806756113,0.005951969697,0.011514206353,0.021053089918,0.021132055482,0.013064373874,0.013033987987,0.021412771902,0.031493169210,0.031328203430,0.016541641847,0.008118420974,0.004916481930,0.002455489818,0.001584593888,0.000981361466,0.000767272430,0.000603375700,0.000402125333,0.001108912371,0.009869295911,0.102978784646
0.620853176909,0.594665081665,0.107455395081,0.012989175760,0.006522723638,0.019777862142,0.048495488934,0.015207186552,0.003109940388,0.001363775733,0.002242509458,0.008312094515,0.014309906428,0.019147003045,0.021328877975,0.022774164383,0.022398277277,0.016418882659,0.014779709718,0.031936531591,0.079571771297,0.092350276718,0.079604781894,0.060711630101,0.029651578056,0.017600879392,0.015564260612,0.016374782787,0.015651968415,0.014849008371,0.016006238730,0.020004828447,0.023058236546,0.039014735871,0.108178960787,0.468317226498,0.465128708048,0.080645820686,0.012957032943,0.011912281895,0.025987651420,0.052446319172,0.043314581937,0.018989468921,0.016160347948,0.015725793504,0.016423726615,0.025687335832,0.043778928919,0.034402356680,0.012816303759,0.006334437903,0.005282363926,0.002647192935,0.001448611775,0.001022323453,0.001096385363,0.002446611993,0.013302018984,0.112660085466
0.625950748676,0.575575652441,0.106343526409,0.016740358773,0.010061207498,0.024538950031,0.048695151358,0.016874941720,0.007018904517,0.007688331428,0.015532376768,0.039102152907,0.061995061151,0.062085453051,0.062926850534,0.042980588222,0.030272222995,0.022034166393,0.023616405783,0.052796367111,0.108841440091,0.106460768610,0.114533181201,0.106947480679,0.062738008572,0.030101523338,0.015180776779,0.008697017527,0.006680560567,0.008398045642,0.016398047045,0.023127207524,0.020067677011,0.035572669377,0.131969291709,0.531552497926,0.421480768556,0.069295697944,0.013186666993,0.015505891019,0.030306319587,0.048012130571,0.044456660266,0.029169419645,0.025464801715,0.019669329886,0.018407920501,0.020776515399,0.021404462278,0.015279571885,0.003469095300,0.004811765144,0.006096133268,0.004239914594,0.002917837504,0.002142119704,0.001379188580,0.001699650377,0.007271609734,0.084898114853
0.481144783229,0.595322562060,0.214432091721,0.063925533513,0.043333207142,0.064361197073,0.070388703286,0.032444459035,0.022082866714,0.029787247539,0.046610921393,0.077981655967,0.105886738127,0.116089731380,0.141465975587,0.079604746911,0.045216328903,0.033624926883,0.048033185561,0.088001012162,0.129396494556,0.125193029520,0.141331057853,0.125495728308,0.061316892271,0.018301017193,0.010570846684,0.010944992450,0.014023460042,0.017148074675,0.022443280976,0.018602269092,0.010966095935,0.020918343413,0.133153759599,0.616225578011,0.364991084738,0.060636912626,0.014201966534,0.013460868190,0.017538671754,0.032465001645,0.057252859267,0.053221496703,0.039503215131,0.022930537362,0.016824978493,0.014726751666,0.009593410251,0.008600913499,0.001653035433,0.002139368141,0.003238265590,0.003386906943,0.003456701229,0.005333756661,0.002745563291,0.002671110317,0.008527674436,0.070456456790
0.556702466610,0.588141829445,0.290328083193,0.132818034224,0.109688847940,0.116506831271,0.117733931792,0.110176130857,0.090047590519,0.086436204079,0.088990215639,0.100783816670,0.119516082593,0.116478697521,0.125010248060,0.089669730717,0.078832443398,0.085194218800,0.133284563923,0.185592162505,0.181987703118,0.133570304754,0.093804116977,0.064915654601,0.036906037973,0.014840996042,0.013894925843,0.020118589076,0.029980396174,0.032108113853,0.024073587378,0.013608416940,0.009300111103,0.019004266856,0.119609863976,0.531075729227,0.376180489263,0.107423612283,0.046374966054,0.045433836570,0.041940211479,0.053989683207,0.096482459012,0.099101917865,0.065777504783,0.030797861441,0.017411282187,0.022073787028,0.045052204226,0.019537160588,0.004897391843,0.004522789150,0.004055610598,0.002883488405,0.002179695885,0.002462640027,0.002623778203,0.004880281868,0.018874620357,0.119044680524
0.519803336615,0.669503442372,0.440382181430,0.224822803640,0.179038078379,0.191397085827,0.176579390869,0.138358860353,0.116676955076,0.112178915156,0.103618774053,0.097134152988,0.085749263022,0.073440092508,0.084271946128,0.089465418727,0.111276113434,0.143167232632,0.190682371880,0.190043464492,0.157184122989,0.150431312295,0.125110202749,0.108565168145,0.067679142356,0.022891327374,0.013348850854,0.020867950560,0.032324219587,0.034115523123,0.026281653737,0.017251586458,0.013365310208,0.017324589179,0.052101152108,0.283158119306,0.298588722467,0.162881682934,0.103808415938,0.091156500145,0.074267294760,0.079649638601,0.126782246147,0.130706501116,0.090575093471,0.045688999994,0.025324371599,0.017908001854,0.024266943247,0.018328834174,0.010544644332,0.009565787956,0.006781383650,0.003423681807,0.001905497614,0.001832044988,0.002256132917,0.005668953720,0.022332928868,0.115781000438
0.473929742642,0.530801634941,0.406795312916,0.292774690177,0.276557924795,0.275630998721,0.200201875680,0.141463920876,0.123282242837,0.138418625684,0.143221117503,0.126861703139,0.091928217843,0.067405661776,0.073739446313,0.081600804855,0.104096219499,0.126721623897,0.162164070541,0.173868955430,0.185846302199,0.230022367335,0.207477254458,0.142670717825,0.037077529519,0.008822275617,0.007734143652,0.012146461639,0.019492544051,0.020944055946,0.016490500691,0.011937925956,0.011378491475,0.017825208791,0.038715181440,0.095778388711,0.156903396326,0.199275365109,0.174048580783,0.142832096738,0.101519434454,0.099072934071,0.153834402569,0.184213469119,0.128937011115,0.059327042663,0.029815044759,0.019407835201,0.014208754837,0.014080192853,0.013360135901,0.014127724717,0.012098844681,0.006400669511,0.003263116166,0.002901103755,0.004257380894,0.013678952034,0.051797067139,0.182684074350
0.385340284450,0.359391546008,0.367339803443,0.330030343663,0.299839125798,0.217958327124,0.133370632729,0.103866195100,0.109659582902,0.143538083356,0.171652927910,0.159461954389,0.114648406889,0.072675266840,0.065991463601,0.070385051857,0.102919085758,0.143396436415,0.185772738186,0.186444467226,0.183248686092,0.200307671853,0.165347189608,0.172526406193,0.111128332793,0.049776648496,0.026258333006,0.010385571151,0.008705321760,0.009271382957,0.007988862032,0.006792235649,0.007963357189,0.015818133300,0.042931324723,0.112881411566,0.188817882069,0.214414364821,0.155598815267,0.131273422687,0.118939060300,0.130591432593,0.167857672847,0.182825041645,0.155547816559,0.098624159420,0.051503619155,0.023935204532,0.012129053780,0.011253282626,0.012342399554,0.015599929921,0.015723050930,0.009909141246,0.005826311464,0.005503497717,0.008773095310,0.031791736193,0.115240234598,0.255505897763
0.367323626647,0.357552792033,0.410687725647,0.347523538220,0.239564722471,0.128432560680,0.070545329823,0.069208258494,0.091668225527,0.135578686205,0.171154950080,0.158291928927,0.130735316438,0.093933931823,0.084292907001,0.091199629041,0.119366680875,0.145884580766,0.185372605626,0.188204438976,0.194353853790,0.210456118243,0.186077380053,0.220546273100,0.187476453002,0.139093116064,0.100165093258,0.047171250892,0.014467897973,0.007501709957,0.006011576797,0.005356505602,0.005944302325,0.010182445272,0.028108134182,0.093006211647,0.183123134340,0.234310165289,0.167277368758,0.128992109758,0.110161949949,0.127131191101,0.180405477724,0.212186691738,0.172469660808,0.100357668988,0.046826220978,0.023453309813,0.015380623591,0.014027657781,0.013286791514,0.014730209199,0.014754188827,0.011079298915,0.008077538761,0.008832531172,0.016666868834,0.054140493020,0.148292837939,0.272657037527
0.323256421108,0.355154275711,0.361740033594,0.240639261649,0.110372202567,0.040667768910,0.022079644898,0.028501009960,0.056500484660,0.122372066625,0.200619010198,0.199981658054,0.181514788937,0.134515713266,0.106052741546,0.111912361352,0.141228271644,0.214478391404,0.319366148206,0.307799174503,0.265098743485,0.218641606309,0.219716280055,0.286530996592,0.325447305478,0.327581903637,0.240304388469,0.144794626094,0.084978891963,0.042141323622,0.011885398635,0.005808434862,0.005277510282,0.008813469184,0.023641548917,0.079969512673,0.161853369827,0.256696376568,0.255746960601,0.220970728363,0.168197876328,0.144273428463,0.187968151676,0.203916662545,0.160857533012,0.088896317877,0.041628657656,0.027384495612,0.025966881447,0.026818280309,0.020235466098,0.013497511982,0.011071493551,0.014355713500,0.028513459539,0.066306651748,0.107811844301,0.125581869974,0.159070660576,0.246873309366
0.397298608969,0.399365505256,0.307737753231,0.157178233057,0.081006148185,0.042658819541,0.027242874473,0.030442155338,0.043029877444,0.069246393250,0.122662911061,0.158693350794,0.167958711753,0.140177830267,0.129965828538,0.134392561896,0.135970046176,0.156239237949,0.270069132578,0.359209708584,0.312028343715,0.185536331674,0.153323685375,0.212040041921,0.293652473296,0.250511658423,0.169864287392,0.129416641365,0.113049395217,0.052543098629,0.012401406781,0.003984487033,0.003507908725,0.006212124197,0.016730530662,0.063047248766,0.152885135343,0.217446255813,0.214866425092,0.223475288869,0.207868895641,0.166895062813,0.174616998357,0.192322906091,0.205803805759,0.108806654836,0.066065656665,0.046030370393,0.031877523559,0.020976736389,0.012004058065,0.009007185814,0.008714473860,0.012357226239,0.029338424477,0.057447921005,0.049208762225,0.055373284797,0.110362139483,0.227903949314
0.465743561348,0.407406636837,0.293849752248,0.163556499228,0.116609305759,0.088457180863,0.057526603063,0.045739409150,0.046140664689,0.062321428247,0.094949075870,0.116183867568,0.116387727970,0.100242301864,0.096511910309,0.112942853004,0.164795287802,0.220036021140,0.306261785465,0.348124824222,0.317684988113,0.215623893278,0.138299454160,0.146847325095,0.165561523454,0.143500272921,0.091214624043,0.036568795394,0.008705462306,0.004587866154,0.002672741817,0.002177462014,0.002499519348,0.004902222945,0.014103310609,0.056290337466,0.144220013379,0.196328672768,0.186749814512,0.220995341398,0.233922485185,0.154593568307,0.136662333804,0.130883749553,0.140662215959,0.105305074376,0.065381555307,0.046368124156,0.046328991564,0.036174562113,0.017009822356,0.011651674678,0.010885839219,0.013098589830,0.025498225888,0.032829379848,0.029816999302,0.035562354819,0.083120763117,0.227738937261
0.530791846931,0.428827103667,0.304345667534,0.192463550435,0.160750298977,0.133175320455,0.072392119686,0.045590589741,0.034424134016,0.040385830693,0.057806410645,0.081811475072,0.104480663476,0.109398418490,0.113288480549,0.122938578230,0.162264698155,0.209748592998,0.265139014820,0.311610674271,0.292372940387,0.180668222172,0.086652858889,0.090245338840,0.131718921231,0.128750465036,0.047804413620,0.010210732011,0.004160250827,0.003683457311,0.002999318015,0.002483207418,0.002854012298,0.005916776650,0.017840062471,0.066911318024,0.148466267930,0.169547133510,0.115916205600,0.101614530961,0.167675157445,0.167363832296,0.191878619913,0.164312966736,0.125123619462,0.064752167664,0.044493704295,0.030533955687,0.029360720507,0.022686086984,0.016288120175,0.015392861326,0.014128667204,0.012770934011,0.015316108867,0.013524221870,0.015043284496,0.030676090448,0.083775061016,0.253179284955
0.548534816141,0.393264499008,0.299774463246,0.228541726056,0.190969334897,0.136960587060,0.058153057580,0.033085592366,0.027021017711,0.037119191554,0.062994007635,0.096300938400,0.100536269804,0.097051875171,0.111451807251,0.143912834589,0.181506302659,0.165360566428,0.179938489872,0.251315068709,0.221973875848,0.168839856260,0.156181555203,0.179568649453,0.149834318308,0.060556899674,0.010944143320,0.004230563136,0.003583988743,0.003653291492,0.003536893374,0.003396007049,0.004201394468,0.008623060044,0.023295842874,0.071361958850,0.122871265991,0.118424207921,0.077063512894,0.054181986642,0.065722619420,0.116117205429,0.200962445470,0.204018890593,0.159493573713,0.048230138914,0.015696531770,0.007650939150,0.009319854443,0.015315918179,0.021983559154,0.022004459696,0.014805430733,0.007618357508,0.006356843430,0.007878267910,0.010457758023,0.030161672880,0.102984136066,0.304178117864
0.511373230821,0.510858110600,0.360207488630,0.180791785060,0.087515327952,0.054244394309,0.037573476665,0.032916909207,0.030252697361,0.040784394007,0.059172887276,0.078572056267,0.079884916902,0.080805695728,0.093774712388,0.109175841620,0.129287989386,0.176359912681,0.202785386977,0.228898553302,0.185298470348,0.153292003146,0.149518518169,0.155356697102,0.132875627071,0.073420519468,0.019437814346,0.006453833166,0.004391277383,0.004142839161,0.004303136234,0.004278355075,0.005182630600,0.010804152540,0.030465323245,0.081637183343,0.109936735204,0.090358855387,0.060371553263,0.040609158396,0.046465053620,0.127418328122,0.270721282035,0.183206920944,0.068268247661,0.011628622708,0.004411588588,0.003910099458,0.006663562983,0.015751175402,0.028280211188,0.028816975148,0.019136547127,0.011860020209,0.012024279773,0.017390650407,0.019301218574,0.031495425513,0.068707198072,0.211030574078
0.575092939692,0.544894448964,0.320699346734,0.130559767697,0.053652577682,0.035338462584,0.032962676667,0.030141750213,0.026469430431,0.036278952688,0.047701270668,0.048096589949,0.043871219145,0.051938705192,0.087659270611,0.142666179588,0.166914676683,0.181826910710,0.165845162049,0.148537874407,0.105642330936,0.122996533582,0.174193422772,0.192951533307,0.141615311322,0.070814544736,0.026927065792,0.014819959887,0.009892251664,0.007216762210,0.006666684136,0.006212078893,0.006975166134,0.013803772645,0.038443227398,0.098650579977,0.107775782541,0.067410316305,0.038873963104,0.023435495788,0.025656542759,0.084915500543,0.263326555002,0.179950178412,0.055806131174,0.005934180366,0.002327384073,0.002489118551,0.004147685282,0.011068719038,0.022776926503,0.026431317200,0.023194946901,0.021385584806,0.021183622254,0.021424617888,0.015189619224,0.023323302585,0.058095916324,0.215441269511
0.626911349412,0.462481056053,0.265400208500,0.105613434888,0.040558149589,0.028057431678,0.030655745633,0.027834245599,0.021077623159,0.026308644836,0.041950246019,0.051118198772,0.046353356959,0.047205544594,0.073921066208,0.120689480199,0.139796185498,0.165089701626,0.151379597767,0.167600432618,0.119564686017,0.114897595405,0.181946013343,0.225592828418,0.165522077471,0.093428611507,0.055129241574,0.056657181402,0.063258729223,0.032474763934,0.011457422628,0.007027096174,0.007597552494,0.016312001372,0.051140048720,0.130003132300,0.112110147082,0.053721656556,0.029857356387,0.022781340605,0.037888801637,0.096562362063,0.206467038840,0.127311960336,0.031628303087,0.003004958091,0.001664883730,0.002206955871,0.003639027138,0.007948594243,0.013877973203,0.017535379297,0.016542273112,0.010313371813,0.006508804456,0.006773397480,0.008067875183,0.027306564426,0.101203533479,0.315275843207
0.514674477372,0.395462645726,0.328456395348,0.153969856552,0.038235304587,0.025972869128,0.032285757611,0.028450439221,0.020606487285,0.028622368437,0.048686434419,0.048315987139,0.038341410438,0.035678355738,0.062219497074,0.130555229596,0.173551454533,0.196863540171,0.159694905790,0.171465761207,0.160170932531,0.209268596788,0.282321666317,0.215086893127,0.145399854234,0.129872767499,0.147813845606,0.176510839183,0.128883412709,0.050434579056,0.017245488758,0.008832039795,0.009106650756,0.021668543126,0.078476286887,0.185612610994,0.132779392488,0.060506666209,0.035602304404,0.022653480278,0.028788516021,0.058007917386,0.095420342351,0.039524977542,0.008024319878,0.001414880927,0.001015564886,0.001535231544,0.002697118706,0.005157345910,0.007612241669,0.008261505067,0.006485622466,0.003766304103,0.002748013332,0.003268558053,0.004605449712,0.029840403074,0.158387302773,0.386894636306
0.475573712510,0.438899669598,0.340424777517,0.112995328429,0.039063127312,0.035211131590,0.041696915273,0.030379554769,0.017383016382,0.016573025081,0.025320651196,0.037727646143,0.041671575729,0.040046071921,0.054017785787,0.101724431623,0.153052425098,0.228757709384,0.210307469592,0.197041668929,0.173109182325,0.247652672417,0.298341943546,0.187525364418,0.117180994656,0.124776203388,0.231811495166,0.363234564116,0.247865228368,0.073047058043,0.021584462217,0.010265270966,0.010283567307,0.022641648930,0.076763421217,0.205458835777,0.202962011155,0.083023870854,0.022625014809,0.010178562119,0.010080265790,0.015649402789,0.019593115966,0.004880111766,0.000914246128,0.000385182234,0.000523761859,0.000899258199,0.001551749510,0.002605544022,0.003329335865,0.002992527112,0.002083754760,0.001306588415,0.000810397477,0.001199908257,0.002540231897,0.020110672357,0.127998088476,0.349775980534
0.486184848336,0.549845837897,0.269550186290,0.131593804245,0.033731477031,0.027769204316,0.035748690925,0.028742823081,0.017503308550,0.014187047740,0.016495563003,0.023362364413,0.030583596454,0.034795984084,0.054487538107,0.114110717621,0.172483537179,0.238719407110,0.155809828929,0.130033076770,0.142595112662,0.232675300889,0.326013122270,0.224731488168,0.140254878136,0.165014600516,0.290895314922,0.455579424369,0.316907076869,0.083875534021,0.025859919131,0.014860699735,0.018125558824,0.033671767391,0.078723265338,0.172977742311,0.141609019908,0.036045988317,0.011387637915,0.006686448613,0.006296293530,0.008458978546,0.008933531156,0.002092881288,0.000606331613,0.000295836391,0.000339395879,0.000435013615,0.000593080730,0.000873057919,0.001180544040,0.001304091403,0.001049685972,0.000629265610,0.000296130043,0.000393569344,0.000960321311,0.008015009415,0.064276428481,0.250576429848
0.425281778717,0.417353818049,0.196232155428,0.067685321591,0.036934974317,0.026994941086,0.024429684727,0.017099732570,0.014237053943,0.013544731553,0.014110708108,0.017248313469,0.020359833115,0.022887999529,0.037229249303,0.108426216217,0.209411379509,0.257999716039,0.118277076361,0.079419670627,0.069487624600,0.110687427905,0.227767492041,0.249774569949,0.227037031262,0.303903189143,0.452129581708,0.512916518112,0.265103213286,0.084783066099,0.036258893516,0.017300756349,0.011555711944,0.014537435441,0.041692505278,0.106581087270,0.081252843601,0.024532750194,0.011035566524,0.007089585311,0.006567060587,0.008092365030,0.006823413969,0.002069281712,0.000990859263,0.000497958408,0.000423746401,0.000340840783,0.000271028459,0.000271365927,0.000338808923,0.000472632072,0.000432288466,0.000240514821,0.000106312442,0.000121605795,0.000280841902,0.002468599233,0.026724835960,0.160657556540
0.218050198842,0.279921609982,0.182243668619,0.093464777202,0.045336560668,0.021913027033,0.020141918482,0.014879433531,0.013614433148,0.012853692755,0.011392118289,0.011962393033,0.012216291588,0.014362516018,0.022163569710,0.051983196123,0.114223821211,0.209941315817,0.146445726249,0.090607835735,0.050628899355,0.026925382696,0.032711822853,0.062305960613,0.225225437964,0.637995074205,0.729329310467,0.360277077817,0.146129146057,0.064657230969,0.031426064621,0.016002417594,0.012594080365,0.023269172897,0.058869158241,0.059124982548,0.025089005838,0.014411836710,0.010563519408,0.008401427402,0.008051880279,0.006789446012,0.005405262180,0.002839242572,0.002294755753,0.001507807963,0.001050208595,0.000570101768,0.000260781790,0.000155989033,0.000130732604,0.000171690205,0.000222772678,0.000175926923,0.000108344664,0.000116723874,0.000261539313,0.001624223991,0.012658497825,0.068568367638
0.099240233401,0.211091907690,0.202860389117,0.119536861845,0.065163065636,0.028405416715,0.021586877340,0.014898391449,0.017681942242,0.019376306415,0.008925282116,0.007102624514,0.007352503186,0.009502884274,0.017009341711,0.037989938524,0.064768278879,0.121869456900,0.116050093464,0.082176427419,0.043700102207,0.011011404814,0.007374506413,0.016119852659,0.131138171224,0.627595692006,0.831958912836,0.365029294905,0.132241112095,0.054499667341,0.018760086296,0.006173823928,0.004515889025,0.011091626876,0.046737085321,0.065169552064,0.023472303787,0.012929752038,0.012095587130,0.009977654453,0.007496269604,0.004838958953,0.004037322592,0.003464889599,0.007167539605,0.005110165992,0.002924046443,0.001369667659,0.000499261019,0.000223940988,0.000144173140,0.000168125810,0.000252422472,0.000383371508,0.000360634515,0.000424982797,0.000713711730,0.001838950649,0.006311866119,0.024480641359
0.071590393693,0.166169640081,0.183904433916,0.114172822922,0.061189082732,0.030440549040,0.041745405081,0.018223644323,0.012381324996,0.016538905283,0.009674791445,0.003980519364,0.003928214834,0.005549099542,0.011945185084,0.029365712463,0.040498448059,0.063855956503,0.069856040894,0.056765251779,0.035369910823,0.011101540505,0.006160751663,0.007495746763,0.042648621493,0.286609993657,0.835770754594,0.578071297036,0.157044747762,0.033541708762,0.008034090462,0.001932261791,0.001104291897,0.002357066990,0.014584181405,0.050865410894,0.031927944850,0.013176527255,0.009974519610,0.007070883313,0.005033582778,0.003033727668,0.002715456082,0.003282053653,0.007159177330,0.010147392790,0.006487338990,0.002901794107,0.001055923803,0.000418517379,0.000214374124,0.000202271695,0.000317420737,0.000550084877,0.000561021541,0.000555939715,0.000548391940,0.001020201386,0.004155568099,0.017886422740
0.061264403208,0.130070365465,0.139781911468,0.104945195928,0.060973614350,0.031781404515,0.030404463095,0.018804961212,0.016636106523,0.020577654339,0.031048522796,0.009408841187,0.002992866084,0.004204235847,0.009113712976,0.020880467886,0.022607212088,0.023937405033,0.030904785663,0.053352008660,0.043534295967,0.009598180541,0.003899165852,0.003346825056,0.013014703858,0.095241417054,0.535732955356,0.846158780055,0.288407032496,0.027839187291,0.002803258357,0.000315066620,0.000128013411,0.000292556054,0.003084528196,0.031558238337,0.048383114958,0.020301939695,0.010820569579,0.006273722844,0.004010402821,0.002700753963,0.002061117960,0.002908588694,0.007315590817,0.010955332952,0.007882893525,0.003751559245,0.001430660486,0.000593017628,0.000349636144,0.000332098506,0.000460004550,0.000671444529,0.001154773555,0.000707606741,0.000532244965,0.001193965038,0.004554406554,0.016623726752
0.048608751325,0.093997897933,0.112834465091,0.098570554005,0.046877942134,0.022816401882,0.017151582433,0.010804678992,0.012976245833,0.019950762197,0.064934386553,0.027837862143,0.002298835305,0.002457866518,0.004897087275,0.009888877288,0.009163845712,0.007631978292,0.012385486782,0.031394954295,0.024105761594,0.004211848728,0.001205898403,0.000917791276,0.003384656478,0.029003545858,0.283897186868,0.886849118610,0.384491864704,0.024652636127,0.001575406672,0.000146696366,0.000067927664,0.000127714730,0.001241702730,0.020542590007,0.042975539590,0.020025059596,0.010080945030,0.004462584480,0.001734336814,0.000612208121,0.000630168469,0.001645341793,0.007039605560,0.011549779447,0.007316515784,0.002609615027,0.000960964992,0.000522242442,0.000443073781,0.000494660462,0.000631707731,0.000742279342,0.001167143178,0.000953522929,0.000401795483,0.001185022467,0.005158022636,0.017072430561
0.064656873437,0.091102744301,0.094397428777,0.091924270678,0.057314682714,0.034719815700,0.027773927728,0.012585076926,0.010544333153,0.015688959955,0.057464985665,0.034350235201,0.002485041775,0.001976724875,0.003068852942,0.003873809941,0.002392843973,0.001209548471,0.002127500544,0.013613723102,0.020841086074,0.005289568083,0.001308125036,0.000586723734,0.001380241472,0.011947895958,0.182130061513,0.886240160617,0.433564811308,0.030092687902,0.001589103535,0.000144158244,0.000087053129,0.000145775779,0.000736351699,0.008898623876,0.025346169609,0.016799980654,0.008387645394,0.002888897351,0.000962587125,0.000405474394,0.000416536420,0.001551686571,0.006674112504,0.008184899094,0.004417951498,0.001259067856,0.000510508631,0.000482870118,0.000618782459,0.000813255190,0.000887395755,0.000776427062,0.000932772138,0.002255065574,0.000938490390,0.001833263330,0.009527595022,0.031082169848
0.066419038672,0.087412696056,0.096044359593,0.110030144803,0.071509528182,0.032897785578,0.013831087965,0.005936919680,0.007586058731,0.015876144552,0.056357556706,0.035335101927,0.003083937604,0.001206972173,0.001244750793,0.001011329045,0.000525556630,0.000241215765,0.000717898834,0.008312265222,0.012759818126,0.002617955818,0.000554949364,0.000256157556,0.000578354088,0.007506163217,0.172473706461,0.872177416141,0.449405817928,0.039477779223,0.001821687759,0.000207262624,0.000163255889,0.000221650207,0.000769070304,0.005078028279,0.011629853455,0.010878559678,0.006362982330,0.001838411106,0.000498782688,0.000197834344,0.000380758530,0.001641515544,0.005719530781,0.005618572334,0.005229645383,0.001690768016,0.000320241266,0.000352371065,0.000504586764,0.000746953484,0.000810193001,0.000750901809,0.000974033078,0.005295113583,0.010445626644,0.014068064488,0.028237735490,0.049798959279
0.056744802984,0.088629362168,0.113382598615,0.116692538325,0.080444098563,0.039664014802,0.012582346539,0.002913239061,0.003038044438,0.004138748124,0.019134413684,0.036231154825,0.004149192574,0.001313194920,0.001113518315,0.000815247302,0.000432739816,0.000201934839,0.000694819432,0.006685252937,0.010229064501,0.004538205916,0.001674572250,0.000783038731,0.001517496341,0.013517620038,0.241486470353,0.895079472927,0.351927339712,0.034831467147,0.002506672648,0.000383891024,0.000279955478,0.000352980917,0.000978873544,0.003819376512,0.008740207891,0.010801949240,0.005918167386,0.001481218815,0.000409001760,0.000201789208,0.000456134748,0.001590557550,0.004171128864,0.004080225371,0.001581135195,0.000574120003,0.000219314481,0.000211949290,0.000279047967,0.000455988536,0.000541536014,0.000587682634,0.001683569761,0.006763913652,0.014340061749,0.031278486432,0.069772563262,0.064697037524
0.051378082968,0.114106488444,0.129503280913,0.145285059745,0.115578635297,0.034568943742,0.008247265321,0.002089787745,0.003178402932,0.009035447175,0.031004662518,0.016991647809,0.002878610736,0.001914920834,0.001731740767,0.001396079899,0.000753244017,0.000512269678,0.002630121367,0.008990279763,0.012154053568,0.008883425227,0.007856988609,0.008167554223,0.022464776079,0.107933289610,0.585710064269,0.752045528992,0.218235871021,0.030503169480,0.003206503263,0.000554256082,0.000329654186,0.000424353408,0.001240639755,0.003970041507,0.008810456282,0.012925360760,0.007437981525,0.001923438914,0.000534037703,0.000228668138,0.000405833483,0.001147092023,0.003126411593,0.004319972096,0.002002688251,0.000286074829,0.000092671682,0.000072424029,0.000075940663,0.000127734754,0.000211978002,0.000404912635,0.001502191849,0.009090039317,0.025638117373,0.053748608185,0.083894182783,0.051833318707
0.057485684225,0.146185704788,0.171523085055,0.201670558875,0.167377196905,0.028160160738,0.004200728579,0.001430747825,0.003053071605,0.011684252075,0.025296686491,0.007700039744,0.002533814654,0.002304189461,0.002591535935,0.002544208738,0.001962830995,0.003535667160,0.009956379804,0.014644382858,0.017440385966,0.015111244230,0.019022757238,0.029748669131,0.105498613676,0.348450955669,0.775803208755,0.449617115994,0.118463181436,0.024882879218,0.003516572319,0.000690137803,0.000386328115,0.000541417445,0.001750603956,0.005056859316,0.010514362418,0.015253774352,0.009546996602,0.002998408300,0.000971484715,0.000370468778,0.000431391428,0.000857187174,0.003402373733,0.006124720071,0.000855732926,0.000113247361,0.000052167120,0.000050000000,0.000050000000,0.000058139807,0.000095448306,0.000283233053,0.001138381229,0.007523710762,0.045477461684,0.075079764882,0.065749421241,0.036105262095
0.110828977763,0.219713450475,0.237626969248,0.272586397278,0.234223499889,0.050236499434,0.014953455283,0.003434516482,0.004762559989,0.011643271070,0.011451427555,0.003533732405,0.002105209874,0.002324138071,0.003228586188,0.005109088778,0.010659356339,0.019499124828,0.021559351232,0.016845733923,0.021973858849,0.031310500997,0.062955578666,0.123455322734,0.378309569124,0.657669680181,0.535221674972,0.186797652905,0.062910809514,0.028770719051,0.008733294296,0.002295038500,0.000920854754,0.001229838207,0.003380031837,0.008395857381,0.015552807456,0.018142441227,0.010880826785,0.004072954261,0.001685660418,0.000822816283,0.002161449358,0.013439585078,0.033411873158,0.008035225843,0.000193886949,0.000050000000,0.000050000000,0.000050000000,0.000050000000,0.000050000000,0.000073450744,0.000294950180,0.001816712852,0.021261824924,0.094940838461,0.073113575119,0.041027925685,0.041786463104
0.134284474408,0.199734516931,0.277067595991,0.282019972442,0.241328929834,0.080879464677,0.035681968755,0.011703680991,0.013656442062,0.017236549448,0.007722003728,0.002237156218,0.001685630804,0.002075053578,0.003585161160,0.011481555785,0.031475733778,0.043345654984,0.032433763753,0.019657369944,0.024652543254,0.054969755038,0.163175092053,0.381564045180,0.674764222505,0.460450613729,0.223979553106,0.106045785697,0.051752789004,0.029676951677,0.010090160820,0.003368060231,0.001390083470,0.001563355995,0.004275486758,0.012124809559,0.020005977940,0.018763403405,0.009745564182,0.003822737135,0.002108809616,0.004894568131,0.051534246421,0.114530588738,0.030347624620,0.000577244945,0.000050000000,0.000050000000,0.000050000000,0.000050000000,0.000050000000,0.000104123016,0.000529814781,0.001827333784,0.008435621966,0.041919695360,0.067300301858,0.049639597860,0.090337452689,0.135684636182
0.104637336944,0.282226916020,0.284573691168,0.230521532106,0.222657164837,0.112749849176,0.071979870970,0.027753639475,0.020072789736,0.016310898244,0.003600908808,0.001425322910,0.001240735448,0.001749184495,0.005771438070,0.023836553455,0.045488085182,0.056760715358,0.041441710182,0.029754144166,0.043353278945,0.135217087248,0.393072865350,0.616167022173,0.472391247539,0.185116248488,0.068618783816,0.044273205918,0.036562975757,0.033654188128,0.012053853480,0.002911540288,0.001424892293,0.002274909653,0.006086567088,0.014412732610,0.019086185026,0.017500102707,0.011220592148,0.005259387074,0.004362228584,0.022788974687,0.162339688796,0.081132641825,0.002628486075,0.000051121851,0.000050000000,0.000050000000,0.000050000000,0.000050000000,0.000179368427,0.000555642144,0.001998530199,0.006748550464,0.021537274866,0.044223456223,0.038961565332,0.063182429984,0.155748684935,0.122532003304
0.221751396606,0.376658542741,0.206282066210,0.190021033650,0.228034217240,0.123880867633,0.070752117832,0.020445663420,0.007255515779,0.003119582789,0.001281400151,0.001145630521,0.001222758687,0.003040570711,0.010714467885,0.032921574703,0.049424707196,0.063977251624,0.063101107725,0.083081034768,0.160261240383,0.402216218247,0.552973339451,0.440320487610,0.218964990150,0.097934898947,0.053094892481,0.043339889795,0.037752119852,0.030998859894,0.009811162003,0.002725300110,0.002668356648,0.004528786117,0.008791120858,0.015217395329,0.018087109871,0.020509030186,0.017211026347,0.013459428019,0.022824666178,0.125750317726,0.146911791746,0.006759224852,0.000136870358,0.000050000000,0.000050000000,0.000050000000,0.000050000000,0.000079221678,0.000274267175,0.001070212414,0.004787539281,0.016833385835,0.030895811290,0.044069621887,0.068034014112,0.118990568915,0.118248782813,0.113468054968
0.304794023082,0.293954860340,0.143057399193,0.165501333386,0.224054764595,0.108610080738,0.040206225381,0.006244313852,0.001938146214,0.001222471216,0.001053156375,0.001210187245,0.001762530454,0.004573267566,0.010670004652,0.026204015955,0.045748249803,0.092843304960,0.157189359051,0.284343226803,0.406378777264,0.530232908699,0.321682929125,0.163314440918,0.110935541297,0.091521778808,0.070441544900,0.049514517211,0.028076867616,0.014714644327,0.005283142215,0.003204276038,0.004347253480,0.006070414740,0.008561675064,0.011972448552,0.012121782902,0.012631545892,0.020034854295,0.121499466690,0.248152796652,0.073901224880,0.004817432488,0.000384297210,0.000092217099,0.000053877475,0.000050000000,0.000050000000,0.000083508563,0.000179675128,0.000515247903,0.002141183237,0.006403664607,0.016992442781,0.050015130900,0.130186100536,0.168811603933,0.080297450490,0.096650105384,0.218766371344
0.194916227409,0.149250008570,0.116440352488,0.177663265880,0.213417333480,0.056946362849,0.008215986692,0.001506532313,0.000790499593,0.000694661965,0.000942607689,0.001718421091,0.003409142176,0.006174088355,0.008559954325,0.021543715841,0.061845465071,0.182825743288,0.396516388181,0.527293748485,0.335711105677,0.180441180173,0.115256291004,0.131034638973,0.182941100570,0.133353319178,0.053749537110,0.016411394351,0.005985670633,0.004282554761,0.003292327797,0.002910299425,0.003140810414,0.003257729580,0.003864087491,0.005655480301,0.007247205428,0.012510297756,0.121879851518,0.330312137234,0.095969503850,0.014376673227,0.002435036521,0.000618072444,0.000203060865,0.000149407866,0.000157977563,0.000130767565,0.000254148711,0.000695508071,0.001887235069,0.004940556898,0.016062639680,0.062107379515,0.184549136342,0.146178431621,0.069813010825,0.075422526980,0.177520287571,0.264134586086
0.141343065605,0.093790047993,0.074910369680,0.128660416854,0.114554045214,0.021515908039,0.003472366520,0.000638100058,0.000321383025,0.000599770552,0.006602229441,0.016543751330,0.004167758633,0.002194272964,0.007060446268,0.032985561353,0.146795913533,0.419662664330,0.625772126242,0.321253132306,0.104221884632,0.062672338796,0.083086167905,0.143865422430,0.211928100841,0.106745678518,0.027302129842,0.007720479244,0.005142314539,0.005137952493,0.003094846360,0.001699579361,0.001230197274,0.000954631308,0.001245306199,0.003015287895,0.010380702389,0.175031095760,0.277280752686,0.050279102635,0.009680269291,0.006621041214,0.006442688754,0.007925056658,0.004180373157,0.003929349603,0.001750011784,0.000523490103,0.000462005209,0.000789820790,0.001858790240,0.009231082752,0.085702947188,0.223664645057,0.119761113600,0.039052289489,0.051016204802,0.096089100578,0.166893926270,0.204889641778
0.156786517364,0.113924404081,0.060508383559,0.055562707740,0.038183357851,0.007643310466,0.001279758070,0.000220346122,0.000166989943,0.001747541042,0.023576418864,0.022717428321,0.004067418773,0.001546629158,0.007854223345,0.067834326799,0.385924237141,0.668838003697,0.464208541916,0.146303088153,0.051904986149,0.028580415143,0.036103730800,0.069437866583,0.149395527786,0.099893381002,0.020727299809,0.008627589259,0.008230951182,0.007320687982,0.003189049230,0.001137818674,0.000620020906,0.000484316084,0.001115096044,0.004993035761,0.041056780550,0.247721855001,0.091555425002,0.016714742962,0.002459949141,0.002418849818,0.005353463562,0.024797904719,0.054214849133,0.015938804122,0.001582991335,0.000785967890,0.000574061775,0.001002978396,0.004610607000,0.053573727524,0.174602542630,0.122746277193,0.052391798003,0.049690037373,0.112664149310,0.115455951967,0.098989286802,0.135207737323
0.141435461668,0.106198629056,0.077367419918,0.044892589082,0.015539511926,0.002562071307,0.000702855130,0.000404861422,0.002127571856,0.023078329191,0.086669413673,0.027932979819,0.004796971908,0.006063436839,0.041073538102,0.237454223765,0.710572168533,0.544945417564,0.211592060418,0.055914551800,0.027254213440,0.020409883135,0.028290247083,0.047433296453,0.081827219172,0.062501841841,0.023464711485,0.015937953033,0.012112233340,0.006975381851,0.002055385374,0.000617552079,0.000384675788,0.000510272443,0.001908701924,0.018943077398,0.125483556758,0.090967781002,0.017740329531,0.004090151596,0.001730349411,0.008055788726,0.035777304425,0.092155008558,0.074426761848,0.009000148362,0.001371617980,0.000837678837,0.001036312556,0.002064211663,0.015149089328,0.096162259085,0.125823566234,0.070520816151,0.052784152196,0.083560063198,0.136351019794,0.099265259586,0.089671118944,0.132813741772
0.050246053269,0.085029573730,0.098774037492,0.037324759898,0.008093986911,0.001296015384,0.000631842398,0.002206594284,0.024374392759,0.072548400441,0.065390478383,0.016725690502,0.013902697263,0.038146994702,0.191491846535,0.569259803796,0.731502095861,0.253396633355,0.080082350905,0.026715968252,0.017129867251,0.014562838452,0.020661456847,0.037084547215,0.047371811847,0.034772244472,0.023524665361,0.026436939009,0.018482024511,0.007153340368,0.001500682190,0.000465146389,0.000444037348,0.001031373863,0.005905992486,0.058163891364,0.040485220670,0.010097931410,0.002218043637,0.000602165585,0.000678019499,0.005237062042,0.049256707942,0.079902412978,0.016363890153,0.002169140193,0.001706259237,0.001979444231,0.003397439436,0.010788040538,0.043251384883,0.093834994212,0.065807056220,0.030981168129,0.048595857085,0.104057187610,0.137713101060,0.086145917123,0.057443096345,0.047243494317
0.022030203485,0.068613293995,0.100864978126,0.046409233326,0.011388334308,0.001751796378,0.001251584664,0.004548170619,0.039305062815,0.072551550316,0.019447523936,0.009832616527,0.038446627213,0.163579221785,0.554258791653,0.710951091468,0.400843704662,0.105931351826,0.034581048916,0.017132361645,0.015668953492,0.017058483721,0.020014611242,0.018921985168,0.013440018820,0.011927574024,0.019805250855,0.041035087441,0.028406923649,0.007689495476,0.001182688443,0.000357917371,0.000440783891,0.003434366046,0.034530538449,0.017074193167,0.006090471560,0.001937087632,0.003229814968,0.012040304323,0.023043323210,0.045888109197,0.122843789341,0.049020823424,0.004854030760,0.001162229685,0.001586361509,0.001810844080,0.006894972934,0.045276472780,0.111447186803,0.050282489658,0.017401315719,0.025371821976,0.085784494219,0.133975593683,0.109585391944,0.066971175252,0.030323980864,0.011827320158
0.011464826124,0.037122031755,0.080015479720,0.063648898477,0.016568962200,0.002572744512,0.002104056663,0.008850070832,0.036889727343,0.034923885648,0.020750006958,0.024043363413,0.122623845434,0.444629593955,0.726272282965,0.474159545934,0.172811238321,0.053738072014,0.021751827545,0.012780482894,0.012764054787,0.017398405918,0.018376591822,0.006958599796,0.002381692443,0.004570351093,0.018745965556,0.051740215204,0.037013449180,0.008504261352,0.001164884136,0.000376872391,0.000448041578,0.002166060938,0.007073242677,0.007142552504,0.003498771176,0.001525546973,0.007168536114,0.024242954282,0.069615221201,0.140521912754,0.106577030627,0.014571589018,0.002314995375,0.000943160459,0.001484292982,0.003660428552,0.031928800391,0.110521232757,0.067633658166,0.015364305362,0.012264389620,0.041183972772,0.107035323629,0.118261853356,0.093657922666,0.039907936199,0.007208730088,0.004112397008
0.010917568909,0.031274684518,0.062095662444,0.058783885083,0.024665400927,0.008974215343,0.009867337856,0.006575356350,0.006578196020,0.011799195325,0.016262254948,0.044388393283,0.297303210485,0.790120001952,0.534451791602,0.187276792522,0.070507366927,0.043358669307,0.027475095280,0.013711793354,0.012340535015,0.016406494298,0.012595019585,0.002846272207,0.001338715785,0.004193190663,0.018046609484,0.046781886080,0.034634749050,0.010170116422,0.001964074554,0.000554717659,0.000411351801,0.001308519338,0.003254196629,0.004319448118,0.007152000009,0.011759224746,0.028798660714,0.045862037322,0.108731149701,0.157394698099,0.049576389083,0.002786103407,0.000913590577,0.000873775696,0.001841077539,0.013546603329,0.077811227789,0.065140856606,0.012562561458,0.008504677343,0.023050792123,0.064841906495,0.080257148239,0.082804275945,0.049668204667,0.012935180866,0.005712453161,0.005742014798
0.018767658540,0.037718539047,0.044499287945,0.042386615449,0.036151051351,0.018062459214,0.007948112694,0.002227567797,0.002080122475,0.004444607149,0.013008553895,0.099231848792,0.644995045272,0.808075787793,0.245019808610,0.061732229981,0.026050893857,0.027240976067,0.034555114634,0.022493095424,0.020887685498,0.013962683928,0.005602983635,0.001663875552,0.001490934215,0.004655691687,0.015041328706,0.031626344831,0.027512220061,0.012371415966,0.003217551187,0.000809286063,0.000449711997,0.000630733227,0.001545111316,0.002781550989,0.003607570458,0.005859830896,0.028990694663,0.087424000377,0.125180472640,0.073611106448,0.018609489219,0.001784915704,0.000841000929,0.000640736570,0.002703033119,0.030412789567,0.054064630937,0.015054358686,0.005982762749,0.012530348227,0.024695401256,0.049253077025,0.049606164828,0.030224657062,0.013415541375,0.007918791859,0.009509697000,0.011943060165
0.035459184428,0.052172470684,0.042056044733,0.036899018742,0.033852699159,0.011654952806,0.002446371700,0.000488821522,0.000889994020,0.002196220570,0.015386351831,0.249229321363,0.957371721319,0.534190359674,0.094435018289,0.019662867551,0.010849546668,0.018944412976,0.031353350482,0.033259658917,0.031305111249,0.009614308887,0.001854211595,0.000784921031,0.001485066905,0.004296370884,0.010055374110,0.018747889540,0.021799727562,0.014605912090,0.004984120663,0.001144310940,0.000444485972,0.000506770024,0.001858226414,0.006466505587,0.015424024475,0.016567328492,0.046843840306,0.107465138718,0.109214884176,0.036547372079,0.001657581562,0.000291068591,0.000338402646,0.000481111088,0.007712730302,0.043727086214,0.020478383452,0.007105645000,0.009549047836,0.021773916462,0.030343385318,0.034181213137,0.014068497710,0.004331009021,0.002532098556,0.004426971245,0.012725180028,0.023449552432
0.051606304923,0.053712032106,0.034032706067,0.036565856370,0.063586584210,0.019644843196,0.002001771694,0.000383371085,0.000686675200,0.002741026646,0.039270135479,0.465446091148,0.990203694946,0.259602512992,0.028107225314,0.004970763431,0.003036499693,0.007253912971,0.023026179933,0.054349056236,0.042961853461,0.004698848377,0.000660678387,0.000817757354,0.002683925173,0.006981708867,0.010382981092,0.013344073386,0.015425807534,0.011539199991,0.003769399467,0.000751677566,0.000300293830,0.000411545956,0.001845095899,0.006246764406,0.011580932039,0.018461557944,0.047397760089,0.091657037210,0.058916153204,0.012017588336,0.000783660389,0.000140156787,0.000140695529,0.000440302087,0.008138520478,0.024753608677,0.009667967115,0.008174806559,0.016426958290,0.026438899010,0.034382425597,0.028284133341,0.005093595231,0.000440396250,0.000306720830,0.001286049989,0.008190278038,0.030170567467
0.058248808916,0.055726589713,0.032404445935,0.030516841997,0.048812454362,0.012408704655,0.001361537440,0.000310824872,0.000404750145,0.002031393633,0.061797500234,0.674892131036,0.869716520612,0.124811545590,0.010145348371,0.001658845275,0.001007859561,0.002072301447,0.010246452056,0.047236053081,0.051269001826,0.005746278027,0.000684790726,0.001085909554,0.005050044641,0.013772340729,0.015060446434,0.011593908838,0.009711719822,0.007147381358,0.002337447885,0.000441283915,0.000208665794,0.000365172393,0.002177846233,0.009010258391,0.012297881041,0.014653096180,0.050377588900,0.108311800194,0.058729244735,0.007085198741,0.000405561350,0.000124333433,0.000208526302,0.000623261569,0.007375261241,0.009891607476,0.002523751015,0.004859998395,0.013660517945,0.026725313247,0.022725325311,0.009382029334,0.001977020385,0.000176673963,0.000071029698,0.000224981752,0.002735033149,0.023467688943
0.042470628214,0.051521933042,0.034615525785,0.030307166238,0.042717989926,0.014319056309,0.001205585114,0.000206619034,0.000283827887,0.003518911797,0.143783197170,0.956778232357,0.585705511236,0.042145613543,0.002625175298,0.000586068616,0.000644070737,0.003744894287,0.023571678448,0.051656503488,0.028138175755,0.003857014427,0.001011194263,0.001674786018,0.009159805653,0.026146226009,0.024764264499,0.012717753813,0.005470145700,0.002318604747,0.000718408039,0.000155705441,0.000087277465,0.000160095671,0.001163382469,0.007800160666,0.019437487676,0.055481121696,0.082257164798,0.100535741072,0.059285913551,0.017710397014,0.000994447540,0.000178745096,0.000279246661,0.001055498134,0.005707646101,0.004585561856,0.001903956879,0.004118344072,0.006714590148,0.012559312452,0.014718554990,0.009283709622,0.004314591649,0.000301329495,0.000097281699,0.000155714517,0.001182205860,0.013177675302
0.028209110332,0.035778090272,0.030298886938,0.033557356894,0.049447595561,0.014942282489,0.000966682217,0.000159608022,0.000296086111,0.007271865515,0.271857422533,1.088828061722,0.359040732770,0.018292678593,0.001453043164,0.000597831150,0.001716105340,0.010124356941,0.026410072448,0.046381269344,0.022798365956,0.003243555767,0.001142383759,0.002550411466,0.014467964174,0.035527165708,0.029894505977,0.012535132927,0.004031288493,0.001213656612,0.000322755613,0.000071005178,0.000051937975,0.000090408397,0.000732322673,0.006732765682,0.021417862021,0.073254278897,0.104221539951,0.087641687220,0.032450853168,0.006252577244,0.000448751562,0.000287286934,0.000638195596,0.003296945377,0.013496888391,0.005878658133,0.001809228618,0.003966215268,0.004390364483,0.007182252596,0.008367811765,0.007491859533,0.006190122712,0.000952787510,0.000299656984,0.000438707940,0.001874762195,0.012383858274
0.024206807293,0.026052683033,0.024407158336,0.033518580512,0.040056669884,0.008067563389,0.000521332377,0.000166055624,0.000567008861,0.010413184967,0.314059027043,1.130358164188,0.260879612475,0.010406809755,0.000885759123,0.000688829165,0.006328642642,0.030502992946,0.026264561894,0.033108874709,0.012803386851,0.001663408356,0.000880557656,0.002944430700,0.017640678155,0.039169650847,0.033948221932,0.016036432505,0.005687782704,0.001741467733,0.000518877400,0.000115320923,0.000074204033,0.000197167009,0.001501206704,0.009296631089,0.020529658388,0.055397668477,0.104879841163,0.068598174866,0.016480677163,0.004592357622,0.001032642077,0.000868988856,0.000938775996,0.002727890879,0.014120536203,0.010104144819,0.002700882308,0.004443902058,0.004142443106,0.004323352391,0.004099483673,0.004200064072,0.004349505464,0.000831254696,0.000387386205,0.000812076314,0.003066350686,0.014373913658
0.022635007044,0.029629521451,0.030007939777,0.031414617633,0.026693516551,0.005902505795,0.000691544635,0.000207136992,0.000442198983,0.008379941083,0.302572639142,1.149494312653,0.249481494791,0.011508923502,0.001461067714,0.001356102070,0.009024566564,0.038255278274,0.029136487517,0.024839093638,0.007539603763,0.001235058509,0.000891373172,0.002942388146,0.015291267742,0.037237005953,0.041515844640,0.025823687911,0.009560729072,0.002435185732,0.000706143612,0.000192770679,0.000113600360,0.000221605647,0.001507985034,0.009802693260,0.023229925520,0.060489709177,0.099034673472,0.056546785445,0.013445912916,0.004738654565,0.001650175528,0.001833859469,0.003571190743,0.008160293202,0.016532916947,0.005566196620,0.002942769962,0.007185946678,0.008116093829,0.008158779514,0.006279685026,0.004273511763,0.004394586341,0.001112131456,0.000501063882,0.000941776666,0.003202514838,0.012204709446
0.020274723866,0.026209137125,0.025465542092,0.023963337760,0.019762513619,0.005860627154,0.000870021864,0.000265936521,0.000584031859,0.008453768485,0.249070923135,1.093121841084,0.336894391028,0.026434964577,0.005002911661,0.005243512282,0.017033371745,0.031097382735,0.026392995941,0.021409946890,0.005504409247,0.000886789167,0.000621627870,0.002226111119,0.011517967253,0.033930901205,0.048795494894,0.035826561575,0.011634974419,0.002441108499,0.000682927084,0.000236076857,0.000155912189,0.000301410602,0.001789896272,0.009689919588,0.021821383808,0.054974230045,0.101080741890,0.090320748266,0.035374298845,0.011833634455,0.001705438235,0.000575826721,0.000442293174,0.002632874515,0.016822709494,0.006655900651,0.004131416759,0.009350254638,0.011541386710,0.010874171626,0.010410551662,0.009108806847,0.006781295646,0.001118013026,0.000414669033,0.000969962116,0.003988832983,0.013017645662
0.018554602658,0.026296925235,0.026065750478,0.023556774122,0.020078561408,0.006800190237,0.000918008592,0.000228112759,0.000405472061,0.007059070314,0.195916309630,0.976965875973,0.548495797132,0.072103990398,0.012783954158,0.009489114235,0.019515082406,0.037547143736,0.040547190579,0.033575550909,0.007818562050,0.000973479645,0.000693026536,0.002509861939,0.010236117995,0.030170078238,0.050542079658,0.040465052269,0.012122202554,0.002225958412,0.000562766586,0.000218407839,0.000162620682,0.000302000845,0.002274672214,0.012613994736,0.023904814536,0.058405174016,0.113736661875,0.117225611798,0.043108280921,0.008128150334,0.001711207924,0.000615175655,0.000341773161,0.001575116818,0.013207620097,0.010184761999,0.004989311120,0.010891769790,0.019035043156,0.024263562219,0.034118876585,0.023028837277,0.006206489562,0.000619679822,0.000409247795,0.001433156303,0.006104995846,0.013602798719
0.014151748722,0.026809576300,0.030949606407,0.028530543962,0.022280373619,0.006984158984,0.001292893680,0.000412700769,0.000832484866,0.010103548852,0.143704813375,0.713935549099,0.819576582372,0.220018155587,0.042229692583,0.021895290852,0.029275684799,0.054000059543,0.053610000803,0.056102185254,0.027127061629,0.003467057555,0.001275859534,0.002680614421,0.008908771428,0.027177734992,0.049142787709,0.038534460134,0.010977413204,0.001932712317,0.000481786828,0.000247524070,0.000260218734,0.000524023319,0.003223480973,0.015461621605,0.023781821485,0.051436490418,0.102533393683,0.085371584767,0.029006999309,0.010126055619,0.003895888793,0.001249617656,0.000661463687,0.001385336232,0.008945825275,0.021984781163,0.011308594126,0.013946507584,0.029154486491,0.036194689113,0.036346662567,0.018483301958,0.003035082026,0.000685414873,0.000684663150,0.002085396177,0.006063814746,0.009326440520
0.014032069810,0.028308472775,0.034003161559,0.025727213393,0.017401525406,0.007054474581,0.002762001680,0.001820854984,0.005291778431,0.031846410502,0.116146850102,0.381441600765,0.802905593664,0.589873091107,0.194170620866,0.070178491846,0.042166942140,0.043137280627,0.040710421829,0.051693475153,0.059760659857,0.017448842779,0.005890502786,0.003950470728,0.007623843670,0.021158423239,0.042481530210,0.040977535337,0.013513221544,0.002328823536,0.000526644144,0.000251092834,0.000443196353,0.001639315754,0.005371026213,0.013450119748,0.013518099473,0.012138593365,0.046487220854,0.110096124017,0.100415613724,0.040466162209,0.013986303963,0.004406962331,0.001881467839,0.001514591532,0.003194334293,0.007141643882,0.008589690693,0.011052189839,0.018343085941,0.034751654874,0.056724417604,0.063407476070,0.032483681818,0.006145911794,0.001675132918,0.002620663922,0.004679881877,0.007057575726
0.016444296884,0.033896734543,0.033321829485,0.014365276211,0.003975770491,0.002027510964,0.006156604504,0.015353013266,0.021366872522,0.025521542832,0.035768538486,0.114121985082,0.428501352624,0.803069897860,0.434272913333,0.124244360600,0.047666240023,0.043292570142,0.046531218348,0.048075896883,0.047857325108,0.030811904037,0.016957220806,0.006900855222,0.006698793747,0.014905469812,0.030040500195,0.031715743931,0.012698333175,0.002540456896,0.000634605155,0.000350297476,0.000593053519,0.001974177205,0.005623428216,0.008154064829,0.009158749025,0.016001269722,0.052043380816,0.080591364411,0.107222142526,0.121805127394,0.049305589017,0.007220469263,0.002223888596,0.001463189102,0.001737386089,0.003149413891,0.005775164578,0.003870978554,0.002913981883,0.005669255580,0.021640848337,0.074281261669,0.072069432063,0.026452911741,0.004773982239,0.001910303570,0.002914862966,0.006412538977
0.021190189869,0.042205209436,0.034802619102,0.014510185950,0.003901362030,0.002457097908,0.012835403320,0.037967403772,0.035101335582,0.014194798277,0.009411270025,0.032274473785,0.178213101243,0.604723253501,0.679042476648,0.299475277281,0.107320196258,0.063481501563,0.043824280578,0.030861286730,0.030740033439,0.050114124486,0.063913243869,0.026753010709,0.008065792492,0.010351146963,0.022797505962,0.028317681899,0.014965095291,0.004081076405,0.001063129183,0.000577631396,0.000853917236,0.001971449546,0.004455075259,0.005930952645,0.006449688209,0.019464518954,0.048910499490,0.052225935043,0.121866656826,0.187289653461,0.063372045321,0.007078523622,0.002027361513,0.000934033846,0.000669421592,0.000529643219,0.001753846097,0.006930599563,0.007825888909,0.006519127673,0.015343152355,0.049390494133,0.084550585696,0.068267904610,0.033786140429,0.011533098334,0.006117673137,0.008541989689
0.038405223953,0.060440999974,0.041305103576,0.017921702410,0.005161312473,0.002721155556,0.013070507443,0.055942005845,0.059242671595,0.021565793546,0.007158362695,0.015798677808,0.075259918073,0.290053440894,0.595837460948,0.578630605087,0.339391795949,0.130031794955,0.051617506680,0.027524205505,0.030283893540,0.059448579936,0.128791761877,0.085693787230,0.021935397403,0.009423463487,0.015594560042,0.020820157271,0.015569971767,0.007363942288,0.002827266429,0.001389039438,0.001516082713,0.002421320401,0.004545859264,0.008731367657,0.010661223140,0.012551642535,0.026524606533,0.050273671761,0.094313027448,0.164589412820,0.147964857130,0.014286814699,0.001555611591,0.000864151011,0.000829303582,0.000786812342,0.000984889080,0.003999941029,0.015759337613,0.018270555811,0.011923666468,0.025687606901,0.084410834483,0.108414679627,0.076155799883,0.047172699878,0.033874633534,0.027921077932
0.091603631174,0.087576984427,0.043890398829,0.023251111946,0.008245798995,0.002909707677,0.004640784615,0.019452642651,0.042361300228,0.031251722863,0.012386037898,0.018244407722,0.063555981378,0.163745683005,0.314944078983,0.493659832312,0.607633514664,0.328509470481,0.144392569166,0.062915009244,0.054438873713,0.075958910762,0.142707009966,0.149776543365,0.072263632343,0.023188956065,0.013240390975,0.013111613139,0.012097658244,0.009551397866,0.005726877336,0.003229652806,0.002748460733,0.002878474988,0.003744256509,0.007201110547,0.019762138180,0.027607333291,0.026405262895,0.037133828466,0.051760088537,0.114227008345,0.186611054546,0.064661076763,0.009511788092,0.000837077480,0.001109393879,0.002009197950,0.002915508328,0.005947188052,0.030970008641,0.068796536255,0.032888236208,0.021369040662,0.056448866778,0.103575606615,0.108800234398,0.090040850731,0.089382025644,0.085428431159
0.155884805621,0.108890799449,0.039659517554,0.025655127741,0.013988122203,0.006391034908,0.005024443527,0.004735258150,0.005090445494,0.005868732095,0.009366044087,0.022901756595,0.074178474890,0.152261471316,0.190622963739,0.240909766819,0.434083401326,0.505988927420,0.445736187369,0.229491909209,0.142400554836,0.110209007099,0.126293259989,0.152506365448,0.168162660715,0.108731185806,0.045315123826,0.014782663790,0.010160079280,0.011955044956,0.010236871458,0.006641703445,0.004420551320,0.002811961556,0.002486243005,0.003648395862,0.010209178903,0.048106368671,0.104876107302,0.105827349384,0.042561926853,0.038862141575,0.038840070362,0.039233107103,0.037622611066,0.006443922653,0.001095624536,0.002602521280,0.005261485604,0.004788755946,0.006849412103,0.024576253274,0.047269993989,0.050929005597,0.053442263163,0.071930797790,0.120449715133,0.128108973764,0.138246616962,0.148832046649
0.196895575374,0.218693495100,0.100035511341,0.046366566383,0.024259958369,0.011082793488,0.006937085350,0.003330648163,0.002353549546,0.002042473927,0.004460815483,0.027435745815,0.121082557399,0.166391884439,0.123432856999,0.112432666295,0.157729817466,0.265623172232,0.424925380581,0.448705398785,0.324802527184,0.219809993320,0.173493342200,0.157411946401,0.172859617956,0.143423857420,0.102256315584,0.037019879781,0.013116463174,0.011766236577,0.011672812852,0.007883088415,0.004188240287,0.002120550296,0.001653349740,0.002342366336,0.004907845708,0.046415129366,0.215589528983,0.149761733977,0.032254086110,0.012858140021,0.005392825294,0.002345135429,0.001020422247,0.000512370106,0.000472157413,0.001350922261,0.005009821084,0.008394198818,0.007209878867,0.006378665880,0.014300576328,0.080885262131,0.203380872893,0.161032300067,0.076767866260,0.075378119927,0.128907250674,0.178635113637
0.187506833433,0.202296080980,0.125318404021,0.100023418984,0.063787131397,0.023257625280,0.012666332648,0.005785590485,0.003859777048,0.002611707270,0.003692342807,0.018332645459,0.078332811456,0.129907122935,0.089028222574,0.070174751892,0.066377545137,0.102326327565,0.185073755204,0.316508603316,0.356290631284,0.407475434193,0.320998167987,0.242706455704,0.183651567298,0.117853881866,0.093489727922,0.066016268148,0.043708705611,0.033700676648,0.019893365527,0.007172426187,0.002703799835,0.001433704625,0.001159261976,0.001545500412,0.002573263993,0.007643411903,0.102249490912,0.318472869181,0.128156287617,0.016664593896,0.001354792387,0.000158432305,0.000069921127,0.000056236767,0.000142644614,0.000261979622,0.001532641630,0.006719591876,0.012524406177,0.013901461186,0.013020654668,0.034330980095,0.136189355487,0.268158483403,0.165407785888,0.087655723919,0.111503283953,0.180595224685
0.183582596844,0.247430636295,0.136247726689,0.102690273414,0.079953968170,0.049408325152,0.038441658454,0.014465992684,0.006493698118,0.003263803644,0.003236806847,0.009781435262,0.032069612081,0.048331945184,0.041117495247,0.047880437429,0.051365466149,0.062002282675,0.069903813276,0.097727508497,0.165556825830,0.381837225094,0.534741710654,0.470316966433,0.242349409495,0.097128078249,0.062966989275,0.061061437537,0.066741114331,0.077160594992,0.040875164806,0.009047995549,0.001446013040,0.000601536019,0.000657867782,0.001190805684,0.005735247978,0.028755533910,0.041176526790,0.044462941485,0.097975292273,0.316878796565,0.085427577110,0.000781046155,0.000112629947,0.000057200746,0.000050000000,0.000050000000,0.000132519549,0.001327042564,0.006088316628,0.017798534698,0.034215992151,0.047760790921,0.043144794993,0.058904079469,0.082160112460,0.142181091767,0.121746224240,0.120850396043
0.155879745073,0.213732417773,0.130565783355,0.091632789862,0.056904657150,0.038376118777,0.056460246557,0.026123613572,0.014599318340,0.015525776845,0.033547952828,0.031092928404,0.009818875471,0.013337665045,0.020573799623,0.031489558379,0.048010755285,0.069303712818,0.067980885760,0.047759768472,0.049231640631,0.102517940005,0.283875256544,0.546592937511,0.540525629042,0.270212507686,0.131721958228,0.081046614845,0.068666595852,0.083626931186,0.056043779615,0.017956212165,0.002480270787,0.000620136737,0.000650127737,0.001536207910,0.009478899729,0.073005779032,0.114264916017,0.043867307948,0.028917678007,0.080569217627,0.201320384635,0.070129781495,0.003302730405,0.000157237145,0.000072003675,0.000050325260,0.000050000000,0.000272892407,0.001667851807,0.005468089903,0.019006646744,0.056946795433,0.089608888666,0.089340449783,0.062664012039,0.080298649986,0.207434078421,0.244541179303
0.235183525887,0.192234057031,0.092870297657,0.085562051478,0.079125297666,0.037036183127,0.034598678584,0.029182188455,0.034231228653,0.033456840533,0.036866176408,0.044640674227,0.020612547546,0.008742810279,0.010077480150,0.018422117531,0.032217015584,0.048174690235,0.063560193411,0.047154586488,0.042103979747,0.048535681439,0.093854665712,0.225235129585,0.506127817667,0.565689047623,0.409658046494,0.216577147162,0.112941549752,0.085739346408,0.041301678913,0.012886534757,0.002674242411,0.001052338738,0.000991948222,0.001678346473,0.004620907879,0.025005701307,0.103712339456,0.095373633554,0.026944693283,0.020305476382,0.023831211971,0.026934103804,0.016584538820,0.001860579975,0.000291163470,0.000121320708,0.000094943625,0.000120949791,0.000306113708,0.001783286233,0.018924425121,0.076002592499,0.098686386417,0.105656492126,0.116987793567,0.102650942398,0.139595863719,0.197295339779
0.196876901553,0.207555092498,0.165330927132,0.128328950357,0.064827777726,0.031081593913,0.028774357503,0.017396952318,0.015815044828,0.017618597110,0.039215427612,0.080225754922,0.024334251584,0.005102168869,0.004377467523,0.006589085210,0.011665019637,0.025240143722,0.041881786105,0.043950468304,0.049292770505,0.060951167871,0.085780713088,0.117351701822,0.192994679574,0.314125505858,0.543306833326,0.502609190999,0.309870029726,0.152322035707,0.039617543729,0.005995416097,0.000865566368,0.000418541802,0.000523802792,0.001475137095,0.010584317736,0.049202652802,0.100715878011,0.083351716428,0.030642211809,0.012631504700,0.003472275682,0.001559745994,0.000788398066,0.000522575216,0.000365579369,0.000217191009,0.000161080945,0.000133587962,0.000128630491,0.000449240524,0.003992498688,0.030990519779,0.082162061557,0.104051488978,0.099347936336,0.102319637522,0.165456187722,0.215743460541
0.213278273971,0.201617494949,0.130418133274,0.197112708999,0.228895571100,0.053704241764,0.014444282340,0.008847444719,0.012926843492,0.017736953840,0.035579464779,0.055474248014,0.020627191816,0.005185083021,0.001842578759,0.001850816303,0.004173596070,0.015088290739,0.036516066147,0.052628656487,0.066089419964,0.078553838667,0.079938075510,0.084651437733,0.117843222513,0.174866404220,0.332882382761,0.470491669798,0.527124814605,0.352297807919,0.062110158858,0.003053716307,0.000489858471,0.000455641406,0.000559336777,0.001082066957,0.004818280398,0.021697366277,0.047698681050,0.052900705552,0.013454407938,0.006000632391,0.003379551996,0.001722851714,0.000712633009,0.000367715855,0.000238617816,0.000165576470,0.000144576897,0.000158126350,0.000146669225,0.000177615851,0.000443493524,0.002778927586,0.015444127630,0.050437770585,0.061686596036,0.076917328966,0.153844673872,0.248607362791
0.187000580932,0.227346256744,0.113029769851,0.140281214342,0.222961816332,0.057957479901,0.007403272327,0.005376967949,0.009163950358,0.013869447213,0.031376123592,0.064696249355,0.041187535059,0.012822085030,0.003789493726,0.002576671694,0.003773821437,0.010418029572,0.023871583116,0.039891857884,0.057125166987,0.072384827275,0.072203590370,0.089864971267,0.130357583830,0.137021261853,0.173664349295,0.250271709770,0.501906261040,0.653031175991,0.141946474076,0.003748915091,0.000480634289,0.000493719052,0.000584884586,0.001046384657,0.004907644561,0.053893397522,0.089493792990,0.033184387593,0.010656508574,0.007508129445,0.003823814614,0.001576038945,0.000528282148,0.000210868007,0.000127681414,0.000094410152,0.000093226932,0.000097726599,0.000161521891,0.000396458838,0.000819696438,0.002198184040,0.004918041975,0.012015159522,0.019685703133,0.047123153297,0.103612691821,0.187856378930
0.128637377647,0.233338294183,0.118567127720,0.099055535198,0.116137662585,0.039767303190,0.013348849204,0.004067010266,0.003556190748,0.006454871397,0.021890024679,0.070428875864,0.071286888585,0.024756057075,0.006227839303,0.003434293314,0.004062231599,0.009079833431,0.015405949672,0.027528099614,0.049559513314,0.066412571837,0.059898606822,0.062484514202,0.074803932140,0.085631042479,0.154710796117,0.279860705479,0.603438796094,0.640512609689,0.124193620994,0.003848655078,0.000562707700,0.000514632300,0.000555559137,0.000979712299,0.002697104743,0.013404231093,0.027322118678,0.023794886510,0.012974432474,0.009729319449,0.005123079044,0.001742708061,0.000489700515,0.000188257804,0.000109000325,0.000085403771,0.000090042547,0.000114517632,0.000249758216,0.000638066146,0.000959433456,0.002203073215,0.005805705652,0.024528029049,0.042854109700,0.054135626910,0.059324859560,0.087631512107
0.181053386986,0.218122224537,0.094679822928,0.079870712133,0.079290722679,0.027318680219,0.019474131267,0.008084898927,0.004401399856,0.006438760755,0.024736256694,0.084583900740,0.079594845731,0.031011015172,0.012118452449,0.010884432849,0.013871030096,0.017767088049,0.017803487800,0.033765383790,0.067807656229,0.070927006031,0.050457432572,0.044861401647,0.059047017538,0.085549602339,0.191687520634,0.362562832484,0.639943841375,0.552079721018,0.116133441740,0.006575618189,0.000905163141,0.000588128582,0.000580397711,0.001151210199,0.004419774714,0.008227446260,0.006713374237,0.006984678663,0.008708741807,0.009141545081,0.006872096983,0.003628056859,0.001775917697,0.001010100226,0.000484446515,0.000285741305,0.000226084061,0.000267899583,0.000572907392,0.001049030604,0.001215400237,0.001562542687,0.004136960101,0.013873584586,0.021298989676,0.033555883246,0.064783002964,0.128023093657
0.239065350203,0.256669802074,0.107002224368,0.062174344253,0.074358932747,0.071720372304,0.064329338231,0.023177325106,0.012180623742,0.015236342114,0.044525122915,0.099097054319,0.087446875168,0.052277508251,0.044056398694,0.053785949732,0.045119241981,0.026821106652,0.023146593038,0.048685557824,0.080696339108,0.072371575583,0.055765818744,0.062639075798,0.137026060387,0.240714056046,0.399108812344,0.428052814996,0.452706358884,0.444347680067,0.228371699690,0.051926603123,0.007645341517,0.002159467135,0.002099487582,0.004000700476,0.007044046516,0.004889902750,0.003711457110,0.005011409415,0.007880687593,0.010466189980,0.011018311007,0.008410237514,0.006174278908,0.004187898653,0.001523835926,0.000641031712,0.000400241033,0.000441944379,0.000706910365,0.000988002022,0.001180200201,0.001817859509,0.008174079761,0.035916113640,0.044422422805,0.031877848630,0.041505080839,0.115280180213
0.076130708670,0.144667081104,0.142627263909,0.139602705299,0.098018517226,0.031126796448,0.012340892741,0.007115269540,0.010849227131,0.019257447825,0.047886195026,0.097250559971,0.097569980793,0.059691254713,0.062485005016,0.078532793393,0.065915738366,0.035957678754,0.031902842403,0.051717212885,0.080259953953,0.063033029953,0.048697331823,0.086275976618,0.316103264088,0.524508964327,0.524871990439,0.247388398853,0.191484890492,0.242780014860,0.245795773523,0.166412671994,0.067378330021,0.026748551695,0.013416235435,0.005543864083,0.002495491183,0.001982218844,0.002446233481,0.004536722683,0.009049003972,0.012048289093,0.014066820272,0.013993382960,0.012111030999,0.007558022125,0.001994549276,0.000643253270,0.000371416856,0.000431088458,0.000588348207,0.000672912100,0.000641366487,0.000902814942,0.007221290064,0.057796456731,0.051911299250,0.011165533393,0.006232768251,0.019268149450
0.094362391300,0.152261313000,0.127335401510,0.121283758493,0.093378352161,0.019061015955,0.004518348580,0.002201086248,0.005491185650,0.027950019695,0.119830189776,0.146233679294,0.117190081767,0.062963821991,0.064756983924,0.087694958854,0.111118585600,0.096787251984,0.082791423705,0.102871549520,0.135766381145,0.110382335705,0.109726957814,0.179585885985,0.458040193117,0.493913265179,0.334521897263,0.161003059116,0.181417205841,0.310548905742,0.293469636912,0.146122791093,0.064262279363,0.035903140777,0.022900906845,0.008380734750,0.002785821948,0.002872866199,0.003911380109,0.007491244785,0.014181608616,0.016324183698,0.016719612585,0.017188221875,0.017054953649,0.011147876921,0.002635081986,0.000905371092,0.000826403609,0.001625010246,0.002507359991,0.002166679826,0.001263695912,0.001115438871,0.001955276824,0.004875514783,0.004987780449,0.002809605818,0.004777846951,0.025725718098
0.170364866931,0.123634579805,0.071200726259,0.120770530178,0.217325353277,0.098456123586,0.023735024061,0.009974245215,0.019485328540,0.049560941539,0.144088036363,0.195612128876,0.173061538219,0.090205823316,0.062225337938,0.068586100780,0.116931897294,0.217327042591,0.292543586527,0.255991483372,0.169318716480,0.117193231850,0.163583523282,0.282426980354,0.481336395556,0.306623946584,0.198997767576,0.160504202048,0.246376514082,0.360120088695,0.219171668949,0.064468209203,0.025927239301,0.016244462957,0.016012213572,0.014206209237,0.007881229137,0.006896226376,0.009429435650,0.015486784037,0.023887854171,0.023243190062,0.019230769385,0.014793118295,0.012886603413,0.011878323744,0.004931605147,0.002868986650,0.004502122594,0.011813677177,0.019963121549,0.016625111645,0.008677388664,0.005695811915,0.005014094287,0.007582592804,0.011239639166,0.013036874189,0.024494213577,0.088924156671
0.279697875975,0.120551720513,0.049044243149,0.110758252018,0.314031343565,0.178205635794,0.028045609931,0.006929215043,0.010838196020,0.027857205996,0.123904689387,0.227610308900,0.210509503281,0.201328241215,0.174983235719,0.172760166060,0.199133255925,0.266446837835,0.398817054320,0.469879580050,0.263522727632,0.137662464538,0.152717138475,0.237811663619,0.335403528558,0.198967602724,0.153103387518,0.185303375004,0.310490897170,0.328865029007,0.099566991560,0.016580241799,0.005038034656,0.004067124469,0.010343667730,0.026296851243,0.023055055818,0.013186369754,0.020018868106,0.037239733625,0.052137531409,0.038142302268,0.019457316225,0.009998531920,0.007606878370,0.009064677648,0.007060648252,0.006954274031,0.013807955097,0.036190053479,0.063618717525,0.069922496288,0.067031776483,0.048149659473,0.022010411433,0.011715291832,0.011618362010,0.024654731231,0.076027170160,0.212558887887
0.298390525024,0.169224823442,0.085504853895,0.099991664892,0.145471256544,0.101197384134,0.032612000897,0.015302288996,0.016715121909,0.021729213576,0.050305721948,0.146968457632,0.272980911176,0.353046235758,0.384387126287,0.385071740891,0.248612353575,0.167458597486,0.145992749797,0.213677196845,0.251244927698,0.190736353046,0.107151639543,0.072986028755,0.068074831272,0.072560015862,0.148617047512,0.321122843481,0.422671272537,0.233657500142,0.074806145083,0.028224794531,0.021115019462,0.033926750005,0.052673234844,0.053119745282,0.028584426561,0.014295677678,0.019686475199,0.033773643653,0.044374340231,0.039648877242,0.031965769640,0.026984768979,0.024419256815,0.022640028948,0.015306484060,0.013293493867,0.020956151533,0.055030875053,0.105263753287,0.113550987752,0.115801693446,0.082700573322,0.044399694004,0.030927513274,0.041860227190,0.088573470222,0.195938077841,0.316364066869
0.149041303352,0.193830649467,0.197735259914,0.149712331577,0.086493764417,0.060189545784,0.043894200817,0.032186389888,0.026233094059,0.022119450607,0.032211688548,0.089140960603,0.281046565552,0.447142867386,0.504353288883,0.471173359816,0.277464674573,0.196739016021,0.165855038428,0.144835561713,0.120795101679,0.092941774133,0.080891198645,0.085968065633,0.097471713060,0.119372836797,0.178462184414,0.240904881202,0.234819425111,0.155210141589,0.094700874977,0.082736529168,0.174994525139,0.161199398508,0.100324893159,0.059213089260,0.041174666389,0.039820611061,0.037880003470,0.033563832271,0.036360131260,0.039304185629,0.053399724265,0.080801203949,0.078144698276,0.050144688774,0.028422347425,0.019716271670,0.025464167169,0.040532007606,0.060252511098,0.078996129143,0.083528754140,0.078202662499,0.081521540942,0.125639183813,0.180939114168,0.194709663775,0.151195491280,0.128268181909
0.153264755100,0.179222178085,0.169145828271,0.147806841188,0.105282567999,0.097561917460,0.107127644993,0.086302334050,0.055543563253,0.035747585520,0.039330860067,0.090779216848,0.279059481432,0.451072619387,0.481122997601,0.402466064738,0.261702346861,0.206890191292,0.146510665062,0.117441402292,0.138675003108,0.153624886049,0.167078082897,0.133193295461,0.082647269002,0.052597939134,0.079324490752,0.137693494446,0.210394397427,0.217831483181,0.187087809458,0.138726629434,0.135608679537,0.156502119171,0.137431110069,0.066690604033,0.038539508796,0.033021286902,0.054488592081,0.050751565026,0.036926097780,0.046780554266,0.091514487699,0.165156092648,0.134759696175,0.076821660826,0.046767013923,0.032713513661,0.038435426140,0.055023089290,0.069359103382,0.070261856461,0.048857310452,0.042901783698,0.055701642819,0.110091967524,0.200558541660,0.240166270366,0.187596644395,0.146713073415
0.211709267311,0.258388959913,0.227080924333,0.177193490998,0.117607199888,0.094333423621,0.095787836998,0.091702885639,0.090058741116,0.091103841422,0.123169893851,0.195345541478,0.261968236103,0.220073162803,0.234269131018,0.327531536959,0.357379347575,0.351024816998,0.241076466986,0.170415417307,0.185910836688,0.192304053316,0.167538373223,0.087979141765,0.043873227769,0.033827322484,0.063110926775,0.123313848443,0.244409349756,0.311422217313,0.299788084511,0.218221336010,0.151700647947,0.134920571348,0.118931733859,0.065034205416,0.039736285104,0.029779657046,0.031644811123,0.033725843981,0.037759031125,0.054941612447,0.106980629505,0.206619525235,0.210114592686,0.099531137593,0.055408338625,0.039938473276,0.048558718084,0.067137519759,0.071029507650,0.062770520491,0.040395176768,0.037182302299,0.050737740569,0.100550786466,0.186894715155,0.238995919238,0.216585277762,0.197959221871
0.228781563862,0.321661308121,0.337179423539,0.243602377038,0.109312102661,0.061442655240,0.066960896018,0.099136817457,0.145970920698,0.157957654143,0.146288508429,0.128406889036,0.125249156658,0.123492331824,0.180445247488,0.301423488291,0.362937057946,0.376137216050,0.284096501493,0.211638365035,0.190543290858,0.155858281855,0.132966164619,0.091346758253,0.054657745099,0.038798725059,0.053559681546,0.094338015217,0.214863790021,0.312271351850,0.309935345431,0.246807391538,0.187059188961,0.161467312617,0.113834758895,0.052060252509,0.034361488797,0.026064668424,0.025790007322,0.027097268640,0.034837677316,0.064082315675,0.139419744384,0.185632525927,0.144897494202,0.098341759572,0.066428782871,0.046399906912,0.043985709070,0.046983551735,0.045725482373,0.043722565027,0.035806053673,0.039961625706,0.057818034583,0.104835505747,0.161606745601,0.194852494833,0.181534855375,0.191341898142
0.299547082519,0.344410267356,0.304954076112,0.253417922317,0.157542957911,0.093795969594,0.092621563895,0.134499342774,0.185502738944,0.165688280549,0.109053419369,0.070726718382,0.069626462667,0.096781947735,0.191358677103,0.336543189799,0.402075350603,0.412351024184,0.326944041830,0.235531550684,0.199402658347,0.195810136572,0.171063943911,0.130702287138,0.098291695490,0.079077322940,0.079307929672,0.097723892216,0.167421877677,0.272632751357,0.323861854846,0.278679307147,0.190303303613,0.149514006371,0.121739076431,0.084434233069,0.076646995249,0.041490947689,0.029872517042,0.029183262128,0.058668525151,0.140256365034,0.224210459916,0.193375912611,0.121309275171,0.098734809631,0.083773514164,0.056635692429,0.039064248886,0.030262688309,0.029016827045,0.034013908736,0.041182971133,0.053782242364,0.070704288244,0.096209818905,0.120058921389,0.153087717273,0.184803663673,0.239787615231
0.399216297509,0.305368097813,0.172613787244,0.132300146959,0.135995468723,0.180955840398,0.184911901649,0.164045079964,0.165246284299,0.131309615528,0.077877329425,0.050228341384,0.054864222596,0.092151427113,0.209620766471,0.392374498263,0.488721243214,0.483409269929,0.352992009021,0.260681583623,0.241069381721,0.235454126953,0.192133758696,0.141983234130,0.106522805811,0.089608327308,0.092239962687,0.110868061513,0.180268104739,0.290236682861,0.341420173916,0.303330142960,0.201386155441,0.142750548285,0.112350330118,0.073683688576,0.049036099990,0.025397270463,0.019643304990,0.024753896013,0.064830461717,0.166136996739,0.254420962473,0.170254783083,0.123094584068,0.099743937756,0.085461744334,0.059226116071,0.037588057655,0.022857161482,0.017183492709,0.018365987226,0.025577885750,0.042510795006,0.066955403230,0.091517784469,0.105659236543,0.137725984541,0.214544736769,0.342167301204
0.414835158388,0.277595570795,0.133404073044,0.086947154981,0.085910600045,0.149552902340,0.210700152727,0.179294332780,0.115227623717,0.061931754049,0.033737923709,0.028253963198,0.036435037200,0.068125686044,0.155486957837,0.306165521119,0.429049492217,0.436272173022,0.297697489666,0.191240522418,0.152138194266,0.148985918876,0.143606971056,0.140411103282,0.101288634765,0.065073652466,0.062174481749,0.072152512287,0.131826676449,0.276165933366,0.400528814173,0.330294058254,0.151073104048,0.077689745425,0.066366104927,0.055691784725,0.045642006835,0.026400884363,0.020206649066,0.020721713917,0.046749344916,0.117046319574,0.163360512988,0.137088098106,0.110412630035,0.088633988413,0.073773594339,0.046720412974,0.024038463612,0.010753411957,0.006592197122,0.006929949843,0.010776222550,0.022160508332,0.044337832997,0.074382052492,0.090550523236,0.125379664073,0.207263841042,0.362211348430
0.464767377009,0.256391343733,0.111606533368,0.102968696454,0.181015248219,0.320195982128,0.239908551857,0.117117592980,0.064334769304,0.049737302646,0.036902627211,0.024370600718,0.018601176965,0.026840296418,0.074120398259,0.204636982002,0.370952394426,0.505291587317,0.425748745268,0.264972986711,0.160408310422,0.104985572629,0.086481677859,0.087387478973,0.083937176111,0.087401554236,0.113015772685,0.109261875600,0.152814014527,0.251640885954,0.284648809007,0.201203937135,0.104680691979,0.077443140952,0.078955977001,0.065808105400,0.056406683688,0.031488685286,0.021902290803,0.020995578794,0.043568766421,0.130575401108,0.183402280466,0.131258104563,0.098246063022,0.081500097293,0.069829874774,0.038267070641,0.017933516006,0.007904451755,0.005153774958,0.005083942337,0.006626718400,0.013431624447,0.034830059509,0.070693700813,0.083461758266,0.113475491156,0.213977719493,0.435820282188
0.403927873819,0.286128187367,0.176734204106,0.203514652507,0.348925518555,0.423884536970,0.190832261215,0.074644256822,0.038197805457,0.029232828618,0.021610320689,0.015348742620,0.013176833991,0.018314509258,0.052124825823,0.146314373124,0.224259220392,0.299183296193,0.348313839114,0.416546763043,0.367016429186,0.135393865441,0.039342158709,0.022352426293,0.029635284854,0.056820209499,0.081389679465,0.080991437435,0.126672506031,0.221366184616,0.256113806164,0.179793375060,0.092144142698,0.065269004312,0.058396138884,0.042512676942,0.046466802418,0.050728259604,0.058734818661,0.066377855190,0.067855142913,0.090131824046,0.126812130453,0.117519052819,0.089141674283,0.058609448092,0.036880688855,0.017569172016,0.011604146368,0.009272320423,0.008766467636,0.007948572833,0.007267435421,0.008555800139,0.013941901186,0.027724817627,0.046997959965,0.093766389984,0.192331453568,0.365270862873
0.299417180848,0.259200382339,0.266855606847,0.349677224946,0.421686442733,0.408865887186,0.200215236032,0.080735235307,0.037463639108,0.027244890176,0.018300652528,0.009763452687,0.007895135176,0.014319430539,0.051207928134,0.115057096374,0.137887643198,0.198415829002,0.262693439016,0.451163940742,0.493553304420,0.183920875984,0.035801689150,0.012013601399,0.009767438271,0.018298693613,0.053481063053,0.082053608392,0.075558061175,0.152710262255,0.247099241325,0.187728703911,0.083098066503,0.054085993933,0.049770456878,0.034675424693,0.025961218772,0.024541078274,0.033938369266,0.050037128786,0.078130862477,0.128282870730,0.109130395700,0.057233080358,0.042011667001,0.029917415988,0.018533217447,0.007824565303,0.007514191685,0.011121502163,0.015543068922,0.012728635411,0.007659840736,0.004964474832,0.005195367664,0.011442767703,0.027659107272,0.077278396459,0.180747965573,0.289296410750
0.274546221013,0.153704934135,0.128583838906,0.260428995321,0.610822487720,0.631754172459,0.206292820739,0.059889022553,0.040879707742,0.068912848140,0.067549158203,0.022697827721,0.011888386724,0.015903690114,0.039717369250,0.078172303061,0.098504627604,0.187251213916,0.272055780302,0.400265401498,0.386163141401,0.143901902674,0.041418007182,0.022571820333,0.031141528141,0.060892171434,0.063540247834,0.033109464933,0.038626146812,0.128487171305,0.228252566558,0.155221320953,0.064501506016,0.041225929181,0.042542516609,0.024537062490,0.016544951473,0.017042979623,0.022572807551,0.056420536196,0.112429798416,0.125395256634,0.094981537919,0.050305898442,0.039438789804,0.030243824893,0.009581351542,0.006136941035,0.007764769713,0.011901364125,0.016066239149,0.011881891340,0.006675446202,0.004000880273,0.003711032223,0.007493316195,0.016982466399,0.057803134101,0.200236146624,0.341798486705
0.208788376477,0.105076718011,0.097569184395,0.234468419121,0.599314202657,0.693512604762,0.199150321799,0.045448588109,0.026696693393,0.026901764599,0.046453407645,0.066928657407,0.056352330456,0.031208517199,0.028155925427,0.032785480053,0.045810509296,0.111601907800,0.230467350828,0.311297032902,0.271672524787,0.127121353570,0.051567160456,0.026519478268,0.023009451664,0.035332772768,0.050550977585,0.053240501065,0.043779881005,0.113861436202,0.179030130346,0.126577633445,0.054518293912,0.029184507060,0.024732502631,0.020128385194,0.015757370502,0.016560709685,0.023089895051,0.035373054304,0.043196905982,0.046216499553,0.052824187740,0.038886631968,0.017810739736,0.012588395378,0.011462537677,0.009386634699,0.008492327125,0.008060336357,0.007680802492,0.006333678979,0.005596633776,0.005452129520,0.005518177914,0.007384729807,0.008385796225,0.024108872001,0.144883583097,0.309488855754
0.180691234898,0.127500180566,0.138519139277,0.243899037900,0.459807992747,0.746299705469,0.428411522415,0.108887757409,0.046349394642,0.045356633843,0.063468174771,0.088792631145,0.094692138472,0.062569453716,0.038580068917,0.027395279232,0.038524108208,0.102539451362,0.185933052811,0.193465063764,0.195668586705,0.193603827661,0.126476111293,0.041544977135,0.018707850084,0.013525065198,0.009775896333,0.013647126420,0.038583681688,0.105218910468,0.151477256639,0.121824378540,0.062435971079,0.034256292106,0.027791397657,0.034078373461,0.026376945666,0.023899707605,0.028685395835,0.030904997048,0.046549809766,0.037486438848,0.028893432362,0.022589606727,0.012576423151,0.012996723750,0.020942776226,0.011637104140,0.005595763243,0.004569739514,0.004500209583,0.004377010389,0.004700717709,0.005481549042,0.005043829162,0.004401236347,0.003281573993,0.011390103836,0.105712663442,0.234399626318
0.166675783372,0.209809460145,0.275615855484,0.278280564639,0.252712924187,0.423629032092,0.669417087372,0.502558433660,0.210118862278,0.117156641183,0.086038144848,0.061639194086,0.073884689945,0.094793918905,0.074909291467,0.047438431063,0.069342888888,0.107801708420,0.093444039758,0.095886535895,0.140335920235,0.197544473047,0.162379457002,0.046787738290,0.014900687989,0.006986688856,0.003793269002,0.008892195640,0.039251303319,0.091646949457,0.119916024190,0.120013627150,0.096102476116,0.070274887586,0.050038032270,0.036086078833,0.025351612384,0.024796247713,0.019862018609,0.009722895698,0.011504042748,0.043664277207,0.081347277209,0.045654657775,0.020874604290,0.012659287596,0.013137798949,0.017018867553,0.033297717687,0.024591900123,0.010771499781,0.007611109433,0.005182470888,0.003495707875,0.002421564870,0.002038711634,0.002418211313,0.013584292253,0.080023271712,0.138530361651
0.142768331508,0.177363296125,0.203094742146,0.133500046516,0.087699113895,0.162263839096,0.506546181428,0.784606351671,0.395843271024,0.129997535976,0.070001870552,0.046365256656,0.062383899272,0.096372754460,0.088537537483,0.056610800854,0.035293023294,0.014717327610,0.008750464754,0.017378306175,0.067252030962,0.138405954912,0.144537775568,0.058050052500,0.014155030032,0.003900029232,0.004250200625,0.016973279587,0.064816764012,0.098720585959,0.076417684277,0.060824998345,0.068690232432,0.066040358588,0.051048688418,0.034233797301,0.019272352727,0.021293699290,0.025820751238,0.014843368419,0.016411351249,0.048954379282,0.105612461154,0.043482839867,0.010515447352,0.006425546367,0.003363803063,0.002542627638,0.006882825731,0.020617696394,0.013926171658,0.010721807410,0.006275407392,0.002801416529,0.001385833791,0.001117683982,0.002417437925,0.019480428949,0.076031673302,0.103412509065
0.171263585809,0.177318765508,0.151685797511,0.092040165591,0.059734172858,0.100848801646,0.351315845565,0.768500622466,0.618376049396,0.266825437545,0.152074070216,0.080248498104,0.056475825259,0.050213796496,0.054016465496,0.048633942250,0.025300638723,0.011296353775,0.009804016105,0.025421702872,0.059256216594,0.047112853003,0.047288757418,0.042079193062,0.028099443042,0.016863095620,0.018128653721,0.037909308886,0.071529055919,0.076031726968,0.047071787960,0.043962171489,0.069838544250,0.076833813408,0.058813436778,0.039736910734,0.023826858335,0.024135481641,0.022641424852,0.010521088847,0.007713504869,0.014155394281,0.035922065556,0.023196059479,0.009209880867,0.009357528767,0.006192618135,0.004486507238,0.009096275702,0.026289197904,0.019639313174,0.016933477848,0.009643232830,0.003507467321,0.001621337399,0.001468013923,0.003056917266,0.017801354642,0.063120932084,0.110297589151
0.201379419773,0.155756322590,0.103033454784,0.058037424100,0.034807484057,0.052413989864,0.181968964164,0.561168874291,0.790635659440,0.458820641707,0.203571273329,0.065836189344,0.031530134115,0.029021182894,0.038490558081,0.043942428601,0.022871916882,0.007945963888,0.006335641213,0.019339949206,0.051291255228,0.029973036766,0.019713807630,0.025346727035,0.031517743133,0.030427142406,0.030368240420,0.048414307467,0.065836592356,0.049605588587,0.023285974352,0.030436190428,0.059320308099,0.069170883973,0.052842547556,0.032550921580,0.016412777289,0.013700531788,0.013530250126,0.008877859663,0.006684990840,0.008928206091,0.014542404498,0.008779153082,0.007189055776,0.011243182287,0.008563930653,0.005225966059,0.006835869666,0.015062586274,0.025762655097,0.026122545346,0.013998009900,0.005206683677,0.002884409625,0.002319114232,0.002953125133,0.009411961557,0.035590156079,0.105782475889
0.175564357214,0.122310975823,0.066341270470,0.047757869424,0.042746404575,0.046860090923,0.104618340441,0.306528069619,0.730662543442,0.755772776890,0.291583342060,0.059869981848,0.020252791586,0.018449990932,0.031848930936,0.034596000281,0.016978646290,0.003954630629,0.002037736422,0.005191658592,0.042038608924,0.061158347590,0.027905847559,0.020260309190,0.034281333234,0.048366020984,0.041187779222,0.033966354891,0.029268880058,0.028032363115,0.021495866350,0.026702242758,0.046293554452,0.052880908234,0.044783203319,0.035899643533,0.017637619873,0.009551585289,0.006937738219,0.006204681736,0.006288592715,0.007403482785,0.008201651216,0.008052348659,0.009194410814,0.011069622956,0.006643085654,0.003883695523,0.004623985441,0.010987320816,0.031873492743,0.034491460807,0.017457023152,0.007643169046,0.005226028682,0.004583694230,0.005435815475,0.009408823120,0.028574535471,0.092047064703
0.143128658723,0.098426812482,0.056787265945,0.053125699265,0.053979405731,0.039777368868,0.056506708879,0.155063802832,0.526552939073,0.908382706240,0.403124597575,0.062101344513,0.015496442172,0.011666008199,0.027955170224,0.032491424030,0.015822240591,0.003876653817,0.001510389932,0.003112493784,0.019612435823,0.040367090997,0.033502655380,0.022222811679,0.039565158119,0.061948778060,0.045096076016,0.022045148310,0.013488291543,0.013633425174,0.014629110449,0.020369393041,0.035518193475,0.044886386125,0.043017695877,0.027116491651,0.011211632895,0.006587376583,0.005488112811,0.004854173696,0.003677802656,0.004002362127,0.005469942795,0.008947545206,0.016322394805,0.017331193670,0.006303556527,0.002576622282,0.002571886651,0.005430741786,0.025093974877,0.035930633772,0.016008947365,0.008069890747,0.006996659767,0.006010666703,0.006007150447,0.011476923837,0.031607407736,0.088121924067
0.103477670887,0.074361696021,0.047937791092,0.050055336464,0.049403727408,0.028659509519,0.029947989143,0.075396723749,0.335236927087,0.923023291557,0.530845054984,0.074413653419,0.015466421570,0.009137332678,0.022083451356,0.025693034381,0.010718919290,0.002729091330,0.001638852652,0.003642131744,0.020197568487,0.043470718561,0.054411549275,0.026637224810,0.044040243767,0.073106548315,0.052459430784,0.019423654103,0.008933735739,0.008552440297,0.010195136796,0.014102985645,0.024123731503,0.034052774872,0.037785012436,0.028542243772,0.012967435881,0.007127377149,0.006330702901,0.007022595571,0.002920738807,0.001883523014,0.002593466757,0.006278520189,0.016043380097,0.016866846068,0.005032286617,0.002080813490,0.001684916002,0.002520554334,0.010011557676,0.026636113153,0.014157622911,0.006004698710,0.007077660544,0.007414156860,0.006872544626,0.011689872572,0.039824345083,0.084199071189
0.088682264785,0.068278646626,0.043336955036,0.032353994662,0.024158354735,0.014443492468,0.016883581817,0.047568121395,0.259317650777,0.903785795438,0.621689499990,0.088506860946,0.016350265840,0.007274013312,0.012753691334,0.016440610439,0.016762628982,0.011955568680,0.005033114373,0.006498086330,0.018828036377,0.049355663460,0.081693529048,0.030158588862,0.033584320485,0.061765148266,0.055723297890,0.022707958393,0.011058135612,0.011258080627,0.011443669519,0.010323637836,0.013477062125,0.017029303021,0.023482110864,0.031623985136,0.023017829028,0.010922499490,0.006128971430,0.003360452851,0.001467055177,0.001414267159,0.002320863788,0.005790160830,0.014488666770,0.013007158153,0.004097792413,0.001790200586,0.001146717194,0.001563583360,0.006583713555,0.015588163989,0.006311769827,0.003353573838,0.005169656043,0.006775121467,0.007528552146,0.013683554959,0.040501526093,0.076040851232
0.057214465395,0.058359948118,0.043254980116,0.026081846053,0.013691448537,0.005395761648,0.006846608208,0.024441679277,0.174783932825,0.837371095755,0.740843935866,0.091483815932,0.011368065567,0.002960397427,0.004311124155,0.008072504746,0.017169339024,0.023388069998,0.016465848627,0.013142626850,0.020913019462,0.044403485271,0.071393133380,0.039838889152,0.026106633387,0.044790867689,0.052398218399,0.021178328416,0.008337754310,0.007225929682,0.007410289430,0.005580307789,0.006233576071,0.008760293523,0.015627392447,0.025080699909,0.023426749865,0.012842560154,0.005222465711,0.001559781922,0.000463005819,0.000541730729,0.001442092436,0.005213307643,0.012967808704,0.011466420601,0.004355001005,0.001760672462,0.000835036003,0.001156373271,0.008171829776,0.023528544713,0.011049892076,0.003196363197,0.005629037061,0.008060797208,0.008194209083,0.013315014963,0.035551799879,0.048432213424
0.027685629986,0.037829688474,0.041324061054,0.032580585539,0.018105129940,0.004682013896,0.004011229473,0.014309317892,0.116465163468,0.666885082353,0.858518856131,0.124984574560,0.011622603967,0.001733679528,0.001825769485,0.003902820694,0.013353885458,0.033171371918,0.032605478250,0.029986523675,0.033638342174,0.033865497687,0.044877965311,0.037394426876,0.022247983905,0.032597511614,0.044977367029,0.019601795185,0.007688078591,0.006177095165,0.004823203706,0.003192178389,0.004407134682,0.005968655852,0.011874358259,0.025785830696,0.029341215722,0.016310161884,0.005984476688,0.001493321490,0.000383347352,0.000386175690,0.000869448137,0.003906863385,0.010855204657,0.010922031672,0.004957711255,0.002008382722,0.000808705022,0.001201809637,0.009079705666,0.023314278773,0.015969713954,0.005153249021,0.007686275465,0.009877302356,0.008824172171,0.011660691938,0.021898616459,0.023502852631
0.011917391038,0.021999649772,0.031316260670,0.030454957230,0.016742446947,0.003961996413,0.003167622878,0.009914349636,0.082820791765,0.557365354091,0.934632187083,0.144909095807,0.009158174432,0.000928998587,0.000940985970,0.002815958896,0.015743783181,0.050906063815,0.041950000579,0.030124551245,0.028011795864,0.022300490857,0.028387812043,0.033730610153,0.030253219060,0.024244898492,0.035953602297,0.016322337172,0.006634831955,0.006104962567,0.005539104839,0.002711891357,0.002248044628,0.003232456516,0.009474243963,0.030249687581,0.048304257303,0.021780769429,0.006308307923,0.001398189291,0.000357414166,0.000368778500,0.000826754505,0.003123462632,0.007272251921,0.007061243917,0.003696177280,0.001616703300,0.000686022071,0.001361479811,0.007670770727,0.020192802459,0.034215580828,0.009052589646,0.007515604688,0.009463731339,0.007900101847,0.008150016243,0.009629022307,0.008415463464
0.007562340094,0.013052458525,0.019355392176,0.014606700991,0.004945238680,0.001079120762,0.001348065464,0.006791449231,0.067477511907,0.527346041395,0.966227658745,0.130959481383,0.008383478056,0.001193171028,0.001535746459,0.005148257597,0.028424119394,0.065375598874,0.038599479299,0.019519046187,0.016741371460,0.017713820854,0.033299622684,0.036625011111,0.028061889178,0.019918880423,0.031654265341,0.017603383109,0.008596315608,0.006938605347,0.003719317311,0.001329962913,0.001179826681,0.002347957923,0.010282877019,0.039720248370,0.053576696428,0.021452316293,0.005900001357,0.001232541863,0.000320163273,0.000330924366,0.000654697948,0.002253593912,0.006292219068,0.006543675921,0.003079336506,0.001392041802,0.000581945389,0.000528454613,0.003006787338,0.020523937949,0.048303142120,0.017344586329,0.006686470353,0.005974419348,0.005705503586,0.008279133704,0.007176843846,0.004375872513
0.006192668921,0.009678260987,0.015116743534,0.011461873873,0.002978065088,0.000411289203,0.000664765435,0.004990066577,0.050805601360,0.480366604598,1.005505812614,0.111694341932,0.006013231895,0.000898033072,0.001441998931,0.006366147327,0.036189583432,0.076638615615,0.037519685850,0.012744255065,0.009416774019,0.010739939891,0.022590941849,0.026417344652,0.017755549843,0.018443207293,0.033574226941,0.018413484401,0.007262921582,0.004035764623,0.001442693958,0.000643828657,0.000937080882,0.002784458057,0.014650483612,0.053379371471,0.051909415946,0.020117341732,0.005599166138,0.001288760103,0.000306431360,0.000264241492,0.000459520218,0.001659701721,0.005879005226,0.007937256797,0.003699815213,0.001678353527,0.000786020412,0.001105687760,0.009283125157,0.028288971350,0.036928403579,0.011254063144,0.003557303432,0.002830800125,0.002799735612,0.004705074319,0.006428099035,0.003958667331
0.007531085327,0.010752267085,0.014502922213,0.013196351063,0.005011903024,0.000573586807,0.000644215148,0.004396244207,0.038424081440,0.382767228010,1.028173584685,0.149368134804,0.008992823304,0.000959100435,0.000888485806,0.003086318439,0.021093575399,0.089940293385,0.035730404191,0.012601970972,0.008544829711,0.008196547167,0.015015984566,0.018864329429,0.015590406588,0.022895269845,0.040981659056,0.024715403627,0.009565642179,0.004387372601,0.001543875751,0.000816214514,0.001719764701,0.005594699678,0.024229987941,0.061799513371,0.052254219785,0.019434370671,0.006631687032,0.001997789323,0.000400274231,0.000279594912,0.000472793221,0.001879211438,0.007779517984,0.011127295215,0.003958464529,0.001651194143,0.001024968163,0.001352140167,0.004239832572,0.017134692136,0.033999537373,0.017570073493,0.005083926360,0.002187760057,0.001965140418,0.002980135681,0.004093243125,0.004350364443
0.010832114650,0.015460356153,0.018187212375,0.014955264557,0.004689312409,0.000585306119,0.000813137692,0.004951797996,0.042479995656,0.410080560674,0.989215294880,0.151604099723,0.010163355069,0.000956177871,0.000614846900,0.001962127547,0.017775298949,0.075843858952,0.037614374573,0.012075090396,0.006824139153,0.005631456844,0.010013031412,0.016163382443,0.022907829636,0.031132081494,0.053195473812,0.030477099542,0.008648367045,0.002566610902,0.000831699565,0.000498274471,0.001881451163,0.010774446777,0.036933063495,0.065603561624,0.043399688478,0.018721927350,0.006964360853,0.002285194105,0.000474428611,0.000407533546,0.000761219076,0.002542145439,0.009762850909,0.013761661435,0.003842303703,0.001526866197,0.001173332230,0.001614699307,0.003435219892,0.013590261145,0.042325521216,0.023650507077,0.004958420669,0.001537463925,0.001310764154,0.001761457428,0.002698179183,0.004822137518
0.009983031910,0.015448686267,0.017268118702,0.011238640498,0.003707087204,0.000656938876,0.001181321693,0.006222484176,0.054491220689,0.509150932642,0.943140195141,0.112466488980,0.007658653371,0.001018323998,0.000875164918,0.003477761496,0.028974373087,0.077087660178,0.023951028521,0.005919490296,0.003328248156,0.003474087099,0.009203816622,0.027565075511,0.026693181459,0.034564385290,0.064657980358,0.036469037495,0.009147341353,0.002527103421,0.000871388984,0.000471245677,0.001615752311,0.011145011982,0.038781443369,0.068430254660,0.043986733158,0.017197503813,0.005024044354,0.001255027391,0.000317504512,0.000418097715,0.000920955213,0.002677334136,0.009476088639,0.013808327305,0.004356391768,0.001654777931,0.001218597799,0.001806432649,0.004526526426,0.018506747144,0.052387304451,0.014747577839,0.002770964906,0.001073455829,0.000938026327,0.001577672519,0.002930660777,0.004233282617
0.010035104710,0.018452143968,0.017941720424,0.008072845577,0.002715001514,0.000874881405,0.002342431006,0.011901370423,0.084581537075,0.611552106036,0.872976862340,0.097352866543,0.009112109068,0.002221617513,0.002917689045,0.009700778435,0.041913888730,0.058312774581,0.015948433717,0.003942260900,0.002693620822,0.005660306966,0.032006531766,0.044552080881,0.023020919490,0.030423293818,0.069874392902,0.045630017923,0.012790578887,0.004235403328,0.001532504522,0.000554329977,0.001325581715,0.008529928952,0.034949574956,0.070580463256,0.052227619462,0.017937831868,0.003545289953,0.000711813047,0.000232473540,0.000522983735,0.001483057898,0.003851755797,0.012491298049,0.013375170154,0.004020649625,0.001685091105,0.001256010197,0.002548947685,0.009204723830,0.021889726857,0.033797341926,0.012455176998,0.004115523026,0.001949013439,0.001635529620,0.002119990177,0.002331339477,0.003226983742
0.006101713881,0.011225593897,0.014769189077,0.012109945500,0.007313804868,0.001910498138,0.004008196139,0.019760119512,0.108452710956,0.657778875275,0.853846803713,0.101640082019,0.011169101281,0.003443166969,0.004843722818,0.012491624330,0.035252522701,0.045675009494,0.015012140496,0.005626065342,0.004675977120,0.008642609947,0.038990266457,0.056898922419,0.019600329367,0.030483972457,0.063717781085,0.040681404269,0.014560188404,0.005958024777,0.002308066495,0.000758246759,0.001457556773,0.007395316905,0.032297578310,0.074355783640,0.058905057434,0.018910817386,0.005341638304,0.002020604737,0.000544169938,0.000764235001,0.002975984553,0.007689418746,0.015474601768,0.016533721414,0.005986511574,0.002572429719,0.001905702876,0.003578998826,0.014018749484,0.032287035692,0.025087576643,0.008428459624,0.005671595730,0.003251367384,0.002167999711,0.002010474296,0.001717629550,0.002678497146
0.008658824841,0.012305288530,0.012747922054,0.011055161389,0.007376712138,0.002466698996,0.004583911220,0.023524364060,0.157084233889,0.846368878456,0.714565135659,0.070417688788,0.008003102894,0.003252263560,0.006747248265,0.016907507468,0.036250269656,0.039565044000,0.013483733818,0.005541297522,0.004185516577,0.006963738070,0.038890102084,0.079488236730,0.024425075754,0.023735640192,0.040418441491,0.026399598436,0.013604326882,0.008841815567,0.005782284635,0.002399299891,0.003222558466,0.009680908569,0.030394694156,0.064528949164,0.050264551878,0.017922182950,0.008992689527,0.005243741116,0.001237310422,0.001522031558,0.005563609389,0.013314315144,0.022408815085,0.020671588317,0.008122373534,0.004345000829,0.004637731708,0.008023785605,0.025159946500,0.032556096805,0.016582208663,0.008869125589,0.010761128562,0.006574969836,0.002924698096,0.002411581445,0.002519756473,0.003911271334
0.010833446404,0.013551672433,0.008233012653,0.003919505975,0.002578736688,0.002128755475,0.005558145380,0.033923909625,0.262503059694,0.957716353852,0.500704863300,0.062472644523,0.013753289805,0.008136178159,0.012573078030,0.016429738657,0.033780168885,0.051899702783,0.028888775416,0.014888336548,0.008995860268,0.013499989196,0.047502109263,0.057002962561,0.023919351769,0.033378857465,0.033597049139,0.014556191336,0.007188719332,0.006294447119,0.006723319853,0.005277393115,0.008819079101,0.016495736926,0.028038897155,0.045214083273,0.039985476427,0.022403672590,0.006982238264,0.001406589306,0.000287668343,0.000445426330,0.002482074653,0.012534431478,0.023850845402,0.021774441303,0.012135045303,0.009973051917,0.012546617043,0.021677818078,0.035560090796,0.025925093961,0.011778285120,0.009648603559,0.020848812505,0.018827245731,0.007721871275,0.004465659373,0.005768108615,0.005806135672
0.015448454035,0.017535481080,0.008201549912,0.002515285889,0.001278941216,0.001553777601,0.006834123796,0.053793245543,0.371690210498,0.973796768316,0.322239948735,0.031798091811,0.008557364945,0.009786520522,0.022833038174,0.035090965121,0.056311987609,0.060883118906,0.035278602626,0.018021029112,0.009614159478,0.022394657420,0.111893036634,0.067662011040,0.036926599263,0.080883109999,0.047548424981,0.011948193689,0.004189998615,0.003598266901,0.005741408124,0.008344374035,0.015841830066,0.025445406570,0.028626975245,0.025542932143,0.019175080486,0.014566742609,0.003991156243,0.000850344204,0.000361846567,0.000718841844,0.002885425606,0.010144951245,0.014952406391,0.015937051911,0.015453387414,0.018329348606,0.024337921457,0.029432607925,0.027341368276,0.018388978652,0.010138808484,0.009817274121,0.031482970276,0.045168521097,0.024318372863,0.011099125054,0.007723317194,0.006942218871
0.023040728665,0.026776966524,0.021086043719,0.011917776212,0.007699829609,0.007916650922,0.021698783477,0.112753871624,0.559107389651,0.832676578609,0.181061243204,0.020609561265,0.010086873666,0.015101200371,0.042500811115,0.075949160196,0.056352097331,0.033073394824,0.023643965758,0.031426636802,0.073565305808,0.117254466658,0.128751141312,0.095542735644,0.102747888258,0.115206767138,0.040113432706,0.010183328637,0.005848386171,0.008159661913,0.013693339156,0.011729468076,0.015941528727,0.030801931457,0.043881930829,0.033136805182,0.016342131277,0.023021956252,0.020208642860,0.004207318939,0.001434814115,0.002871238937,0.007802763492,0.018809196350,0.027044211485,0.025260625496,0.018433919921,0.020863027981,0.033069901742,0.045600282783,0.038153938556,0.018240572346,0.011138944246,0.017457544401,0.050397285773,0.079101362002,0.057696834480,0.029273495867,0.013830570625,0.010450362776
0.053357757739,0.062660435495,0.056148251231,0.038393350836,0.021693141048,0.018238117178,0.037690040549,0.171397388722,0.660846780521,0.730968555592,0.150510568249,0.025350272600,0.017761584864,0.033064333726,0.092254803268,0.119696182847,0.065736867601,0.051743109044,0.053949401252,0.068228694656,0.089431735208,0.145473176847,0.237319151564,0.142302044566,0.106226365425,0.100882073773,0.044869603147,0.020169419088,0.021158004315,0.030551812066,0.032041760629,0.017259042948,0.016841321308,0.030748636988,0.045648874570,0.037008928821,0.024015173493,0.055615232728,0.082800861908,0.017982593914,0.003819537641,0.005929928517,0.017107049795,0.047261617691,0.061263095334,0.039212630316,0.024113590575,0.026191266771,0.040694340176,0.058178394786,0.050134877924,0.029459536991,0.029188248816,0.040975832662,0.069996737489,0.083214501731,0.061893536343,0.043463976885,0.029535688182,0.026958081887
0.113627719047,0.142009269932,0.125212001513,0.081851758531,0.044828670809,0.038994960101,0.079465648056,0.280596491036,0.682761307767,0.573975539266,0.155807619128,0.039818517274,0.033348346251,0.061266190601,0.146258202849,0.186810257994,0.115896607708,0.097625258321,0.102151270921,0.128420115061,0.152818719083,0.205592777139,0.224412333408,0.155335449035,0.136708893628,0.111007513672,0.053458894230,0.041099736183,0.052313407571,0.070003484600,0.067822102114,0.028923847872,0.018855269122,0.023536147187,0.035715837732,0.036997118803,0.035560606459,0.059075052946,0.043684175039,0.012000317115,0.006929714045,0.012681347291,0.030480654700,0.076333377163,0.103887752760,0.069506260496,0.039425149443,0.029147997392,0.037206217731,0.061171236662,0.075123321419,0.054104311680,0.046242001224,0.052458274134,0.070077904042,0.083905567905,0.088246988961,0.069031326050,0.052477197603,0.069333943845
0.133370872039,0.182089476245,0.151222467794,0.077154846088,0.035189501418,0.034803304712,0.085919666763,0.332899151382,0.708105257304,0.440680388511,0.108033796673,0.033326864436,0.033850888746,0.066005353696,0.142535592167,0.171514401940,0.115160859047,0.107155084545,0.113376883558,0.136364401931,0.217057244408,0.259839736457,0.200340653080,0.153375447772,0.132635460136,0.098130627213,0.051360559075,0.042602162858,0.058338730204,0.078795095591,0.068834549486,0.023598615417,0.012940007282,0.015119012738,0.024010797887,0.029316088212,0.030901242461,0.036205086423,0.023236331860,0.011413338448,0.008571546086,0.013435455778,0.028863041779,0.068159534268,0.104790888135,0.085039171770,0.050301084704,0.028700249142,0.027165694988,0.037343679906,0.055033142786,0.047773498158,0.042783849520,0.049461883597,0.064581028987,0.091429294471,0.143534149724,0.087322546636,0.065326979923,0.082152639709
0.163388796979,0.183870000475,0.130015330476,0.066162073043,0.039990028313,0.051932066612,0.140856750115,0.443784199160,0.661297497244,0.335233655077,0.099022161735,0.039107144575,0.046112818175,0.075534865345,0.123930047236,0.148430797814,0.137845427774,0.153526110643,0.152134919355,0.153795967298,0.232707343452,0.249395210169,0.186078901687,0.165687265901,0.157880812826,0.123538023653,0.078607542406,0.067115039505,0.062810241212,0.052206320328,0.035790229371,0.017110316491,0.013458800745,0.014166702318,0.018652251468,0.024340030491,0.033090167482,0.037937703770,0.021692358292,0.013237729393,0.010087720817,0.013749223462,0.028341897204,0.067252536506,0.120829114671,0.122363800103,0.071076547663,0.030136169834,0.023026146593,0.030281947278,0.049156622740,0.044478891834,0.034084004998,0.043837293322,0.064915663551,0.112028703654,0.196623602845,0.115959248613,0.107578074690,0.121570536196
0.146106546051,0.134915671803,0.110847335495,0.084985717714,0.077329653780,0.105074461892,0.207138213577,0.413849443014,0.528406142677,0.364032099318,0.163017428972,0.061493519767,0.050103871189,0.052650481369,0.082469209936,0.145085575119,0.204171296183,0.244379609186,0.200039289237,0.183089246537,0.277487207760,0.338877238951,0.275023342746,0.207136706612,0.208339288512,0.163199412952,0.097922918336,0.070192432111,0.055749410218,0.048126490672,0.044431229252,0.026651235615,0.020402017447,0.017980045843,0.023983647588,0.037867948348,0.050642363400,0.058031181512,0.032959393521,0.017134248667,0.013236622294,0.016309735031,0.030269250512,0.072382885999,0.132724458344,0.131584036176,0.075192660721,0.036634814018,0.026790596391,0.024929430349,0.040533036640,0.061765812784,0.051699846765,0.056847780981,0.078735678314,0.118737834583,0.190495317116,0.209612994152,0.201116861725,0.164582688884
0.147156858424,0.145235795675,0.124045992176,0.098874986756,0.097672972561,0.144203747472,0.271108511483,0.472796454375,0.489154016105,0.280194726374,0.119525624780,0.050632838720,0.051609160145,0.065525594527,0.098029325399,0.138841192911,0.182001889277,0.262736805187,0.248302759566,0.218690394137,0.260981317934,0.261937393580,0.228791123731,0.228343042388,0.214313849994,0.135354411945,0.070907822017,0.048574948842,0.046455015071,0.054989396683,0.066665688683,0.043126341522,0.028989166548,0.021920052907,0.020521428400,0.025423554165,0.042204560071,0.049888005801,0.030898011266,0.015573543872,0.010258238681,0.012697157939,0.027798097229,0.074746714331,0.145407709902,0.148554913302,0.082628927363,0.032340365877,0.018079040199,0.017321020082,0.021627016367,0.030001833216,0.030209124643,0.032858910307,0.046057407992,0.084057868965,0.202417810460,0.263616253282,0.213526086410,0.166097108247
0.145580718008,0.127822847934,0.101192913064,0.090576975903,0.104800965457,0.172724019827,0.314268443315,0.506538092226,0.485170061503,0.216757824028,0.067429838654,0.028024400189,0.034647846234,0.072399700543,0.129162793700,0.144200483064,0.140373537726,0.217753935084,0.226741163550,0.208634118014,0.272299568056,0.269304570846,0.231047838328,0.191174859792,0.159734152523,0.104024990572,0.062046779814,0.046512587684,0.050045963139,0.062862411765,0.071051141756,0.039620294850,0.024607197758,0.021479176204,0.016994948719,0.021233015091,0.040134446045,0.062310525180,0.047126104316,0.020044952265,0.011285353574,0.010756917437,0.023808346967,0.081962217956,0.172775126140,0.135919637284,0.055333784427,0.022834057277,0.015882268437,0.015240332933,0.018115293173,0.018917280969,0.019179353984,0.026237907094,0.038806097427,0.069259203274,0.167575592580,0.276207077512,0.235043134224,0.177977080568
0.118771456509,0.077280995620,0.072393113376,0.107405862384,0.174651469814,0.257010479783,0.321130659914,0.412005170445,0.437957699557,0.232981974303,0.073723159000,0.027402541621,0.027031779589,0.049126514836,0.094321726412,0.137748685846,0.160516026418,0.268347620811,0.270630894039,0.246917586500,0.266792705968,0.227043216004,0.167741652334,0.147688604710,0.145837117478,0.097980099854,0.056187802117,0.047124723714,0.064181638049,0.080284359720,0.067354954686,0.030825774401,0.017917183429,0.013110805562,0.014627639634,0.022312551273,0.044499558206,0.087244545010,0.094608525169,0.031701698890,0.010217311313,0.007974605393,0.018403643248,0.085477239642,0.203105374651,0.133336943432,0.043013241022,0.019567098417,0.018382551136,0.019969307117,0.018229917177,0.016389016410,0.016654884235,0.022236059225,0.034005680558,0.058967091610,0.140836463611,0.329389375662,0.311434748654,0.209190904046
0.122007976151,0.091456315935,0.111396880522,0.175948494169,0.232281751173,0.252656639854,0.288376327290,0.365996514092,0.414968711431,0.239581626649,0.087280652245,0.032524073165,0.026832171505,0.041994909695,0.090986679948,0.152691407132,0.179879403896,0.292118177970,0.315724406438,0.313861060625,0.259900343588,0.203870399986,0.147210423564,0.133338480429,0.179205233146,0.114709085235,0.046530245473,0.031993234232,0.038845457493,0.053413111846,0.075795801164,0.063924314481,0.040997889010,0.019037328561,0.016088291214,0.023214518027,0.046581197368,0.098847801397,0.103173570773,0.027362158695,0.009821941514,0.010979282069,0.023587382439,0.093606356957,0.210639704752,0.122771879075,0.034429262001,0.015925709083,0.019938833761,0.030803134214,0.032586455081,0.024378591391,0.017023375972,0.019705913376,0.032894287472,0.063620418124,0.117312663574,0.257775664833,0.315254818120,0.216887727689
0.089845368733,0.096797081688,0.171021566589,0.290527153019,0.263127280572,0.166926381485,0.159347313032,0.266154947651,0.524876750768,0.413515406435,0.129509667428,0.038284399273,0.022684795831,0.025227791859,0.060788340748,0.134086059977,0.183464632927,0.294172028520,0.284455901724,0.251126364102,0.262834976890,0.284453225213,0.223505498073,0.162795954385,0.110432023463,0.039995075159,0.019702157455,0.020188833905,0.038832594706,0.062304904202,0.082453278841,0.061232540049,0.032417735716,0.014961155841,0.016320447711,0.024028127479,0.050981151055,0.125877865221,0.119244692518,0.026512108910,0.007945331937,0.008180247207,0.019994576110,0.066289826307,0.142242363652,0.094969733338,0.033026606203,0.017158288178,0.023085858538,0.039582991449,0.047879710866,0.037856501183,0.023424250126,0.023700332535,0.038286025845,0.077166142270,0.123513850933,0.286945743279,0.270160272798,0.134778844484
0.058935679126,0.077739320327,0.181327674067,0.348804372067,0.246396524615,0.130024612166,0.110350580184,0.191128632611,0.455803878995,0.536470305681,0.226328971165,0.074638151491,0.046139868303,0.044627449802,0.050190330595,0.053955671764,0.080952490725,0.196160967754,0.289665618340,0.276768905706,0.306824758199,0.329100069269,0.232814514791,0.089831593739,0.037309347262,0.016574821425,0.012526421924,0.019813093846,0.056147805278,0.085512026522,0.076071575779,0.033080052333,0.014775727747,0.011676436680,0.017917180000,0.026593513433,0.053457403731,0.139281742078,0.151715839472,0.031666883231,0.006905123550,0.007074902244,0.016519841544,0.040830507992,0.086877631444,0.076957858880,0.039680819868,0.025495526310,0.027059740975,0.032785198423,0.037968796606,0.034720992824,0.027433628267,0.029022548371,0.041116851798,0.078400117422,0.135296559499,0.339874156148,0.283586120735,0.099939931903
0.047867675986,0.061327014227,0.154271324276,0.374920299779,0.254782417839,0.117414695450,0.085535135298,0.147225184067,0.363814825601,0.561290197792,0.316005427524,0.138535375225,0.094728665143,0.068654187940,0.047161118220,0.041163719453,0.070412561055,0.184656523220,0.250944177877,0.225377304316,0.312700386860,0.343078394172,0.193182932120,0.047954534612,0.019995692037,0.011376044418,0.009180299924,0.017904784123,0.063793859531,0.087106886210,0.058721516561,0.017811897554,0.007639761518,0.008802125569,0.016519506988,0.026315916237,0.049740938798,0.105996645501,0.165192579020,0.045700428701,0.006815758969,0.005001216887,0.008522053994,0.020649098133,0.059172129706,0.084004904676,0.069334859641,0.044442792867,0.028435030334,0.021757639100,0.021419578122,0.025387662415,0.030376146686,0.039944744801,0.053199847377,0.086977315175,0.153120293563,0.374412978094,0.229656315564,0.066033748817
0.050283677132,0.062389988148,0.131118082064,0.358483661224,0.286691099185,0.143487858268,0.085405386385,0.112013714853,0.244193392610,0.531346715042,0.453462661485,0.233707117179,0.122589060490,0.073443489896,0.060962446666,0.070450485247,0.116944646718,0.297371842937,0.244530328629,0.170411698268,0.175780435409,0.249923319504,0.261980021631,0.060639249536,0.019639299464,0.010291331346,0.006862104165,0.012886809235,0.051413971024,0.065991618072,0.043078830316,0.017741179677,0.006627158663,0.006170517082,0.010933088621,0.017351847364,0.033154788784,0.058465327099,0.128445340851,0.096042862208,0.009197860517,0.002742052538,0.005287218189,0.012261021012,0.038941630171,0.080800508267,0.097500270229,0.057849589807,0.027228104470,0.018868702958,0.018130042695,0.023673881164,0.031803087418,0.042671202379,0.058452054874,0.092721502397,0.130893452687,0.255187875615,0.224168578113,0.068268289040
0.047928115239,0.064064017274,0.131059293266,0.339041088692,0.283521081749,0.144863405993,0.078072779651,0.092793173181,0.195655162294,0.511969320828,0.508746320723,0.317712572249,0.175066201650,0.114035854433,0.097679542879,0.097537032650,0.119496041515,0.325254280161,0.212783419934,0.115131523380,0.101867551769,0.137616085520,0.175750250206,0.101571759467,0.027731546950,0.011736092847,0.007285958571,0.010868022457,0.035415939992,0.041740507472,0.028468442018,0.021382629190,0.007293219422,0.003859886024,0.005948803646,0.008957750408,0.018470571027,0.040713776999,0.103125073173,0.099379622926,0.013028641260,0.002044320741,0.002954450825,0.005858455869,0.016222798065,0.042928266054,0.076792275385,0.060526874991,0.033054632016,0.024262223625,0.022523596727,0.023312891075,0.023735539484,0.027691663868,0.041797817438,0.073754361093,0.122462766300,0.204092705045,0.147388868547,0.051855088504
0.061770154832,0.079553823298,0.121042069883,0.212634679808,0.233440051100,0.194426213173,0.144790800223,0.141314038162,0.169858356231,0.336774437261,0.441045511375,0.487130192309,0.385523753259,0.244951923464,0.138359244917,0.072442496384,0.060172405835,0.242858304569,0.252788421237,0.098725423597,0.051144381780,0.046257273198,0.067712524034,0.072434827492,0.025472632748,0.015423419008,0.012663914776,0.019800558346,0.035820587985,0.028000487176,0.015039723979,0.012211615078,0.006566562823,0.003139081571,0.004187053340,0.006937603373,0.016874203292,0.051379598291,0.164506851243,0.114360547075,0.014306671117,0.002215984813,0.002518740948,0.003978983487,0.007600901503,0.018479433559,0.045187385770,0.058579678382,0.043402922959,0.030390249892,0.025910652412,0.020369138700,0.015366140622,0.018506775613,0.028884668168,0.049792780938,0.079464694416,0.109604177616,0.113799274097,0.064650559357
0.074493817734,0.078262833188,0.082530896757,0.088886241811,0.128327217959,0.203751054627,0.206698593171,0.149549128773,0.101000408437,0.131854841131,0.188957980747,0.384140940612,0.659480062325,0.473492148280,0.146452147152,0.036545841041,0.021775110798,0.049264383043,0.147046313421,0.268191865938,0.161561208766,0.022427263236,0.012936621129,0.014680277178,0.015272827912,0.023001899696,0.020369118150,0.034291891986,0.037436200169,0.016274197250,0.004311934964,0.001704199879,0.001712606621,0.003638032052,0.009234432230,0.019332672920,0.028287227042,0.052944849339,0.077099194128,0.085041130101,0.035960388306,0.004888016944,0.002804528900,0.003767587300,0.005975409051,0.010445621055,0.026648529789,0.050015633415,0.053467817088,0.032360938355,0.021153167060,0.014347954026,0.009664022763,0.018362790696,0.074434593157,0.040411015295,0.033301538844,0.048553937341,0.065189635502,0.070045146879
0.071143852634,0.061120253702,0.055181652383,0.049971737281,0.070294124644,0.132819611101,0.173161404938,0.149927546635,0.111377613853,0.129406582190,0.126745560665,0.191696254623,0.487642887886,0.702802179822,0.303656334809,0.046448376628,0.010188907636,0.011754343386,0.082910774144,0.182120951068,0.140515563581,0.065864603899,0.023770939789,0.011623422059,0.007596985147,0.008113284881,0.012970819999,0.025791067978,0.026464267508,0.012381086684,0.002942663754,0.000819410472,0.000538478382,0.001205834133,0.005832776969,0.029751303399,0.079652135033,0.083482381427,0.057268296228,0.028859055194,0.022051545004,0.032442268687,0.007246832566,0.004366201013,0.006497786856,0.012612519700,0.030698265940,0.054269013851,0.060758660043,0.037811312412,0.024735752552,0.017785168828,0.011115137681,0.024183905262,0.114554793081,0.111941069739,0.019153517186,0.024625442565,0.047984013177,0.063999694894
0.058812783133,0.035269891598,0.025679997651,0.025560430247,0.047880789265,0.112600826924,0.146922968107,0.116734111299,0.073027877367,0.080852243105,0.093420744887,0.167653488106,0.472494183775,0.736185984442,0.347196158726,0.059554539892,0.011252603952,0.006336945569,0.024462443419,0.092856599137,0.141385511414,0.079394617057,0.026623247940,0.007049022117,0.003931620281,0.004688845931,0.009152519084,0.019826533006,0.024099809815,0.014126525552,0.003404760220,0.000837176016,0.000488080534,0.001123407697,0.006804572545,0.040486567945,0.093631494455,0.069656012771,0.036230370578,0.017667531371,0.020735636543,0.050765335928,0.024175608892,0.009835879520,0.011912996517,0.018839279414,0.032790632397,0.039599963981,0.037595050527,0.030024718926,0.029716766881,0.027396092794,0.019907711415,0.036014482104,0.087767329706,0.121743079437,0.034907804388,0.017427868242,0.035845465336,0.059935397112
0.041336771849,0.026106164663,0.017629589092,0.018112275436,0.038746699919,0.094266962789,0.118518767517,0.085361585363,0.047399899455,0.052227455209,0.076268997880,0.169813466809,0.512721792562,0.729216090536,0.370069941470,0.072619755100,0.013768197627,0.006343427418,0.018001179232,0.073748201455,0.130597081675,0.050272573264,0.009735199344,0.003137331469,0.002025724013,0.003109500314,0.007146837676,0.015606902726,0.018668644631,0.012343632878,0.003832215052,0.001175484168,0.000747242606,0.001771422910,0.010551383571,0.051048937456,0.079601751582,0.040951248516,0.015464316629,0.006847054251,0.015807764470,0.059719806977,0.034184382836,0.011290677931,0.013208123246,0.023667447264,0.039292969943,0.035290760949,0.024904908588,0.022309803457,0.030082011743,0.038023919554,0.029323424933,0.035330148578,0.071804742551,0.111440323210,0.031732040665,0.010384024592,0.020277723923,0.036558182461
0.035479924004,0.027004345611,0.014538815056,0.011088981022,0.021159202165,0.065943516388,0.106342052712,0.078156639398,0.043446399233,0.046481707294,0.075052842772,0.190572469948,0.589033930652,0.715942108599,0.328249293403,0.068212614608,0.018914167336,0.009011793819,0.013843833902,0.039137115814,0.102147501301,0.081412933240,0.021178903502,0.003376135114,0.001567620275,0.002418218242,0.005222302343,0.010613911211,0.012710746535,0.009820347621,0.004861888585,0.002223924029,0.001563552485,0.003160448767,0.015267277065,0.059378571200,0.076529049440,0.031973640323,0.008731569316,0.002712204231,0.004256574712,0.032872707367,0.016587315228,0.008505317435,0.012694024086,0.025287017875,0.042561863583,0.041050584120,0.037634803744,0.025352168326,0.025747866601,0.038722867981,0.034941604104,0.035698309113,0.043128423442,0.052798004591,0.025437402816,0.008714233964,0.013600604475,0.025105199849
0.033535432454,0.027339369743,0.015413063415,0.013078820000,0.023865053253,0.056554358409,0.080101708596,0.066755855432,0.047305292631,0.061031529143,0.113920450140,0.316982990681,0.755875386159,0.530549130913,0.191515113834,0.061374611063,0.036594875560,0.030728866369,0.037315348204,0.057500878133,0.099205803210,0.061559321497,0.018252602891,0.004262730405,0.003003322835,0.004833917397,0.006561964957,0.010717526239,0.011523578647,0.009384090624,0.006612543672,0.004556380642,0.003893015633,0.006764885694,0.022974769600,0.064495121694,0.060875352448,0.023012218654,0.007904556152,0.003277860225,0.005166379147,0.023498945746,0.024440355930,0.009359071472,0.008804513586,0.019386760609,0.048021272231,0.078107574806,0.092624826839,0.031353066528,0.018686897961,0.027830846491,0.031931892847,0.045918864855,0.042738144353,0.023282453477,0.013107067606,0.008598606155,0.010836172305,0.019630386947
0.077173114132,0.062696049925,0.032831531405,0.026354797186,0.034272644715,0.059522357161,0.081318823341,0.066424454939,0.049560418899,0.083455440399,0.184934001178,0.471443957841,0.756441583649,0.391901384623,0.167328830256,0.073234652762,0.062581177002,0.065081717314,0.063795948494,0.062703729542,0.079397366264,0.037911804907,0.016273354294,0.006892718976,0.004636436458,0.004926504347,0.005620807204,0.008416528705,0.009385165809,0.008351802638,0.008269355174,0.006986600019,0.005857768685,0.008364077246,0.022405840789,0.045679563671,0.036679173631,0.025312061688,0.023213511199,0.036777048542,0.036938058458,0.026620954022,0.019865043469,0.029460782617,0.050044883101,0.057300282543,0.068817506703,0.101913301366,0.083588679067,0.038068031973,0.014593075168,0.016951621831,0.023752240815,0.030446379064,0.029655761775,0.023009052126,0.017699225925,0.013581432453,0.019098825652,0.040117465030
0.154201520893,0.141544452281,0.067380285269,0.031886482869,0.031643979019,0.066554803094,0.105425623584,0.096054912053,0.081097523388,0.140707332304,0.264990426187,0.465244363500,0.612289318715,0.400129413919,0.259634138931,0.113947296401,0.083682833022,0.074243210076,0.065619914920,0.050823525909,0.033650886982,0.020921142332,0.014820269372,0.008306603200,0.005475842026,0.005660120071,0.006484261499,0.010708132534,0.013076538568,0.010887006226,0.009858195301,0.006711228382,0.004749103283,0.005768537265,0.013906494709,0.036011206969,0.062305672243,0.044766331604,0.039444323110,0.047000238403,0.038940902330,0.051322970794,0.067910080921,0.081685778366,0.075554618443,0.079200575748,0.079165874900,0.061436417765,0.038259772799,0.029186190169,0.018580172691,0.022311765246,0.029340724964,0.036787124253,0.038155294540,0.027548444495,0.016067181144,0.012285741366,0.020607949226,0.057925423407
0.179492270228,0.184876198784,0.124761607680,0.065814018086,0.055869907716,0.089245707834,0.115399596577,0.114642483975,0.131944498103,0.258805717351,0.406121021439,0.456409290340,0.405906676687,0.294665310132,0.298992250887,0.207299456402,0.153515863763,0.081973151937,0.040112270023,0.031393724648,0.035842238028,0.031635845026,0.020459722800,0.010793903671,0.006966686469,0.007352036619,0.008668862290,0.015249373442,0.020322676858,0.016959859569,0.012395113388,0.005480969181,0.003044051351,0.003564079805,0.008993337574,0.028842875782,0.107172500738,0.102072265807,0.046497427894,0.028910418846,0.050638260973,0.099358888717,0.040296784880,0.038652259472,0.081936252500,0.095264594927,0.044501806438,0.028085395827,0.041462370612,0.089535141756,0.035159664944,0.012271834114,0.018047739391,0.035515596592,0.048293797583,0.042993097824,0.034259120511,0.033449991252,0.042986567294,0.083133302623
0.167307600675,0.162277962206,0.157530250717,0.142504497391,0.140732380473,0.150161933447,0.139125294717,0.096779314562,0.086349422320,0.175583790694,0.361115540588,0.570085157975,0.450621061963,0.275460029947,0.210704536660,0.136291167314,0.091210407492,0.064867297880,0.047022874511,0.052056321589,0.083274653855,0.079436119215,0.037376764178,0.016666828346,0.009925515170,0.009608062962,0.010061493055,0.014785165792,0.017097632463,0.013884953914,0.009117036355,0.003893364305,0.002687309981,0.003637698107,0.008930477395,0.021473821479,0.069289274718,0.191064368537,0.123720696950,0.050002607237,0.029590907816,0.033700334298,0.035244945925,0.041574933035,0.035324952319,0.014842606809,0.018090479618,0.019746066096,0.015931997475,0.020844043368,0.028785252649,0.024134411842,0.018739245264,0.035718369712,0.065684068501,0.069157208837,0.052091617276,0.057672737880,0.079450178719,0.110497176933
0.212709067029,0.204185361907,0.186899327043,0.141441020111,0.148063470576,0.200530714248,0.213129913512,0.160864866748,0.135242475563,0.194465719937,0.313985014214,0.495653948413,0.414370747089,0.271070631814,0.189772618705,0.104683275571,0.057040507167,0.030664984940,0.036285484126,0.087411861381,0.175450279516,0.158983410308,0.077961065477,0.026578661857,0.012160151778,0.011701719829,0.015098366116,0.024535992370,0.021853988347,0.009684810084,0.003742309341,0.001773861436,0.001817854382,0.003499624967,0.012485255314,0.084708976912,0.227315759962,0.198824559073,0.050474566902,0.013041958323,0.007279060587,0.011449157171,0.005065492550,0.001917351699,0.002316218437,0.004466395786,0.012973226699,0.028302726619,0.039213127827,0.060908370544,0.048697770787,0.018722525469,0.018620827271,0.040270949137,0.079158727591,0.121302803229,0.122169214003,0.097759975653,0.093478024167,0.125322667171
0.273458369402,0.334930403974,0.326459984993,0.181707067745,0.136114313935,0.167125567912,0.219227232518,0.223251015569,0.226684369650,0.267408319851,0.297611593555,0.317797096036,0.264357137001,0.200209100557,0.214907893987,0.186347684322,0.130660369047,0.055389595681,0.031315810645,0.038391530597,0.099954139325,0.172685443874,0.178250806656,0.100780782932,0.022305198167,0.016729028171,0.022119352925,0.033813580717,0.027757682890,0.011875299621,0.004713539720,0.002230162077,0.002076528338,0.003648828633,0.012407812200,0.056007877934,0.252515256706,0.182385057418,0.028773717819,0.008942371619,0.003732070809,0.003394002335,0.003912468344,0.005496595548,0.012008859340,0.020389058980,0.028136135222,0.053396078875,0.087690056561,0.048042063135,0.015278012637,0.015677907032,0.025318202461,0.054337737011,0.099219560088,0.164132010718,0.142474651055,0.095226946248,0.075870050530,0.119701336843
0.313013762487,0.396226874229,0.412846325065,0.247695227884,0.163906108118,0.177365988158,0.254461019859,0.280614951629,0.265798442240,0.261842788449,0.224490614200,0.189515219525,0.172360617265,0.144382744797,0.182750720038,0.211337310824,0.187381648869,0.069774041029,0.032854040147,0.025794372547,0.036843466700,0.070656296110,0.125908966212,0.131150907284,0.049949510983,0.034658525627,0.040152461313,0.049270538491,0.041178709580,0.019255351117,0.005565096088,0.002588212455,0.002613990428,0.004743244023,0.016415934562,0.063295196976,0.161025687334,0.190785473124,0.078095717659,0.025401657930,0.011675325369,0.013314943361,0.019554227997,0.016947276070,0.018172618018,0.022905053632,0.043484387996,0.095220319197,0.126461250529,0.052979993555,0.028626292776,0.025353515994,0.043432832098,0.087185835207,0.131420001740,0.154403863358,0.140987967658,0.141092567816,0.100271030706,0.145217539806
0.316833383475,0.373694937057,0.439158070122,0.290612698928,0.172526214045,0.159739869495,0.255498133263,0.353702315583,0.304399910258,0.184096186793,0.110302396442,0.098290140927,0.124540080524,0.118024464178,0.129388035111,0.161398618272,0.195956598986,0.083677413357,0.033462372293,0.024099172976,0.032097945410,0.048186338442,0.055584424497,0.050336459409,0.046170448949,0.059826324958,0.061920592117,0.067121519841,0.049432243367,0.020118578083,0.006315588934,0.003504874287,0.004501942605,0.007251166089,0.018409101801,0.056532034877,0.136889813018,0.157816941272,0.106522017915,0.069806289926,0.054759853480,0.084800500936,0.193596101364,0.057817438090,0.021123641982,0.021372737701,0.060656386984,0.158449072347,0.221408467251,0.093216629852,0.043182642426,0.067319069455,0.098012525120,0.123413319245,0.145900971628,0.154848094552,0.135211729761,0.134100587102,0.133219350041,0.215435352326
0.376246031871,0.387078527967,0.440734029956,0.295470403174,0.166751973609,0.153488875068,0.306358599753,0.507506633110,0.358816212840,0.167324379334,0.116109338399,0.104067370397,0.098939539911,0.079318968293,0.079575196296,0.103932907852,0.123598960893,0.072238503645,0.094519005655,0.083624735860,0.051900690434,0.033513441073,0.024987981773,0.025503274167,0.033194538980,0.048029251609,0.059578106750,0.069117178140,0.040700730773,0.017770393586,0.010009910375,0.009965158591,0.014754193812,0.017998401567,0.037095783561,0.086574084046,0.180351288525,0.247944289441,0.182323458697,0.139417194180,0.119717049293,0.157880908851,0.178381631623,0.065032074155,0.027936421911,0.027365498487,0.071846656600,0.228037391217,0.346831670135,0.177794208741,0.149530714577,0.220842514365,0.183052733731,0.167051948706,0.198400945443,0.183586414835,0.117033751612,0.114232611388,0.160896659935,0.260880298148
0.421357084974,0.410193269028,0.364493718411,0.363118750693,0.346433546550,0.307687492592,0.352233343323,0.409758283877,0.330130040986,0.226118120585,0.172664679903,0.128848920020,0.090761400002,0.060998192432,0.057340741393,0.064535883645,0.077547115640,0.056410719759,0.070049035191,0.100472256147,0.066462621006,0.030296699782,0.011574356096,0.011430490656,0.021918270324,0.041193787121,0.041918327811,0.030825172206,0.013051656037,0.006488065240,0.007938427922,0.015912099463,0.023091287516,0.020746652906,0.031156702236,0.078553284787,0.150097961932,0.240380758327,0.225860650726,0.152064731301,0.108949173200,0.088584467322,0.069004587698,0.082210422109,0.084019039758,0.095054453806,0.113330044991,0.122958502403,0.145041472857,0.207861118424,0.314123654033,0.336816628697,0.212420010716,0.136990734707,0.166417284125,0.212648732243,0.176539681667,0.139645141045,0.176940311797,0.290789681688
0.270611915486,0.330519558815,0.417963123907,0.458266050082,0.428008850445,0.346232585759,0.352504701499,0.380565153068,0.389524612472,0.281849187247,0.216591447552,0.177169327331,0.113015138485,0.068972883813,0.049331965753,0.039933000554,0.045003580545,0.045976376851,0.057381042927,0.063190404753,0.060069466911,0.078363400026,0.151597904183,0.076467031995,0.031175063094,0.034237855150,0.027792315232,0.020273550797,0.014258512787,0.014855707177,0.017493931308,0.020646884519,0.020689520497,0.014422799246,0.013565245021,0.025541309699,0.065574294118,0.120770119969,0.135245643597,0.113580734162,0.098882925442,0.098586911030,0.101820465465,0.145712323114,0.164616969010,0.165744020017,0.117597278426,0.083506463056,0.090489057820,0.146346378702,0.334642490692,0.376122409121,0.229190840691,0.163955681426,0.225093766293,0.286699656668,0.264214302464,0.210932454615,0.156221225291,0.177344296956
0.218239547411,0.282414673570,0.387231644808,0.409664682724,0.418393910231,0.369551839442,0.342526172245,0.330237442675,0.345565746152,0.300404463803,0.201897182884,0.141630609739,0.096312053737,0.061953336748,0.041565266982,0.031878621235,0.035355921259,0.036969603547,0.049336720038,0.072131274190,0.089469281990,0.069698586057,0.077119749906,0.041799752113,0.021979405442,0.027528970446,0.029795888078,0.028670308110,0.034495343464,0.046136163656,0.058900471513,0.056731206930,0.029306605368,0.018499456025,0.018907426381,0.025771797495,0.041455720330,0.061036958036,0.075346073474,0.075948596612,0.071261280811,0.076171861977,0.096381300302,0.161156387424,0.202334394013,0.197621151345,0.126752703762,0.083476208406,0.084026838722,0.142206423134,0.193602746614,0.223449757386,0.192988367623,0.146584740058,0.153978568659,0.150649733399,0.176097430409,0.175172093987,0.168464522879,0.159784223371
0.192606966499,0.281988049075,0.332328020185,0.357472466198,0.397130865183,0.393401799322,0.330665488706,0.239002918496,0.223070349254,0.203190258989,0.141326839561,0.100812869303,0.079634126089,0.058689927712,0.038974311640,0.027319008979,0.030206867442,0.032551104230,0.040163872193,0.040669690245,0.035079906143,0.060246573734,0.054133845746,0.031872899622,0.030460707574,0.043818893404,0.047743893778,0.039285791372,0.034721023910,0.043812451212,0.048534110206,0.043452712507,0.034602959802,0.032012830204,0.026848880110,0.024337566123,0.030472278324,0.042601370388,0.056277932618,0.061898172849,0.060436526578,0.073879345416,0.100895287811,0.143561680294,0.150188737571,0.139666340852,0.114220473028,0.087808361204,0.084737439799,0.109912046800,0.120845381490,0.145947613087,0.184979231080,0.138728675649,0.128718626076,0.100579057855,0.098557270206,0.178833987116,0.205267824176,0.155769226018
0.141880708220,0.242618958745,0.320840787559,0.360737429776,0.373438510203,0.366899406780,0.342188671151,0.256565364761,0.190173595773,0.142331298322,0.101487155038,0.079098749932,0.059872501505,0.048134875691,0.042672406570,0.044478380775,0.053589767347,0.048748907900,0.051952556857,0.055451003716,0.058857458854,0.062326092021,0.062660983910,0.040159574511,0.037670895986,0.046891095160,0.054484779020,0.064662391221,0.082087774299,0.115736553559,0.132599721328,0.101665116744,0.055707757373,0.035268028037,0.032921697329,0.035046482302,0.043065465329,0.048156078883,0.048546228169,0.043636248158,0.041024967788,0.051924682593,0.072735978664,0.108398690186,0.135008836408,0.154281998688,0.160155515529,0.116297945630,0.080543620577,0.068295274384,0.121284984304,0.188229684786,0.133732355690,0.123046190514,0.115779591780,0.109027729686,0.166266488893,0.138734452486,0.085702267012,0.091733712170
0.123481970018,0.250855431161,0.359752849620,0.360099169810,0.315036031621,0.300970139792,0.294301737506,0.259173931922,0.193195216985,0.127130421043,0.081573715373,0.063544648023,0.056891367780,0.053316565488,0.051364203920,0.059746998109,0.069065911528,0.068515925264,0.083550201664,0.106730695997,0.107852772726,0.069431168590,0.047252447197,0.045154577714,0.048007470851,0.050252032273,0.052127383094,0.081960946159,0.148234333549,0.184314786802,0.223132662721,0.195706972771,0.116558449899,0.058486275268,0.047582795176,0.051954282713,0.060829964051,0.053671282525,0.039986935645,0.029832377232,0.027928088624,0.038303982881,0.056360533175,0.088463444730,0.126246350325,0.168934794440,0.184592358792,0.127946838610,0.078166189456,0.079204926281,0.138027769239,0.115970510412,0.118518978501,0.110112605160,0.096092045483,0.088180984906,0.093078144258,0.063234012891,0.046337170311,0.059585494571
0.128386504935,0.250292710456,0.345719837637,0.301250593067,0.249281229326,0.266428203537,0.290304314759,0.264796236367,0.179676083729,0.107270350704,0.073449704513,0.059413061249,0.052236431804,0.045378903493,0.036990597658,0.039800963542,0.065457731744,0.089502213399,0.114130160266,0.114020899587,0.100440496238,0.085550661455,0.064031293941,0.067453068039,0.087901979996,0.071674523709,0.062202142553,0.089700785476,0.154984899025,0.219988323056,0.251100152431,0.210879528962,0.157706478609,0.106148185063,0.067739323044,0.059290324570,0.072873388768,0.065078874763,0.040765000422,0.023759302677,0.019010585163,0.026429091654,0.047838877707,0.095849765848,0.155691688957,0.189571595224,0.155768641095,0.110704102227,0.112183726383,0.141224235093,0.154199316876,0.165280723509,0.160521162491,0.126900471990,0.100075976042,0.096680272472,0.080261077760,0.048244872162,0.041500346687,0.059567172968
0.124033291963,0.201420965528,0.273424574686,0.291952059808,0.307674698094,0.348943650018,0.348336560459,0.273665896607,0.159327971835,0.088146007887,0.060963726113,0.049728291221,0.048032217310,0.054764848421,0.045505582704,0.041115957829,0.063583374043,0.107557201532,0.155157784358,0.142520338636,0.109485862480,0.090079284930,0.075034278154,0.077078875230,0.086260854638,0.100336234570,0.103385129779,0.133536762093,0.180513933387,0.196852570532,0.182995728125,0.160147543539,0.157617757508,0.144117487967,0.099923081385,0.069892914884,0.071877648397,0.063468411284,0.036644514826,0.023630182439,0.023940294924,0.026241984304,0.040378243024,0.087692252981,0.158061127572,0.203669376320,0.193002780297,0.190652945936,0.229070204779,0.206806577440,0.194180285964,0.216891754508,0.206270587434,0.161858491487,0.153218022221,0.138711430715,0.105347416770,0.063210872272,0.053765391119,0.068547567485
0.145274350884,0.179659942756,0.216172196118,0.269363368795,0.342375460326,0.401184944597,0.392849883344,0.300394508397,0.143470231208,0.053596647608,0.026754533405,0.023126298915,0.031292702344,0.051045290898,0.051533739309,0.037020737936,0.055673546430,0.101536271956,0.145993483136,0.129550514729,0.098582096521,0.075599954234,0.052892501833,0.054620191744,0.070918398423,0.109660102644,0.125606491346,0.136855940770,0.161108560815,0.183558584210,0.141432516675,0.100851799490,0.088918080321,0.105742389616,0.116760051269,0.103669382366,0.103515638211,0.085294657988,0.046614811556,0.030407401961,0.013176965582,0.015930804723,0.032389728287,0.067749785322,0.135064980516,0.199309000607,0.174007739365,0.150056712075,0.140715927662,0.136731918593,0.133575708495,0.148609587916,0.143558073001,0.115223392237,0.083979382521,0.062725924924,0.060192845164,0.052113576015,0.063171942252,0.092493855330
0.154946605635,0.221372287342,0.246947204455,0.276640796351,0.337880138764,0.413042553015,0.410821288626,0.297231515521,0.125133609631,0.040461944544,0.016785173925,0.011186777019,0.010396463158,0.012955740953,0.019040488222,0.026103011929,0.049874194675,0.103962601386,0.120997532401,0.108625203079,0.109288226643,0.107831751965,0.065866569062,0.053080011082,0.054853644483,0.079702152544,0.107363777316,0.115046242765,0.126002927050,0.156510444537,0.117080457035,0.075269065489,0.056772461564,0.072525648991,0.094141472693,0.100148595351,0.122791528878,0.109383400613,0.054415541765,0.024505951624,0.019916544199,0.021480805051,0.022653026807,0.036706251244,0.098970898705,0.202617705720,0.194223571537,0.122400958603,0.098380175631,0.121869536714,0.096453171469,0.125297645702,0.131219471897,0.103057717242,0.074619538370,0.062436066642,0.060303967660,0.045679244153,0.047202766618,0.078602139928
0.176681750710,0.241309171190,0.252324578249,0.293433550886,0.388828000637,0.475477897068,0.382210943859,0.204772550799,0.077157518962,0.027032317458,0.013506482730,0.008866863504,0.007107745900,0.007150218932,0.009142249693,0.015452149896,0.034824886094,0.053916849624,0.072390242872,0.103951635931,0.148738748411,0.174179704540,0.100286357395,0.061081196147,0.051723230187,0.067631444279,0.095973286381,0.102988970855,0.093956925487,0.084804001297,0.063615872099,0.057975252966,0.062667574357,0.075017371953,0.078432969196,0.085445133890,0.120320048512,0.134655190424,0.078162614083,0.029309591845,0.012253895350,0.008337876138,0.011210158668,0.022667084224,0.065889845283,0.168918579828,0.193574887164,0.121388993898,0.073170117149,0.060185857594,0.063044789387,0.102495803407,0.129985486435,0.099935346262,0.077549771286,0.060292490955,0.058921125947,0.048982475106,0.050268085958,0.089189373847
0.175736940216,0.196180706925,0.224048406256,0.329614391521,0.515306665393,0.560520660960,0.286618610936,0.105651951895,0.037620440364,0.016456258860,0.010833235158,0.007503798003,0.005457402028,0.003864555793,0.002803047154,0.003294249419,0.008120486909,0.023649066225,0.056621400307,0.103594052473,0.166091075426,0.203618350195,0.136826665139,0.104190660407,0.091645571656,0.106225248802,0.094057866172,0.066792977444,0.059995541106,0.048831074818,0.029480590054,0.029151907113,0.045966782848,0.070050610145,0.072338195389,0.070600714626,0.100182216932,0.164452180234,0.139392384448,0.047626788452,0.012715178102,0.005136516476,0.005270104029,0.011220643271,0.037464709649,0.115365516859,0.132824843073,0.085535474788,0.055684490948,0.050047386960,0.077059446649,0.122026635736,0.109573107738,0.064979083462,0.046912916289,0.043846202745,0.060560113093,0.078743742552,0.098125216080,0.133902119099
0.178428616624,0.143549712158,0.158949268268,0.326301940473,0.621237412826,0.553486592736,0.219163630407,0.073865016381,0.027174079824,0.017205005823,0.014486325797,0.009507431916,0.005495465552,0.002510196148,0.001300232136,0.001459808886,0.003663639013,0.012630123581,0.036511999646,0.078847240840,0.160222739331,0.249680418165,0.193699560654,0.172450437845,0.145170238414,0.109726173395,0.050398702726,0.019402819760,0.021648155383,0.036288697546,0.052605592890,0.091846422134,0.115226931587,0.073827437364,0.045984840220,0.050354818443,0.074453086731,0.150168979047,0.193502055862,0.112787493994,0.032784024712,0.008145421064,0.005266111456,0.007212721630,0.020793133993,0.067713977402,0.076731301116,0.050499334631,0.040941312365,0.050916335898,0.109438809346,0.167421156527,0.101579654518,0.036604062225,0.022413995295,0.024490735921,0.062274711857,0.156817914208,0.229882087897,0.249413809842
0.115990461150,0.077185136740,0.104150621509,0.320474837124,0.717117365128,0.516182490337,0.132683669458,0.029155820507,0.009917007055,0.009704457140,0.010029775330,0.008020123192,0.005905996174,0.002706089154,0.001100092971,0.001112585186,0.002507761167,0.008851373183,0.026663717157,0.068071580476,0.164587306541,0.261431116364,0.220483635829,0.194557313374,0.113205536126,0.038744782240,0.013333651957,0.006900846573,0.012069543394,0.032783898586,0.065914236591,0.105726527657,0.110366138136,0.061768467089,0.037170894345,0.038512017897,0.052888868934,0.108968857893,0.177737871774,0.137127230191,0.054108107540,0.011712785194,0.005378636118,0.005689774452,0.013241717518,0.037296359486,0.043887948434,0.034698948332,0.035064441776,0.042070325762,0.078091592773,0.137390374767,0.102236886074,0.034622714133,0.021192825568,0.030161483694,0.113377511767,0.306286006655,0.403330383840,0.283216754490
0.066669515549,0.068347910784,0.128905139053,0.438016084333,0.686560801384,0.295536457667,0.039363731528,0.007061527735,0.005893663403,0.009013769540,0.010710508578,0.008007062008,0.004798278747,0.002676582230,0.001538150858,0.002093416754,0.004015113505,0.010463330314,0.022306702976,0.057943247896,0.134567051817,0.233747411319,0.264594734782,0.195831269735,0.062763765030,0.010285374500,0.003750526331,0.002987181653,0.006849824105,0.025142480439,0.066815037715,0.099507534866,0.081341169042,0.041315789962,0.027040696920,0.026862647878,0.036849009164,0.088438374181,0.232302151788,0.249861015236,0.105783227269,0.020447963375,0.005417799290,0.004022203548,0.008121379656,0.020916561499,0.030346985692,0.034203719952,0.035075247096,0.029768207827,0.038105167858,0.067817324106,0.076797026123,0.041981684840,0.038049889489,0.084111825783,0.316927496635,0.598597572086,0.457596545593,0.180507653412
0.051896566226,0.084414594112,0.174839889677,0.480751530587,0.461447354593,0.127507474170,0.014635353676,0.003485114197,0.003528918150,0.006558828285,0.009622004520,0.007899627672,0.004720606377,0.002922970456,0.002449446074,0.005372642763,0.009386045968,0.018990808138,0.033875545285,0.070518426128,0.123357523066,0.169608490496,0.200805791820,0.169922477528,0.062841268533,0.012661279586,0.004148926897,0.002735128017,0.006038191501,0.020280760416,0.053016278823,0.079015024877,0.054289633789,0.021319197092,0.011832418306,0.011176757274,0.018063092340,0.083528654836,0.278527502522,0.216474840243,0.071786591723,0.014834913175,0.009950843732,0.006906165666,0.006470491361,0.012271589094,0.018096066318,0.022443949000,0.019756883387,0.016029917993,0.027666914537,0.044589673587,0.040196122781,0.028812214548,0.047811520691,0.178969635250,0.640589270157,0.843226897931,0.385755102284,0.114768179291
0.071711053401,0.117550983628,0.165357823587,0.284855171646,0.202181888341,0.088084957003,0.029368383255,0.004028120229,0.002763748266,0.005081757899,0.007421350195,0.006457503657,0.005045881066,0.004175101304,0.006940124569,0.020797731988,0.022394548122,0.037145329138,0.048103114746,0.070560904644,0.103012100029,0.128356918587,0.130210306563,0.101175017086,0.041089398871,0.013839670117,0.006239091857,0.003905880581,0.006747424274,0.018763316841,0.039919929798,0.046842949805,0.019489188720,0.007529062438,0.005203436231,0.005318929473,0.009498140455,0.050828078210,0.204764014237,0.193821139428,0.063691907183,0.018294203807,0.007971749336,0.002665753586,0.003260743094,0.004781543629,0.007228323561,0.008685540859,0.008244491223,0.012220342129,0.034103176607,0.050495133463,0.026693423813,0.014700557209,0.032911097058,0.223161073864,0.860215915061,0.797863979306,0.318701780208,0.116907178786
0.050505740651,0.101615563316,0.175887299035,0.226006092461,0.123821547712,0.044430381389,0.014983460970,0.004054231609,0.003098666563,0.005649809537,0.009274791813,0.009025822716,0.005847013827,0.003759208080,0.006852207139,0.024570826207,0.032791212840,0.067157571572,0.064588443750,0.056896224943,0.067295055953,0.077127844767,0.074218685522,0.060059133303,0.035766495128,0.021612255056,0.011980047505,0.006172361926,0.007093403801,0.015894850568,0.028032396740,0.031288928147,0.011449615812,0.004464012715,0.002877469246,0.002808589129,0.004212473135,0.030646508676,0.148864062313,0.155294577155,0.053724375685,0.010435246942,0.003624544435,0.002090786342,0.001570657303,0.002242804084,0.003768294518,0.004242842671,0.005591285911,0.021449278516,0.065642498548,0.044969133847,0.008090517647,0.004272156124,0.020742865136,0.223425265206,0.916768402872,0.740366945271,0.276000202338,0.093159927863
0.036511401607,0.087853910913,0.115689837577,0.132388714843,0.091403448464,0.037438603454,0.012933188673,0.004907595433,0.004650131543,0.007764886709,0.010406367741,0.007772908722,0.004448573961,0.006526122311,0.021596288304,0.056213915470,0.051508354422,0.061940620631,0.039693936105,0.027865977235,0.042878369490,0.074795171167,0.080255045151,0.050231702047,0.025907319996,0.015180552827,0.011992969408,0.007489519615,0.007943368644,0.020850911458,0.036710665123,0.028988226408,0.010804064893,0.004735911059,0.002763979448,0.002583194485,0.017878623723,0.080621121689,0.126608253270,0.130921809064,0.052926676445,0.010361419200,0.002442270585,0.001055717730,0.001029088947,0.002029759634,0.003852979224,0.005633511841,0.009066440617,0.019473212770,0.028230229006,0.016391858578,0.004624477631,0.005914619515,0.031981477001,0.219209232538,0.883496966625,0.732171968520,0.196098852345,0.055887898721
0.011953286677,0.028056344173,0.053687739961,0.084090263988,0.068257111817,0.030148666976,0.009844046519,0.004440901712,0.004697187781,0.008503033959,0.010901561529,0.006467495387,0.003702884275,0.007044535530,0.018623462623,0.045655596931,0.042266450114,0.049544927265,0.033697558503,0.022216952465,0.034960080542,0.066575675954,0.092558599014,0.064081699813,0.027831841914,0.011643541054,0.006718683073,0.004313935799,0.004346628719,0.008748705285,0.019749875345,0.033264833766,0.014880622370,0.006544316470,0.004913486762,0.004440593272,0.015173553023,0.041843116536,0.082524106239,0.103542733604,0.052296390005,0.016536427300,0.006523836300,0.004126781792,0.003443991530,0.003741858441,0.005043809097,0.004900014375,0.005305101481,0.011527234859,0.015244403551,0.006466068440,0.001484988424,0.001389941399,0.007777663631,0.116938013294,0.821651001241,0.906664297301,0.200900345723,0.029115176398
0.003458928639,0.003889391954,0.016278486072,0.066685569403,0.063588363586,0.026274809040,0.008595407514,0.004572880070,0.005005526049,0.008541906810,0.009485756775,0.006400897451,0.005679396281,0.009109590412,0.016225035568,0.037324859887,0.038102778274,0.040786626521,0.032174169925,0.032329127702,0.041737431765,0.062867337626,0.088654258474,0.058512542825,0.030147798412,0.008770825854,0.003759564907,0.002849237463,0.003602011247,0.007500276991,0.016364013922,0.027559721465,0.021619506324,0.012206369143,0.013136164230,0.016275416811,0.038731715814,0.073676670999,0.100577880505,0.073113626588,0.031143643498,0.016789396021,0.015409554210,0.020277453299,0.018804570074,0.010609929121,0.007936568178,0.006158287899,0.006100156365,0.009134693269,0.009979601154,0.004542345544,0.001852908122,0.002236735866,0.006968806035,0.071476476341,0.590622877068,1.157180642943,0.279039956883,0.019826034590
0.015039796248,0.010154099451,0.017237598840,0.028989938290,0.035157853056,0.031730989562,0.018224899014,0.007763948303,0.005081241290,0.006573725135,0.006890500508,0.006944094344,0.011408612011,0.025530277422,0.030400451290,0.027275191315,0.018962361516,0.022210152349,0.031458810791,0.049849493773,0.057094105770,0.059824621814,0.063966928533,0.043884518582,0.016714865542,0.005466962363,0.003389707841,0.002874118810,0.003914565944,0.009165294041,0.020518063246,0.030315718632,0.033042868478,0.026518806765,0.023670881424,0.024336741073,0.036076796553,0.065177968715,0.087381064186,0.056101922500,0.026520494442,0.021716932217,0.025538642159,0.039899670066,0.041340391685,0.017787174450,0.007036522787,0.005020292811,0.006095372105,0.009736414381,0.012484375065,0.009278131037,0.006502448850,0.006946589777,0.013326107288,0.049248441683,0.364221684216,1.168892820323,0.601097046647,0.079102665748
0.078896262426,0.025544904732,0.013843906749,0.011106461418,0.014161972815,0.025220128726,0.037396237325,0.025257007243,0.011336645638,0.008545361197,0.006951923522,0.005237930250,0.008106767219,0.023110860667,0.043267266269,0.051690190111,0.035342607791,0.036526770433,0.027969058504,0.041773277947,0.061391580597,0.071717275726,0.061343509382,0.044993281226,0.029269300789,0.010177390169,0.003802643080,0.003466092313,0.004362346537,0.008769203903,0.018875389064,0.027002053255,0.050546532452,0.088471707169,0.057867643892,0.052021796785,0.060357811823,0.052867078761,0.061897378455,0.042286888440,0.021560158136,0.018398736581,0.021868120847,0.039254196235,0.054563187422,0.024697864712,0.007129685821,0.005888092337,0.008440727377,0.012089572157,0.012646198504,0.011396212130,0.010809667847,0.014835331206,0.032555287918,0.065790035703,0.211516559220,0.882065239825,1.004582774269,0.316318839138
0.176143489935,0.033144334858,0.010804063120,0.007275086989,0.010582195520,0.025189597919,0.051430287032,0.039087582992,0.013901430076,0.010350920144,0.010456746026,0.007348444928,0.006788801519,0.016051731569,0.038113380362,0.053351124491,0.046131803020,0.084714901461,0.082261150342,0.078600528453,0.069065572343,0.050596313297,0.031577936465,0.029337420457,0.024726892490,0.015718058303,0.007772078939,0.004838221068,0.004075509570,0.005154177694,0.011649833677,0.027619702682,0.063592506703,0.149702095447,0.088972178892,0.054404509941,0.051640467611,0.041302733039,0.032905141169,0.019209657388,0.010918784162,0.010529735029,0.015540939767,0.030451447498,0.039617480475,0.018844141350,0.006263737214,0.006349072037,0.009443176530,0.014608368542,0.017540756726,0.021171907615,0.021661258463,0.019083239037,0.026961147436,0.044620057077,0.129985300563,0.566038359987,1.113715638769,0.638397773091
0.565155650456,0.114004573713,0.023949022646,0.010074972893,0.009182673692,0.015397687851,0.030704666594,0.044207314208,0.030779062326,0.025828741750,0.029796460777,0.023022700126,0.018901405903,0.022669882384,0.030723580290,0.043410703105,0.049597235424,0.078438753319,0.124138484432,0.176692044958,0.108206813179,0.051222302877,0.026323831117,0.023696792238,0.022275103073,0.014474703443,0.009801519705,0.007944908381,0.009572243499,0.013748970244,0.021917624127,0.036607250798,0.059613637878,0.137497760958,0.144858898884,0.069876244520,0.043719897871,0.032238465727,0.023906791364,0.016593697182,0.013238922416,0.014088524855,0.019677021171,0.031882825022,0.033052220581,0.017419801172,0.008542370728,0.009432306878,0.013251386167,0.018764909159,0.020496693299,0.026881461135,0.036854386765,0.045849719479,0.057529878289,0.080472426439,0.147323022955,0.309868924296,0.669388283410,1.003890483297
1.012483620378,0.168175824937,0.013219410959,0.003198677493,0.002357053599,0.004295996540,0.014645506980,0.034888911644,0.033363642081,0.032808563214,0.045296613702,0.033505992937,0.015813513871,0.007867092882,0.008680349093,0.020440519261,0.045840235845,0.061472150878,0.093314856030,0.114853830364,0.080865375533,0.033015200471,0.013291129004,0.010493274788,0.010370759051,0.007103315101,0.007333298427,0.011064796443,0.021031556443,0.030594829726,0.026295366092,0.022707830660,0.016023669226,0.020959896208,0.098265710723,0.161325311842,0.073017250703,0.023533989261,0.015336465924,0.012641351985,0.012481352016,0.012892836455,0.014651620336,0.018508756849,0.017194513760,0.010180793368,0.005472327746,0.005381148249,0.007611193768,0.011857499641,0.014107688506,0.017865271772,0.020116890650,0.038982441595,0.079703669522,0.105465133655,0.099034682709,0.098570212823,0.197011371450,0.773971830657
1.220361897561,0.267201974160,0.020296859603,0.003643344601,0.002148672494,0.002293897403,0.007097537518,0.022819517726,0.048137928116,0.056802865559,0.051160526301,0.025224753009,0.008258216465,0.003432778434,0.005841862337,0.025014707022,0.069478646650,0.055639442422,0.047811738745,0.093368546993,0.078870358535,0.019184011819,0.005806545280,0.004282532159,0.006139419416,0.007140469162,0.009498465861,0.019804491636,0.031241196978,0.032706656420,0.017218422384,0.011582670180,0.008325209699,0.006807876290,0.019594722504,0.136717125122,0.100178940322,0.026575300984,0.011652590367,0.009680478294,0.010967382758,0.010833111377,0.008189397294,0.007535492153,0.008068134350,0.006250325151,0.003366274259,0.002640226262,0.003375213227,0.005644653839,0.008366018004,0.016949858070,0.023107562854,0.024986093689,0.046915109167,0.051762532935,0.037499795206,0.029835715031,0.069998510987,0.469323564284
1.269248446526,0.461604771640,0.054054977829,0.008655090758,0.003051701136,0.002446724090,0.007030116443,0.021186880837,0.046272096221,0.056467612644,0.054678323339,0.030549047886,0.010521176185,0.004042083424,0.005062332843,0.015772996576,0.045691615983,0.048055359140,0.055151854999,0.089946236911,0.063452276446,0.017402789551,0.005679856748,0.004771106563,0.008406128636,0.011696128356,0.014209750465,0.025419295123,0.027866314290,0.018613183129,0.007538544112,0.006491187134,0.006714941189,0.007546801304,0.026022842467,0.114909027264,0.070060179263,0.017825569462,0.008225259482,0.008357135295,0.011792246195,0.012776909695,0.006183899751,0.002954140771,0.002357884493,0.001913612403,0.001398878213,0.001228347915,0.001733397201,0.003835855976,0.008731168048,0.023853020899,0.036769798254,0.034040992751,0.044197568654,0.022936181719,0.007448682245,0.003991909817,0.015299342604,0.244345943873
1.116651004828,0.753802776617,0.103977046321,0.013625822863,0.007651129662,0.009376584968,0.014867639569,0.022190551145,0.052975585363,0.064543272413,0.052458226904,0.029174708550,0.011477288524,0.004422760220,0.004102284462,0.010769247798,0.034462699127,0.047175286642,0.053118728444,0.061163284173,0.059400343690,0.026771115854,0.012023268154,0.008555696154,0.009041258209,0.011147314958,0.017685377712,0.048117387432,0.048577680105,0.015460673032,0.004832667261,0.004915680411,0.006856699087,0.010280431593,0.022495346132,0.064382161301,0.065784043437,0.015555514123,0.008013164300,0.008542458578,0.010635319775,0.010137782659,0.005739287610,0.002433560459,0.001280117594,0.000986567696,0.000946309596,0.000979712294,0.001149440918,0.002577299104,0.006104907025,0.017316087563,0.037199889819,0.048451119261,0.042582087365,0.014695280549,0.006437597871,0.005028490924,0.018965312656,0.170594118141
0.768890872386,1.011721290170,0.197634105193,0.016537970134,0.003750862403,0.002681811476,0.007264224158,0.016916528559,0.056453870242,0.097494044059,0.063752598633,0.020366038074,0.007043211513,0.002812257510,0.001878570026,0.003759603957,0.014453939201,0.026678119745,0.034846224344,0.041258704155,0.056806440389,0.038742745705,0.019815332605,0.011924819024,0.012478810338,0.018295077939,0.029630534964,0.049689813290,0.038099758020,0.013494938979,0.005039373702,0.005561608516,0.007141702245,0.009395081460,0.015463708121,0.042880987293,0.058607184425,0.022814263377,0.015201946568,0.015081394774,0.013700807536,0.010497198873,0.005058076312,0.002261652497,0.001207479660,0.000912504393,0.000877834346,0.000975814901,0.001108431157,0.001932962212,0.004602785412,0.017502746833,0.057580945863,0.071105185438,0.044584600721,0.024870906228,0.018034684629,0.011151772092,0.019301646389,0.099052534788
0.428208960012,1.148048556810,0.258138888225,0.012331230619,0.001385099513,0.000786833178,0.002503559109,0.013275901196,0.054575440084,0.096007775341,0.055864068567,0.013228528777,0.003340223785,0.001641943228,0.001021641695,0.001236879786,0.004168786841,0.010794385877,0.022373784507,0.029893937266,0.058950809506,0.049577788884,0.025750712907,0.013118138304,0.009543101333,0.013729468206,0.029999732991,0.044937952273,0.034115836026,0.013308862388,0.005055846429,0.005463178027,0.006316207527,0.007026840242,0.007932570347,0.025275022012,0.101044007380,0.054751866901,0.023160676257,0.018872083163,0.012009052503,0.007647223080,0.004325208413,0.002360080758,0.000972831376,0.000767185940,0.000763097695,0.000878644421,0.001017467814,0.001692700223,0.004010920768,0.013895883563,0.045964233158,0.076653129822,0.063085331258,0.053057772818,0.029582320859,0.008504875775,0.008323067048,0.035325927438
0.310726168380,1.176748800286,0.332366490671,0.013807236336,0.001175564540,0.000730779339,0.002816176977,0.013978660708,0.045743529922,0.079628002041,0.055667720394,0.012770429386,0.002633496376,0.001359048833,0.000973018258,0.000814984907,0.001237257298,0.002657997964,0.010811099008,0.027998139650,0.073015680325,0.058004824137,0.024097367820,0.010040086695,0.007511769122,0.011501604318,0.030698937891,0.048061592190,0.052714901870,0.020372999957,0.005940884720,0.006378517614,0.006834746044,0.007555008202,0.009560499114,0.023728559523,0.068302419722,0.055291053670,0.028015829323,0.018209373908,0.009894744126,0.006374441840,0.004722091993,0.003202543278,0.001523422648,0.001233518268,0.001194397644,0.001207242577,0.001222304395,0.002051158267,0.003725670532,0.009777597832,0.025533529654,0.061629041227,0.069167003216,0.046203685791,0.020690813579,0.009702380881,0.011930997756,0.036102113197
0.176860909680,1.141311328830,0.387111779982,0.013095244498,0.000922037138,0.000576605307,0.002176929644,0.007932630525,0.023392187202,0.060168204138,0.074343115102,0.023289769816,0.003440187806,0.000859047716,0.000440388449,0.000309376992,0.000485239242,0.001465749925,0.008473778955,0.023217120334,0.053141772309,0.041472490282,0.015538901258,0.006522137993,0.006107133891,0.012262708818,0.040362689699,0.060737731865,0.032213575210,0.015605259993,0.008687175348,0.008444568545,0.006613855027,0.005513115925,0.006160210260,0.014929808811,0.054608242027,0.045123478097,0.021948265411,0.012332895603,0.007170370166,0.006916740516,0.007761658116,0.006914621956,0.003852599442,0.003628194326,0.004463293546,0.004433659668,0.003073506055,0.002862397391,0.003303614801,0.007576216083,0.016894345315,0.045964240184,0.078852635004,0.075520041646,0.027911754313,0.008862957282,0.005836517253,0.013727153465
0.130395919201,1.118483077005,0.437775069085,0.013317265359,0.000775557765,0.000489849574,0.001290195663,0.004820323488,0.014235377524,0.043713896417,0.072451777409,0.030741543281,0.005055576774,0.000965470663,0.000479675835,0.000533768863,0.001585616704,0.004783885728,0.012385918867,0.017477768698,0.035921252975,0.033476853643,0.015905799012,0.008530791929,0.007747914893,0.014488366616,0.044882505246,0.064318940630,0.047690650164,0.031879653289,0.014616368703,0.009991019471,0.004997876850,0.003216290229,0.003700109458,0.010041398345,0.041116132380,0.036930653602,0.020736924615,0.010657989664,0.007170573988,0.010522007303,0.014769969428,0.011479040640,0.006045430724,0.005705770523,0.009255657495,0.012906916489,0.008544119833,0.004874995981,0.003851096768,0.006847022093,0.013407882490,0.042370188536,0.074952947278,0.071889170289,0.025213374413,0.003388138532,0.001977879896,0.007406138990
0.137467186570,1.074150760244,0.426647293611,0.017699538809,0.001794877471,0.001460821762,0.002311033893,0.006014512712,0.015448915353,0.032011327716,0.051886459885,0.042911233267,0.020537556647,0.007340189922,0.003919199031,0.003745765269,0.006099276471,0.010710478453,0.020001886766,0.021614056618,0.034224502545,0.036185887578,0.029410781296,0.029748382600,0.024113279074,0.024316509181,0.040944775375,0.050529807607,0.059862264968,0.045707194557,0.022867648117,0.015115859815,0.006611875730,0.007040061094,0.012426332345,0.038285264196,0.068196090264,0.045393012894,0.026820717401,0.014609731179,0.008803093913,0.010468407989,0.015521475100,0.017641130215,0.013899046795,0.011136906214,0.011773758741,0.014203124760,0.009112695876,0.004599855430,0.003437067631,0.005329009894,0.012981094116,0.034719667940,0.050493376762,0.055149243862,0.027019088171,0.006047457724,0.003132282385,0.007697473519
0.139336246064,1.057501122509,0.334613527924,0.016201576448,0.003773247848,0.003279100080,0.004800474720,0.012151771645,0.034249705770,0.066901645143,0.063342252011,0.033284568763,0.021214469758,0.012093469275,0.007038995568,0.006151057779,0.012248488724,0.028689432510,0.051586444874,0.049837601195,0.061948463323,0.061055544860,0.051897540698,0.035671148327,0.022740210818,0.027295710802,0.048704730612,0.062005266379,0.063757501066,0.045865705696,0.024812051519,0.014386537346,0.008511440530,0.015093709344,0.026879655775,0.042224410960,0.043616893986,0.029333288448,0.027533244853,0.020643268482,0.013123936911,0.012027412329,0.011001903484,0.009664923119,0.010789927398,0.012193084395,0.012634420015,0.011440397643,0.004366669284,0.002114725052,0.002086025960,0.003917351891,0.016710102592,0.033031168357,0.022772526025,0.018455891124,0.014923357780,0.007850414059,0.003876982285,0.006211861154
0.164479340448,1.056871343539,0.333141238044,0.021454461417,0.007113250913,0.007663128760,0.015733778798,0.044198856755,0.086669352684,0.108518976446,0.085847780706,0.049227735159,0.036177637218,0.021770033624,0.012557479060,0.011122299902,0.024819247087,0.060117553505,0.099114798759,0.094051200633,0.105631656865,0.102010315945,0.066359196994,0.037452590927,0.031418240882,0.051841443869,0.095646794905,0.086147447643,0.074065821430,0.080127934198,0.063079022339,0.045320120845,0.027393847242,0.027944179626,0.042061090882,0.091934725206,0.067424827825,0.027219262094,0.024196258647,0.019675080147,0.017336988045,0.023441957365,0.022663755871,0.014590986254,0.010760672191,0.012846083939,0.014785048314,0.011234059251,0.004934593895,0.003470128550,0.003815156552,0.006209726302,0.011205595943,0.026051251125,0.022743515746,0.014546478141,0.009549677591,0.004423340029,0.002855270500,0.006076691638
0.205491618141,0.910682365022,0.459749144462,0.072484702824,0.030209911252,0.031596835499,0.054535945265,0.110542007328,0.156027104146,0.186740905280,0.186222431704,0.110802547413,0.083665146585,0.071167502764,0.055794154380,0.055921027712,0.081526122741,0.118135623791,0.153283106873,0.147636384353,0.155877152713,0.154995363456,0.144673190785,0.120306941639,0.094310184207,0.125809731933,0.201644567478,0.188996750447,0.156279704365,0.135297061860,0.103391071903,0.093893473639,0.064126956980,0.056915276647,0.065132383360,0.087844244419,0.089569925417,0.034406619986,0.023652406908,0.025086450049,0.031520921274,0.053933122317,0.069407163942,0.059370334615,0.044945047114,0.044321063758,0.039249622102,0.023971327032,0.010555767172,0.007971392748,0.011257358714,0.018169974275,0.018393142938,0.019513882248,0.023953005357,0.020670671557,0.013199547598,0.008078207674,0.006976086773,0.015733703611
0.150313656861,0.515997749414,0.400473460827,0.168685270729,0.097317234835,0.077372848304,0.093352007314,0.157002813848,0.262709455446,0.328893262705,0.275963028846,0.127358326693,0.089865760533,0.095520400161,0.087462170859,0.101952035432,0.173446089334,0.252095108273,0.255056547921,0.185371975893,0.162533383847,0.157635744359,0.167515472588,0.158079888175,0.131133953082,0.177985417117,0.331560558815,0.308734484478,0.176441581482,0.123435151918,0.093120885934,0.105073807169,0.103018755858,0.089992107251,0.085091298561,0.086025069860,0.060790812795,0.026724129140,0.019867358216,0.020408002946,0.029652353241,0.062917522867,0.107942533395,0.105744271986,0.082787961910,0.087213387497,0.087852713988,0.057159244539,0.024550682101,0.016470217494,0.023005126610,0.033495417580,0.030232843640,0.039838562183,0.065515850947,0.050618321026,0.027248844004,0.017311082508,0.014852371498,0.026625629047
0.205283741985,0.382576101035,0.222593025175,0.122893535566,0.099773311321,0.089244286640,0.120138483307,0.222810360211,0.374487195832,0.352107600925,0.212836319555,0.109371846801,0.095189272380,0.098207808483,0.094226900118,0.103375505027,0.177452081596,0.323674679586,0.351615454886,0.210708352835,0.148793739009,0.133253560384,0.144656262111,0.150507076680,0.156411876202,0.222566494465,0.346909258891,0.298181402364,0.209310078629,0.148466938777,0.114700688779,0.092765964674,0.064709586473,0.054398462563,0.055085136681,0.069855847340,0.058656926576,0.033875130559,0.029935134053,0.030146443775,0.034962375030,0.050212654844,0.072398855472,0.083101280609,0.088829911614,0.114015437434,0.126356245630,0.094158172778,0.044061211803,0.027038087671,0.030258138373,0.033666227191,0.030413458789,0.051983866764,0.050838508968,0.040604348006,0.036563460729,0.030330057482,0.030341104843,0.060271874537
0.208147675131,0.229214307302,0.147291562830,0.107749289126,0.100017649365,0.099718283135,0.149650850471,0.275148050299,0.409279228010,0.350627420789,0.236842369315,0.137756518120,0.103766892209,0.089269861614,0.081047594936,0.092626560157,0.164821117573,0.315273486917,0.440643937775,0.295884265189,0.177133633810,0.136974897402,0.143345704291,0.154180249864,0.180721000859,0.228476253370,0.333930631470,0.302638022573,0.203648160785,0.132415210125,0.102274050781,0.085324199241,0.070305372437,0.052826481164,0.043961767358,0.060574980346,0.039535504457,0.035897487402,0.038839654077,0.041976947751,0.043090658210,0.046796734141,0.053975529919,0.059600641541,0.073050198754,0.112558641963,0.147724439608,0.125843811516,0.067123116113,0.039496483215,0.033671821900,0.034754192644,0.037039900055,0.054195931703,0.058424895966,0.065955631615,0.070748199607,0.063562784113,0.077323014242,0.129489174101
0.170262753966,0.142718770962,0.096490721195,0.094171006747,0.123067659514,0.154152000893,0.203652841832,0.279274638378,0.396902488377,0.368793900836,0.260549401056,0.168803409217,0.130163135495,0.096042318226,0.080000430471,0.087335153686,0.150698969634,0.300655829354,0.429804015680,0.366467876733,0.281821005031,0.208672807068,0.213628360598,0.225444330137,0.260073291816,0.264594522273,0.277461617332,0.211211195764,0.134746615222,0.095020546899,0.088063483068,0.091054281544,0.095254452169,0.071561174970,0.053797935962,0.055407218364,0.058737601014,0.039727642420,0.040538847942,0.047203096318,0.045369628530,0.041693694885,0.042713068726,0.057849738814,0.074586601033,0.119535817297,0.155226876543,0.123625760283,0.072174937883,0.056974063006,0.071854060631,0.083811722450,0.099778682223,0.106217267137,0.087071623174,0.081924459210,0.101226337687,0.128973023645,0.161578061697,0.176259313252
0.194043297648,0.129423054812,0.069197266798,0.062561945960,0.101470316306,0.188129075054,0.299660026759,0.337906468668,0.327208972341,0.260230307924,0.216027485508,0.173992296850,0.150141052407,0.098026316243,0.072746598883,0.076876300340,0.140903719466,0.286879128237,0.409191874756,0.370116335766,0.305280625227,0.221008250699,0.230051121588,0.252414587014,0.306031041027,0.253270337303,0.169682978088,0.114800763806,0.094630705452,0.093811359804,0.096669204325,0.091086206744,0.097861071649,0.086040350295,0.069261946932,0.045589384778,0.030561741734,0.028925220876,0.039260906622,0.046968685612,0.040692541830,0.035759940197,0.045263955456,0.063870132720,0.070331888711,0.109645838228,0.133585881663,0.098299074825,0.070173383984,0.060396898973,0.067102938299,0.071494543035,0.072286478676,0.088865989927,0.074019479381,0.058736435904,0.085104478829,0.146865781043,0.219071361379,0.235947814355
0.211045217115,0.108326810366,0.051668519164,0.046843330480,0.086512939424,0.201022995742,0.344866959273,0.340281683663,0.268396525620,0.216757915165,0.187169974444,0.145074971143,0.115469979537,0.075489077998,0.061407122951,0.067712535532,0.117434738931,0.236285083733,0.390093418245,0.412060974810,0.322398016676,0.210817332985,0.176445739504,0.194552707289,0.275048830404,0.226198575080,0.130392066356,0.082882725812,0.072791162917,0.084846350588,0.099371515202,0.094353453343,0.088259496150,0.077367313783,0.062059683508,0.037321795689,0.024933143851,0.032193677139,0.050795367039,0.056016819291,0.038051249423,0.024623923615,0.023197316518,0.033427204456,0.053601402118,0.106528381795,0.119332819817,0.071335947125,0.044634308463,0.046393840205,0.047416975966,0.041218433022,0.029551564116,0.025068305659,0.026236486032,0.033689741025,0.053451587013,0.100650173960,0.183906345566,0.283951516427
0.268185128447,0.135390666400,0.061980786943,0.052530284997,0.083610524767,0.185691913236,0.332553394539,0.323668717537,0.259727523411,0.209941235611,0.179633779459,0.126415783533,0.081968754563,0.049101734807,0.043925361614,0.058172209046,0.114517629870,0.237917950170,0.409786054240,0.449286100103,0.317425848763,0.185815541137,0.125235077246,0.134121193599,0.204816195685,0.220063159304,0.152976593633,0.089341497867,0.071500400884,0.078851076035,0.083455929305,0.079398721114,0.063881433145,0.048617714383,0.062599879996,0.057344954112,0.031816435604,0.041886600260,0.068378573390,0.068978385724,0.035592503785,0.017605523553,0.011923142436,0.016231151315,0.043746499040,0.122190368092,0.111037654324,0.051599778546,0.037957778219,0.055171712317,0.063457341966,0.055822614440,0.037708465375,0.026058283160,0.023831595139,0.031257009733,0.044657216500,0.075605160999,0.138637165881,0.275492122020
0.286880170011,0.224379610675,0.152525283513,0.141040973423,0.124593507416,0.132998014472,0.205767524834,0.272630768954,0.312074085536,0.265681313240,0.161891100956,0.110392589012,0.065687154392,0.032345930021,0.032123293492,0.064663682913,0.126610497930,0.224910952334,0.382720252881,0.493279265496,0.343244336247,0.165959980387,0.099630318923,0.111453731087,0.186926200809,0.224835679458,0.148303694054,0.096151751117,0.076350627767,0.074662761485,0.065526554914,0.059952869872,0.052945286200,0.035078198265,0.030207960730,0.030269625585,0.023401987168,0.042741737646,0.077627893413,0.078492900247,0.036247010270,0.012679985020,0.006850945315,0.011434733247,0.041760101424,0.122700474141,0.102703627809,0.042587850751,0.032518057306,0.054927998888,0.070997965714,0.064129776197,0.046916402814,0.034398486945,0.028949119489,0.034216422194,0.045010655476,0.061701081358,0.086776276999,0.181707470907
0.171129302601,0.218261143176,0.264229235713,0.309172285047,0.207393378162,0.107484680788,0.097517710123,0.150642838836,0.313761647668,0.407812965672,0.201733926639,0.097882680617,0.056572993786,0.025057860741,0.019151058046,0.047496046239,0.123750974102,0.249149450182,0.359043402478,0.387859627089,0.324644080969,0.258042623842,0.199902896187,0.171264169890,0.151570336229,0.128164851358,0.102834745303,0.113714114027,0.120258183560,0.087691515210,0.065670062200,0.056693288035,0.048552387320,0.030484309226,0.023491076609,0.024631758859,0.022465388727,0.038671834294,0.086339355975,0.114395012821,0.051799085873,0.013324329558,0.005410660276,0.006439507178,0.021465221193,0.081286777643,0.109308699000,0.059894397345,0.036250148588,0.052932674354,0.079751864724,0.074944348150,0.047337815716,0.026046092809,0.018862870669,0.026753139954,0.050741549793,0.083428948560,0.104029021538,0.136085923063
0.213839625674,0.311240844350,0.325900532859,0.309474077553,0.199296356693,0.094317812048,0.064660389560,0.090405017006,0.229780059981,0.431591819870,0.229324938905,0.095484055176,0.053918391121,0.021263891058,0.012645663291,0.031736769650,0.112424791726,0.272173292426,0.383039230855,0.351125168715,0.300917614610,0.235224289736,0.159963641916,0.116074508895,0.101244087301,0.117627346027,0.132989852775,0.116904386176,0.127493096810,0.078721242461,0.056131610168,0.050462769792,0.040760343951,0.028410460980,0.020221156216,0.015105186093,0.017522374574,0.035515546654,0.083079959027,0.136645440226,0.062773354884,0.012956659925,0.003504295555,0.001995076575,0.004973839442,0.036441974421,0.129837508208,0.136846707108,0.063878584988,0.052922698306,0.070128860934,0.062342325098,0.034624297154,0.016074844684,0.012110244343,0.021570507305,0.046960891292,0.067690211943,0.087057558328,0.133565401665
0.299193705347,0.475197993893,0.368088512785,0.236958172644,0.140746409865,0.087188887377,0.080269523059,0.109763747589,0.205768894852,0.325160138319,0.207613952062,0.105035500771,0.058174685759,0.020826246774,0.010414216440,0.021904528898,0.085740312973,0.212270772844,0.319226994319,0.319458927138,0.341403217783,0.287664086873,0.133895670626,0.060109536768,0.038663579679,0.053039218503,0.108313202447,0.122895818851,0.113615890495,0.068079568454,0.051301147807,0.045069062355,0.030800679213,0.022438345130,0.019992166868,0.021147179116,0.024424218507,0.039111840971,0.087160689471,0.120299710837,0.053328169970,0.013212718289,0.003299983651,0.001398879498,0.002667146112,0.022878319307,0.124385333800,0.150542002787,0.059110932786,0.047017941952,0.066686563369,0.068050541683,0.051957420691,0.030271413419,0.016415388273,0.019272307393,0.030898397402,0.033952487279,0.048485762607,0.119136823660
0.364787899602,0.561657203586,0.375846944007,0.217109228735,0.152754120027,0.127638046830,0.121117107878,0.130253377550,0.184911232865,0.270004094334,0.199449362625,0.108498376045,0.062635052060,0.023488929224,0.013347626619,0.025982957026,0.084432960707,0.170346861209,0.221102448159,0.238984649287,0.344548074458,0.360585753309,0.134778634447,0.040509973289,0.018789570758,0.025796826275,0.072180197003,0.108473368946,0.103627520559,0.065208565556,0.052859193396,0.049132873162,0.025945066982,0.020405947292,0.039015251011,0.043980638372,0.030050146173,0.041939838873,0.094076439357,0.120337975693,0.052953821342,0.014999865359,0.003971398796,0.001760817891,0.003617424421,0.029195501494,0.128897781006,0.109246536023,0.034320545544,0.034066079077,0.059539507958,0.093680419458,0.106765052517,0.042469969050,0.015241371885,0.012411435641,0.016983626907,0.019755912371,0.042283384259,0.132365068858
0.328757513438,0.678379018797,0.438451719909,0.207337901366,0.130365187651,0.121113786392,0.127492016518,0.125754498431,0.142277326324,0.200313316951,0.193166725205,0.114807202870,0.059431527866,0.020982112189,0.009636504989,0.012289467470,0.037340545086,0.096093427210,0.165353917204,0.226962719655,0.350722437469,0.293326257212,0.077802967325,0.019722486135,0.009280817138,0.014293617440,0.056347703292,0.106720091323,0.091352286518,0.051452258577,0.038834416144,0.032032943250,0.013901616142,0.010141503028,0.019004592471,0.037227279893,0.037315954307,0.046738992251,0.082132602182,0.086329858586,0.043744429227,0.019083501278,0.007247207591,0.004034256285,0.007070084581,0.034624873481,0.106986612185,0.074419573202,0.021640067488,0.024010756524,0.053813644586,0.098583263201,0.103748913208,0.044162000449,0.015111613538,0.010049956215,0.013792307107,0.012156839735,0.019449596085,0.076716455750
0.274417190683,0.767573115392,0.548842293544,0.211623251947,0.109957019764,0.102566504678,0.105372617736,0.108243638346,0.122307449139,0.181055175784,0.207527737551,0.112803190334,0.043057036863,0.015780435510,0.007396513206,0.006850020076,0.017455352685,0.049884110163,0.111294349204,0.194269373815,0.293494057779,0.178991690707,0.040988094373,0.009922568336,0.005785871729,0.011675420154,0.048025984317,0.119442699948,0.145469383869,0.057038779098,0.015921356573,0.007505505645,0.004494596843,0.004354233228,0.007270089170,0.024979774697,0.062247116889,0.071185478007,0.078394241112,0.059496101738,0.034516728146,0.020525187666,0.013015764797,0.013428702025,0.024389229532,0.062228913314,0.087184694967,0.043576694997,0.013819358994,0.014980974552,0.033826100218,0.051054350518,0.058269825250,0.068955319530,0.043372243136,0.023170395692,0.014460107650,0.006833887095,0.008166507624,0.041404780526
0.156039708402,0.752536304660,0.671305990439,0.206947945023,0.069579666127,0.057101677447,0.070401748308,0.091916068067,0.112506943317,0.172488099437,0.203851093060,0.102814221376,0.033039880431,0.013027435693,0.005946999929,0.003518426058,0.005330197288,0.017219037745,0.057172994462,0.112809319115,0.175286947603,0.098989812903,0.028081929271,0.007990891846,0.004271113897,0.008307326237,0.033002555046,0.090868089230,0.110896951081,0.042661651631,0.010353080719,0.006020044073,0.005187142650,0.006783421861,0.009381498928,0.021819573385,0.080926177931,0.084420941617,0.060454708698,0.042012138323,0.028097286582,0.023848928571,0.021311375362,0.032196358508,0.055225471908,0.080841700565,0.058989992343,0.022539787012,0.006702527068,0.004970290615,0.010340356633,0.015851868224,0.020077684577,0.059935943142,0.085798525631,0.077426625653,0.034423134883,0.009889501470,0.004996360884,0.017527746909
0.108409550382,0.651348869622,0.773178069969,0.241560107452,0.055304665604,0.028848355958,0.035558458816,0.070715845917,0.109125262010,0.153889822787,0.181694934030,0.118513254857,0.041410827172,0.013935848273,0.005666639895,0.002288266260,0.001948327397,0.005441647488,0.027921327256,0.067657396991,0.124578970924,0.098901154432,0.047167877290,0.017431719177,0.008746431496,0.012324240063,0.033003724274,0.066039557547,0.069097394966,0.036902581700,0.014897403398,0.010667220479,0.009814073805,0.013301990161,0.014937008103,0.023750194025,0.088774166781,0.116755951751,0.051422491335,0.022392428093,0.016341936299,0.028301655390,0.048482719702,0.059644087382,0.067318454771,0.059964446655,0.034444252872,0.015081575518,0.004650652427,0.002464622761,0.003458802499,0.005089800857,0.008292095291,0.037945803595,0.092677504465,0.074043079490,0.026246234929,0.009654465025,0.004788264578,0.012740643429
0.065915590854,0.541571876039,0.855457689000,0.242588415781,0.035172213908,0.012381829901,0.013860328113,0.032752196847,0.062942943915,0.104683199885,0.149252312934,0.120023882728,0.049090279643,0.015100479877,0.005240087483,0.001624662123,0.001059536650,0.002494468981,0.014764220217,0.038231959528,0.071344330469,0.076191097210,0.072706942709,0.042650354199,0.018903298314,0.014397944325,0.022649914192,0.037075592360,0.052102974691,0.052536230409,0.037444447685,0.022775982579,0.017897400728,0.025582842314,0.029204749779,0.034478580849,0.070814019321,0.078566256986,0.035637383175,0.011962558123,0.010425224120,0.024545764330,0.051177510460,0.071785850176,0.057506583043,0.040202614322,0.024588996964,0.014136557754,0.004072397113,0.001816476143,0.002107586836,0.002847927957,0.002956612979,0.015617617905,0.081827903631,0.056993061203,0.012240340663,0.004275194055,0.002733676928,0.006858999256
0.037095231621,0.350930249726,0.940928507479,0.305019277655,0.025709853185,0.004844288745,0.004217349476,0.010649658630,0.029935982563,0.062310370105,0.106955946591,0.121668716947,0.079699028733,0.025150593009,0.006815657684,0.002130371377,0.001315618041,0.002460080932,0.011106549155,0.027624882740,0.058681421945,0.071907703265,0.066715005648,0.041278124503,0.025202871046,0.022285824486,0.027584188741,0.031987049580,0.035010586270,0.040817715654,0.044544877951,0.039620375263,0.034282854822,0.030754015817,0.026102201910,0.021436046267,0.022810760622,0.032173792647,0.015933444442,0.003570282134,0.004300077951,0.018215430350,0.059867733775,0.090569728486,0.055568245392,0.034345086247,0.018384014191,0.009620240171,0.002875604588,0.001531404540,0.001708113539,0.002094175917,0.002117206689,0.009905844818,0.084891295388,0.074681169317,0.011116107462,0.003116253751,0.002151192479,0.004964103763
0.023375818430,0.238620612850,0.985742089669,0.348457942432,0.019230620999,0.002210133156,0.001520883942,0.002762521410,0.010631417361,0.035523190623,0.097219958714,0.157417862237,0.090438082556,0.027603064622,0.010910229883,0.005324014677,0.004253786224,0.005715167736,0.010884708857,0.018445332416,0.042806468504,0.064138570325,0.056574221150,0.035687979743,0.031062880055,0.038892595652,0.052116517052,0.046416925840,0.029477508293,0.019060219351,0.024606617535,0.046429900058,0.055180177136,0.027452093244,0.017955693441,0.013012534925,0.016320848545,0.036747180612,0.022772632309,0.003557153203,0.002816039615,0.012365842282,0.048038549544,0.085821322483,0.058535766673,0.035110061370,0.016410044105,0.008503260106,0.003432938574,0.002204517775,0.002278062604,0.002185949626,0.001938514924,0.011836850165,0.096051675969,0.134161614638,0.027938128642,0.006408937184,0.003301691601,0.004468679729
0.024031909921,0.217762679571,0.997114523088,0.386547297610,0.015858368912,0.001371427038,0.000854695348,0.001137608228,0.005613370223,0.034172278039,0.114338099578,0.142772996616,0.073413452940,0.025739708064,0.012353554370,0.007129789588,0.006854444566,0.010590190609,0.019939541654,0.028102745362,0.044684710888,0.055882844915,0.049210997809,0.034906859664,0.033044969091,0.044704857362,0.070535863542,0.063935817480,0.032345798001,0.013651745591,0.018492471642,0.039961982351,0.037930881932,0.019336910723,0.013786626958,0.009491334198,0.009297391227,0.020204310995,0.012651035005,0.002625253836,0.003192710900,0.008820699839,0.029382824171,0.067701146478,0.058666155500,0.035434985988,0.014020004660,0.007811641015,0.004415782923,0.003374391914,0.003377085747,0.003142351923,0.003094901588,0.017068002271,0.065946931411,0.115744943655,0.055752014292,0.021913648419,0.008105747932,0.006844112729
0.027363353643,0.221525707900,1.036058147790,0.351206398063,0.011261197216,0.000816239913,0.000507124816,0.000889619549,0.005383734777,0.033697941780,0.113030925574,0.125736939237,0.062465246673,0.022459005913,0.010796946433,0.005438974088,0.004556802491,0.007833228652,0.020864632438,0.033329179377,0.046500887947,0.054481301603,0.055539901801,0.052295363937,0.055562126148,0.056079362168,0.063698431324,0.048125565473,0.024695635107,0.011438716559,0.013452637784,0.022478613861,0.021407884503,0.014414333973,0.010643964813,0.008203732961,0.010050821963,0.030765614580,0.012108257483,0.003340096467,0.004327703519,0.007951367986,0.019680102479,0.047327992182,0.044134628347,0.024599707546,0.007816649092,0.004247032702,0.003341700241,0.003460864429,0.003644384979,0.003741079627,0.005594637315,0.034685604934,0.068943123382,0.060367846211,0.037572457683,0.031120061600,0.017110183237,0.011956608415
0.042608823426,0.325455214782,1.053510008374,0.250848095046,0.007540955410,0.000565379395,0.000361110173,0.000850283967,0.006069241563,0.034866732123,0.115870446788,0.096912979931,0.045126222355,0.018468516345,0.009754244632,0.005101671369,0.004108690175,0.007387533361,0.026433506308,0.045851830501,0.053034960176,0.044043750812,0.044019535328,0.056405548703,0.077923431454,0.068517102391,0.053633765688,0.028474959453,0.013059227867,0.007166512421,0.008189961808,0.008423997966,0.007374655872,0.008029791175,0.007657044129,0.006844826377,0.011511789460,0.036582404464,0.019877072912,0.003704441009,0.003910504152,0.005857392664,0.012104832661,0.028050277211,0.025633975855,0.013326686237,0.003665726107,0.001563320719,0.001179572648,0.001543676510,0.002468783619,0.003673640255,0.003287576684,0.008796608010,0.045935575843,0.073445186640,0.051440918921,0.040020650158,0.022275929315,0.016461454305
0.066480633133,0.500531173530,1.058784711557,0.203633818558,0.006499491658,0.000426907641,0.000296714125,0.000893018310,0.007031336143,0.038293697577,0.114951517369,0.087751036699,0.039843910505,0.017765866701,0.011017964386,0.006725520380,0.005660597320,0.010107564604,0.027673191940,0.042256836826,0.058266925945,0.058173620257,0.058971908804,0.065286834365,0.073898523842,0.058934628805,0.046263969220,0.023541639482,0.011048715550,0.007414058904,0.011762772553,0.014177931445,0.008503456974,0.007203687012,0.006214229030,0.006333845521,0.027134933139,0.076817243280,0.014601695532,0.003728694274,0.003840874730,0.004585920037,0.006809294115,0.011464315139,0.009747374923,0.005378660611,0.001546127182,0.000608205318,0.000445087038,0.000601202776,0.001132971163,0.002302364574,0.003729163325,0.014899261293,0.042621901513,0.079691119404,0.067251771454,0.041998464365,0.021267636674,0.020767282852
0.098889318890,0.577993443337,1.037815233272,0.196971748735,0.007771208086,0.000600113289,0.000371935505,0.000995286548,0.005830357434,0.031366677743,0.117204896502,0.094196294017,0.041699761458,0.021310325117,0.016002076353,0.010743244591,0.008338800522,0.012697810339,0.027826876506,0.044342634284,0.065061220486,0.074870860600,0.067541415440,0.058998910122,0.058404355659,0.047695859545,0.045563692773,0.030904723373,0.017096421509,0.011108867021,0.006345031718,0.006440601006,0.008292567723,0.008501715673,0.006527276792,0.005605462068,0.009073238720,0.032813777207,0.012184554529,0.004948086797,0.004894091938,0.004848166935,0.005007861738,0.005300688622,0.003272142517,0.001762381171,0.000663223472,0.000284888661,0.000215840901,0.000261056862,0.000470249942,0.001118617548,0.002197373328,0.009509881215,0.045883023045,0.106640168322,0.090843754591,0.073506568156,0.044952538186,0.040408060302
0.135361081584,0.617162457381,1.006587513535,0.211561469145,0.009358481717,0.000816366215,0.000506731299,0.001081948942,0.005088287021,0.025067650181,0.101344950677,0.105247515714,0.057627297664,0.032027233754,0.021987660732,0.011594048996,0.007345217446,0.012656799150,0.028887957805,0.046238419196,0.065150664224,0.081676490447,0.069690365829,0.055386790785,0.047495971359,0.037824435347,0.041829533814,0.036814610278,0.022597203432,0.012834125836,0.007230902207,0.009485881592,0.013659557196,0.013639387808,0.010662406076,0.009867166789,0.010345896311,0.034915609980,0.017987523418,0.010133578377,0.008962917914,0.007228039912,0.005841248093,0.004899866067,0.002372374177,0.001065275513,0.000417800884,0.000222668399,0.000176140361,0.000195137689,0.000320463131,0.001101387888,0.005771805571,0.024002270221,0.057777941005,0.105635496369,0.111221100866,0.120887822896,0.085049706942,0.067418252957
0.276653304390,0.854580599397,0.741079128936,0.117043462103,0.007630369670,0.001609298062,0.001617336861,0.003430214612,0.009280456597,0.023663069356,0.083305803762,0.106934385721,0.066268270831,0.039442360781,0.029464100102,0.015547136887,0.008843311503,0.015851989689,0.038714701223,0.043323704799,0.036700347617,0.040928585080,0.049446375978,0.061043898596,0.055655475026,0.036746934983,0.039093787268,0.041319126863,0.025827446448,0.012394616049,0.008673732047,0.013134544882,0.018700419822,0.018104484072,0.015783367597,0.017356373145,0.017706340515,0.019133743405,0.016619545841,0.012638044911,0.009667128149,0.007257676996,0.006396147783,0.006219558164,0.003268415864,0.001458496110,0.000599992682,0.000321016442,0.000234854379,0.000215694266,0.000289548081,0.000892573796,0.004415935861,0.030498566450,0.116057346536,0.176029521371,0.140580802394,0.106265815532,0.083373358496,0.097448136671
0.503348662298,0.946527250693,0.544817908790,0.104826071343,0.015019460286,0.004205314892,0.005161398079,0.011480603194,0.029605973291,0.055292406255,0.116464875350,0.100602483212,0.060632651258,0.038643922061,0.029152129926,0.016430029253,0.013783244620,0.022401738748,0.038179459636,0.037042669859,0.031461113880,0.034180250260,0.041058088599,0.058439464412,0.061894197585,0.042325146211,0.044699222435,0.053964351143,0.040391093920,0.019412478228,0.010771164200,0.014499581739,0.019786496912,0.020030278292,0.020951441733,0.026966680011,0.031100051942,0.030328660290,0.021794924119,0.013683112637,0.009836405572,0.007430433709,0.007253359959,0.008601466113,0.006007836212,0.003407432147,0.001190464509,0.000548300055,0.000344293033,0.000290018910,0.000408264491,0.001731526004,0.012935714365,0.072642154315,0.179120996520,0.210841556754,0.166152108352,0.125917625002,0.115344547048,0.182819452093
0.612964798814,0.870411854554,0.390532190897,0.101633392121,0.032778539866,0.018805579176,0.019897194171,0.021860882081,0.039668338080,0.070545354989,0.125467267431,0.098780100682,0.064120577410,0.040856743505,0.028641196328,0.016765097600,0.018224322874,0.026713486243,0.035608163874,0.036259340292,0.035625163454,0.039397028282,0.036409872242,0.047189898715,0.063846544884,0.059572945952,0.061583955248,0.057940982615,0.038304056104,0.017831838253,0.007483545716,0.009922330949,0.016177369752,0.021384354238,0.030800905489,0.048050893091,0.056898660835,0.046897575400,0.024355050318,0.012274843227,0.008807993888,0.007400458087,0.008713882686,0.012890119982,0.012156848395,0.008564842051,0.002299647138,0.000817306182,0.000427175995,0.000370972144,0.000693259758,0.004052006464,0.022561485160,0.058411925551,0.145516178998,0.268101420811,0.266326386708,0.185571073007,0.147620236307,0.244822212362
0.441678178976,0.672273185012,0.440957433805,0.162818616580,0.071475409219,0.038512451100,0.030302721662,0.025084278593,0.039859619760,0.082784658542,0.166188248535,0.128778687238,0.065293327601,0.029089795097,0.016589929130,0.012965307857,0.021922858710,0.028594715291,0.039508074008,0.052101420810,0.053619271667,0.042856678545,0.021167588422,0.024059247480,0.055900689575,0.100223692040,0.126868210979,0.076835026434,0.028907995954,0.009686630773,0.003513119543,0.005796898535,0.012515013354,0.021922618904,0.041750267358,0.080460772152,0.101137510595,0.079232262066,0.033542981806,0.014661168975,0.010059122988,0.008573257124,0.010457346958,0.013848073203,0.013714504291,0.013227144882,0.004529495661,0.001687807298,0.000837282516,0.000931632919,0.002928633998,0.012517035754,0.029612189304,0.058364235395,0.149880424104,0.301461862720,0.453740278878,0.353200694626,0.250479540409,0.269172591325
0.212578176426,0.439335562675,0.355039842298,0.153752841900,0.089599777103,0.058323639917,0.038126950288,0.022964567947,0.034163644476,0.078456572796,0.170806793940,0.130711273189,0.057831691512,0.022218097277,0.011605883803,0.010789591315,0.017638078083,0.018704444226,0.025639158587,0.049331327668,0.074848976052,0.068908566348,0.028134576117,0.021909508996,0.041980682406,0.080497120723,0.116988142771,0.068086518910,0.026152609322,0.011377162112,0.003897552551,0.005820205513,0.012476876788,0.023058014290,0.050627132379,0.108731013854,0.123797497145,0.081604442231,0.027406991168,0.010479583196,0.007878057628,0.007941058247,0.010376561678,0.011590621296,0.010800613497,0.012192558982,0.006621573963,0.003655015596,0.002529535663,0.003586036779,0.012368646608,0.032002602083,0.036398322921,0.030896189090,0.062215018719,0.262805085941,0.709248687556,0.446032589729,0.181243304728,0.129044337511
0.140091324949,0.357783549640,0.217292637374,0.083905760566,0.062054227222,0.066956301487,0.076594063333,0.046101448546,0.044791316228,0.072688251821,0.100408473383,0.085709536881,0.063837001764,0.041844607026,0.030727505013,0.035809076598,0.038377314846,0.020769980355,0.016130831209,0.035720524732,0.090290317740,0.091386884653,0.033316980625,0.019323941646,0.030308341202,0.060191856776,0.065773902325,0.026454547393,0.012028294889,0.013509500714,0.018284789747,0.032357632396,0.036990319105,0.039008823606,0.064674480991,0.120761861592,0.137647126117,0.088601232611,0.026895134878,0.008177649866,0.005188329045,0.005459785396,0.006464121914,0.006270098319,0.007009973218,0.012132793566,0.014607232374,0.015872937070,0.016289818886,0.023513117207,0.048295670576,0.047746303841,0.020923676445,0.017228774720,0.048625449783,0.324333892748,0.888201189781,0.362598431224,0.086992728085,0.055174699351
0.068271363364,0.160851250451,0.087959085927,0.026669249329,0.016892907105,0.029248781467,0.064267147719,0.055553227620,0.045455317609,0.059090217122,0.065456900128,0.057541351892,0.055180507624,0.075848987743,0.106982148629,0.127634480110,0.084292635855,0.042025515512,0.033842262498,0.058123390298,0.111639522583,0.083420965686,0.025279353003,0.011564570272,0.011972567317,0.021881925407,0.027140173336,0.009765020904,0.003721392621,0.005175018946,0.025130877572,0.124688731561,0.136704870931,0.084350015641,0.089720449833,0.138821894212,0.168252423741,0.096980315725,0.031548844910,0.008204138449,0.003761385187,0.003651150570,0.004860011670,0.006538286250,0.011086065936,0.022660164576,0.030562491972,0.037247940041,0.043824015610,0.069085217655,0.103591034034,0.049527347733,0.016470649194,0.015600853431,0.075596821327,0.563105957065,0.942138331743,0.297098572604,0.055972279964,0.029718229902
0.020257374587,0.028901485516,0.033952554435,0.035766435442,0.042840459391,0.073150094880,0.085959340581,0.064856431419,0.043544708863,0.040250124470,0.052450891690,0.074829348173,0.091084772583,0.146346102052,0.182805348975,0.167212067566,0.105797694359,0.073148532262,0.079258737063,0.145134845983,0.235245349486,0.139296750371,0.033852203637,0.012389191606,0.006727165733,0.004966506709,0.006530424064,0.007668209849,0.008903499348,0.014479642383,0.042977636787,0.142084886750,0.194243807207,0.167788009164,0.181659591074,0.222751851421,0.207624515058,0.082819752976,0.027309969212,0.008357200105,0.004049046855,0.003194442801,0.003857626271,0.008143597480,0.023351974398,0.058500431439,0.074103133798,0.067873497931,0.059129665529,0.080391837123,0.121067624491,0.063363254090,0.024833332008,0.023692635304,0.097600178623,0.614223313831,0.844319163156,0.342662068119,0.074280150263,0.023629921762
0.038563587163,0.036410416832,0.031606268292,0.035096844237,0.054652638544,0.125641879910,0.178014729453,0.134909420397,0.083092722316,0.071405054437,0.090404969093,0.124699646716,0.146392790030,0.189656013539,0.193424385502,0.157151905944,0.129430579671,0.119333379564,0.138107736952,0.225979927779,0.286866692369,0.177438937432,0.067178964384,0.024775469394,0.011831439782,0.007245236591,0.006671118249,0.008559344537,0.014795436811,0.026220446827,0.056221738518,0.119836605374,0.167070325883,0.207144733910,0.261928524149,0.300697405891,0.248901867206,0.092296112306,0.045567709788,0.031006955831,0.023498129951,0.021827422834,0.015999528059,0.020394762062,0.045353040284,0.091852878955,0.107515866223,0.093145642776,0.079638194082,0.087347569407,0.104166496373,0.065607685084,0.030325567355,0.028090854400,0.071214062195,0.274048087865,0.575795064683,0.430971493707,0.152612871863,0.057230772203
0.114376673640,0.076183883916,0.045871407675,0.041038656896,0.050573071372,0.105177021725,0.180863535548,0.229755917906,0.258989767407,0.216292339656,0.142510102886,0.118687548484,0.127292455785,0.170979365553,0.185434492116,0.165348679431,0.180332469188,0.202973218959,0.205611263853,0.238210601528,0.247257586360,0.172151069337,0.110187011566,0.064479677359,0.036960104368,0.024696046988,0.017011235091,0.015332560305,0.023374164345,0.042220306575,0.084187275825,0.150728746691,0.171139145330,0.203088417912,0.232959516031,0.247347154406,0.268556812291,0.138117534459,0.080814285144,0.062865337700,0.063559981777,0.065462179653,0.039271758980,0.031927800562,0.055314052929,0.107959822842,0.147075817521,0.160910154805,0.140200682216,0.086490337446,0.055938492898,0.037428448469,0.031669225014,0.040882463375,0.076076903290,0.171366889353,0.324980156020,0.387907765621,0.297289546950,0.182418988092
0.150411073981,0.077640447475,0.040586470949,0.036039223714,0.050513841595,0.122213580901,0.226954268576,0.291692910591,0.305864477369,0.266903005111,0.220946425611,0.193427231193,0.134109502186,0.085510908376,0.077619606019,0.112764674803,0.183439318437,0.251945189914,0.267792159493,0.251495140958,0.211728301182,0.140604032239,0.115576888880,0.096503022828,0.070556422650,0.050265418975,0.030441450080,0.021971509214,0.027233644920,0.042614524955,0.073751469223,0.124291646012,0.136720987116,0.165921213998,0.172831248886,0.165041817321,0.188938975315,0.136349640251,0.124213837014,0.121557765866,0.113786352250,0.101532435241,0.051728887275,0.030953360903,0.045219598088,0.090896869697,0.141151564044,0.178124281649,0.161567557004,0.085864835176,0.041852635673,0.024996144883,0.020338695606,0.024893031177,0.053283297497,0.127998292570,0.251650533969,0.342627883621,0.331203116604,0.252394668090
0.147541459034,0.052244666062,0.022259099254,0.028818434787,0.085926904843,0.255177084457,0.390717228157,0.358278894502,0.288530139118,0.236854803503,0.220695383636,0.184348120718,0.131632033744,0.080845184063,0.056428793087,0.065022140321,0.106170959209,0.183595348498,0.262391285940,0.245138856438,0.189442578732,0.120618103196,0.116233412787,0.108593450023,0.088341636830,0.074265003313,0.058820881923,0.049477209893,0.042915614032,0.033314661966,0.033061248239,0.051005928350,0.070242083714,0.119316144580,0.156546020207,0.164894637800,0.185095755253,0.146092050789,0.151249345732,0.161233263854,0.150306123892,0.127009228652,0.082210985306,0.061304837174,0.065449602760,0.094686891146,0.130159951222,0.144269918422,0.125147725904,0.091037275535,0.071920518951,0.050317815230,0.031619114782,0.022454025712,0.038902443996,0.078075819167,0.147001683210,0.243908869810,0.320108325297,0.286439432652
0.158889444394,0.066167844284,0.036571422002,0.053029871399,0.122134766521,0.293169333285,0.433892227691,0.390742036440,0.325122380758,0.238232036045,0.155221231095,0.107454495884,0.102082442916,0.106824898970,0.090557839372,0.091668268446,0.123394953339,0.195880204872,0.247858195881,0.193605116692,0.155572300100,0.130415569291,0.151183758791,0.126418602734,0.121385555121,0.154076770124,0.160451506889,0.180290250359,0.108723496855,0.037395207248,0.026702243692,0.037397771412,0.058621445497,0.127933258052,0.191563696696,0.228935303898,0.216491471642,0.160185831118,0.135711487122,0.104666183987,0.120862671881,0.164188551197,0.174817451767,0.177663776870,0.162370150090,0.157575421024,0.149686434052,0.143093276485,0.119465784625,0.084340426570,0.053715031782,0.035802686659,0.031650553879,0.026377052405,0.036439908340,0.059840556716,0.097517274070,0.160105978193,0.246316710141,0.280138839353
0.305684008832,0.145889425376,0.055493315797,0.037683663417,0.056681469684,0.176235734283,0.491946076607,0.502056127909,0.303232964806,0.165925044793,0.104514264056,0.090733298207,0.098244779950,0.096817620984,0.079518704113,0.082632816572,0.134958722428,0.220345638613,0.239208077601,0.160804394708,0.139814951987,0.138795907113,0.173462856925,0.123545191962,0.080031387580,0.082310037665,0.085809964976,0.087065141779,0.055371709132,0.040718337234,0.038035950456,0.048445509655,0.064188903592,0.129103073176,0.206423611992,0.204858012719,0.129328378134,0.052663776480,0.030030646980,0.022171580031,0.036403568434,0.097563519097,0.182261481682,0.196254971563,0.157799471885,0.145207084035,0.156918188739,0.144511985556,0.089771267419,0.042714245924,0.023272500512,0.021538281907,0.026747713934,0.029446677385,0.042954950181,0.055885853589,0.069953248126,0.106220606384,0.200342524222,0.333159079215
0.331527436105,0.172173911704,0.084248162130,0.065580236465,0.084081332602,0.188826709560,0.366810873487,0.433446489171,0.318665029083,0.207427896598,0.111836507666,0.065630004272,0.058287015384,0.071855549722,0.095913582057,0.123147534508,0.162768055424,0.202497704670,0.219914978620,0.208611147325,0.208905194512,0.159574263347,0.136487144849,0.080988980049,0.049945659096,0.051689407353,0.059884304877,0.069033501582,0.082286965448,0.091169575118,0.078332160742,0.068321780632,0.078092493821,0.173413566920,0.253884715900,0.177042606416,0.101988007112,0.044343692946,0.031287852456,0.023456422098,0.038850893705,0.126632365113,0.248778618603,0.232435652325,0.147665469847,0.123871677123,0.137366462763,0.136815087399,0.100566266942,0.049856220646,0.021222856449,0.012173891027,0.012415082272,0.020739209510,0.032335095660,0.037366537835,0.046190977954,0.084087226421,0.212332031005,0.389872819166
0.311959852686,0.291590773474,0.231152466072,0.208443636708,0.195648652670,0.245692360639,0.307422728503,0.287641576253,0.208099563107,0.138980479750,0.087259521908,0.052899741958,0.046832677914,0.066603420876,0.127180957531,0.185990177908,0.171815666018,0.151610549602,0.156593695830,0.222318011460,0.271227996831,0.211602861759,0.196334544177,0.115910108224,0.052914317559,0.036572163134,0.042445882488,0.065235605194,0.112359872855,0.139697212863,0.124285328497,0.096284850719,0.093592297019,0.169599766165,0.308090009065,0.264737629680,0.102704265959,0.035032187275,0.023942719541,0.025997808819,0.055849918326,0.163765241088,0.218676592569,0.165572981779,0.144491818473,0.148926326310,0.132859381781,0.088887816071,0.070251313364,0.067890022836,0.037726209993,0.016058593699,0.016582830742,0.020552364128,0.027942302969,0.041079326687,0.062615739432,0.094773905097,0.151849099048,0.247936158508
0.297825764660,0.349838455778,0.347187829487,0.399645574587,0.295526451771,0.250693852799,0.242354571039,0.182959611158,0.133114367944,0.099010465947,0.077212413624,0.055245287366,0.058413058523,0.079147129946,0.117123983321,0.141180944129,0.125757869880,0.124229127829,0.123446208923,0.167758159405,0.239266717041,0.269721608313,0.270411848946,0.112070427373,0.031183126349,0.019126040411,0.024118818641,0.050341077237,0.113178113180,0.147629659320,0.145630376968,0.145423788124,0.136593283391,0.152015625793,0.184681500943,0.211002879367,0.123838163949,0.067113291816,0.060006859963,0.037604464061,0.047572983063,0.097571345206,0.115759516388,0.142205507647,0.155427162524,0.140217282872,0.099558992806,0.048118745565,0.029189244386,0.031561800371,0.046503443973,0.025616710543,0.023182605937,0.020236775287,0.018395218189,0.021314878968,0.034653144577,0.059637728622,0.101385205934,0.189037781919
0.274106864702,0.390066562628,0.461725711510,0.497038842781,0.304333571943,0.245488031594,0.207847924892,0.130738781602,0.089245287424,0.074627223334,0.071059588021,0.061338672364,0.070841407212,0.073783888301,0.069939377932,0.069645210305,0.061151534663,0.068789038548,0.096337172096,0.188077192230,0.323240113034,0.327167800041,0.186044604485,0.044068179733,0.013351284366,0.012228365217,0.015983493676,0.038558911206,0.104032100037,0.145565043773,0.149128743099,0.178255983627,0.187098526942,0.130685197686,0.106878889520,0.126113561211,0.111489446984,0.081491416540,0.099391233334,0.077753276447,0.071425309276,0.083633819692,0.076444699576,0.066343799557,0.073710751434,0.099166786316,0.070862205319,0.029979674843,0.017019577671,0.017255554043,0.022573728535,0.020125923812,0.022442561307,0.015409084061,0.009071598764,0.007447282971,0.013428514278,0.034184139320,0.075500203565,0.156960493998
0.280586554955,0.475636351924,0.522350303649,0.514985426709,0.303888872834,0.189909550407,0.133121190666,0.080720843392,0.078143926385,0.096747669425,0.106999720518,0.082227994969,0.071922823706,0.039381751949,0.024790041909,0.024697611802,0.029079280861,0.051466725887,0.097446346940,0.203332607486,0.340500741173,0.260932668919,0.107545219956,0.024621036016,0.013361478592,0.015692402318,0.019650547895,0.046600699343,0.150443149546,0.202799458993,0.135406142161,0.106632216089,0.112548086704,0.116111284169,0.112032077286,0.110872359930,0.125639246790,0.117710870853,0.173111436070,0.147264207292,0.098688516486,0.063611560662,0.029187400153,0.021763498266,0.046202175985,0.082887339491,0.060814601688,0.025436430618,0.010636589287,0.008403613197,0.012214635033,0.020643081024,0.025371299754,0.014420715593,0.005889942825,0.004299306340,0.008135615688,0.025551222999,0.070273725181,0.152958221165
0.291114940319,0.488834076897,0.524108354494,0.497743166211,0.336413286030,0.235741504080,0.183062587266,0.094015514355,0.070303384391,0.104355023290,0.125104635631,0.083638237056,0.056156883161,0.022509110656,0.011437012958,0.010590108921,0.016930798372,0.050457431250,0.128763497484,0.187673006758,0.240200975599,0.171986959437,0.099839284674,0.034318841808,0.018943075992,0.020028913903,0.027065421794,0.067612408783,0.207968914232,0.215761795808,0.081457367627,0.039316386136,0.042493491434,0.079429574341,0.158202335442,0.219546719467,0.247589427800,0.244830978806,0.258601439130,0.134709079921,0.078693615445,0.062588667139,0.056887036185,0.052025723813,0.060429412323,0.071859139001,0.058225975940,0.023128418418,0.007855663523,0.005472827762,0.008766526449,0.018343257927,0.027700716766,0.021006235683,0.009677843712,0.006461838233,0.008906655715,0.022291720906,0.070395313117,0.170789985206
0.294223819554,0.498128041068,0.495457515557,0.324826399917,0.195613226539,0.210069076576,0.329387176944,0.217341705686,0.107530760256,0.080316440918,0.067665617035,0.060344211597,0.034489065718,0.014636574132,0.009939484408,0.010769453162,0.020824765530,0.063091560682,0.112137261613,0.109442135795,0.127326451305,0.116581409077,0.078821459932,0.026545589254,0.012774066895,0.012956024954,0.032185035451,0.121940272761,0.233421754502,0.129314945242,0.033275516815,0.009756430990,0.005871899358,0.013996180434,0.078401647251,0.260011912891,0.329114290021,0.314306964536,0.276664233734,0.134878620770,0.070105576612,0.048999548438,0.071666981642,0.069063335843,0.039266177779,0.038375544664,0.044576179205,0.016667528082,0.004632068022,0.003254927424,0.005633750568,0.013612451352,0.023454538009,0.019774344242,0.011532523792,0.009815865710,0.014753177639,0.026441017522,0.066781192978,0.145680679635
0.264666546118,0.509073127099,0.619509694291,0.368348159179,0.172148657265,0.148643932370,0.231334354454,0.238043294662,0.174121450517,0.130323431973,0.076263916275,0.043570235997,0.022502557357,0.012694128281,0.012109670009,0.017829752043,0.034116823727,0.056095763286,0.060154090146,0.052151782202,0.080682111672,0.093809100508,0.034735559157,0.012970804794,0.008439902135,0.010204547266,0.036986706074,0.138149035780,0.177508049230,0.080815816270,0.029162684988,0.012336955305,0.008263420461,0.019511959027,0.097783609593,0.270862835758,0.288679352822,0.307124740422,0.252543870625,0.136994929375,0.097543604993,0.048597118283,0.021750820356,0.012186462777,0.013158121526,0.023667485223,0.025200816322,0.008530628241,0.002766055136,0.002391574721,0.005046944066,0.013199307141,0.021619460147,0.017116918329,0.012199012958,0.017512681145,0.037534562813,0.046203660734,0.087932244875,0.129754903717
0.212293194859,0.429532087479,0.644636860783,0.466472539227,0.225840570599,0.156560944396,0.178726242964,0.223451645271,0.286294729719,0.279223551744,0.107018557897,0.033365319638,0.015738258551,0.008880417089,0.008048858233,0.012237614160,0.029670192464,0.037767890322,0.034735368096,0.041986300646,0.048974891977,0.030031507823,0.007474257269,0.006433685579,0.008589999837,0.018995876820,0.052736868315,0.101747206331,0.096696978408,0.060503398004,0.046950020242,0.032887380894,0.024370306673,0.042309918321,0.145370275018,0.305135686144,0.217194844718,0.177473822127,0.199680593260,0.156782581145,0.152786605057,0.081556105546,0.038708457274,0.024237723543,0.027364384258,0.026823124067,0.013749050642,0.004924611553,0.002766248416,0.003416699253,0.008115967477,0.017060056687,0.019337246292,0.013663618092,0.013421770792,0.021773235270,0.044361621735,0.074103828015,0.090314416336,0.107068564258
0.136555241304,0.344852705983,0.602173918441,0.535784674117,0.312043386344,0.216042530808,0.200801074069,0.226263864359,0.320294934644,0.439713329892,0.146675468963,0.020962831320,0.007174441052,0.004432245634,0.004407637027,0.011303800194,0.037722900475,0.029359600431,0.017631872659,0.018531571497,0.023218701661,0.023832477906,0.017602057605,0.015745970312,0.016397955452,0.026887578080,0.051152660903,0.066924100511,0.065921916574,0.055073578486,0.056438955614,0.059412150304,0.062201448379,0.083094283777,0.114281879389,0.174460066009,0.169818840654,0.189634107557,0.201391107606,0.139814063307,0.135813340059,0.110245518296,0.084148639908,0.050711536419,0.050300710785,0.039230425418,0.017896806560,0.007474755287,0.005272278068,0.007752901834,0.018533452094,0.028974361734,0.019271466667,0.008575671606,0.007287130562,0.017201034232,0.051731594799,0.074390099744,0.061723416049,0.065268267245
0.107574953963,0.262008459211,0.459765079475,0.530879691892,0.407267791507,0.293607771847,0.242555727538,0.263333233925,0.364554615861,0.471047173775,0.150231947486,0.031196088652,0.013161806994,0.009329078396,0.010712272474,0.020291226065,0.058029990957,0.079269099424,0.039469966558,0.019992833380,0.018712807428,0.026435590978,0.033804317094,0.037292363970,0.034208736687,0.043899574484,0.052950944596,0.046229079523,0.041661476324,0.038678433724,0.039993734557,0.055997773183,0.073261647560,0.085620047268,0.084462308914,0.117828688094,0.126046896683,0.144496842007,0.218763995312,0.201672252129,0.134856559003,0.095795809105,0.092903002518,0.066988252946,0.059449220861,0.040065935820,0.020370177245,0.011302506799,0.010154886161,0.016063528356,0.034007386966,0.045427785358,0.027690431471,0.010256319499,0.005541740823,0.007591646213,0.021339488412,0.046111250944,0.052043202577,0.054972021229
0.078622875518,0.158518340522,0.243244915236,0.398758733984,0.554392295090,0.481534318869,0.307471685426,0.205963058496,0.196741661353,0.335093622942,0.310453276861,0.133551054207,0.048835796378,0.023589083810,0.022418438118,0.031730642316,0.072544524605,0.128155475191,0.105369002171,0.063060139632,0.034801873873,0.035540831163,0.053359341396,0.060927775503,0.049360887738,0.051280088962,0.040176466229,0.026902912349,0.023449899522,0.026032484932,0.036251502069,0.053736069261,0.059896924936,0.070907619257,0.070940793964,0.090647825198,0.092438334580,0.089702027877,0.085152409975,0.136253303332,0.138973865928,0.089667443541,0.102032549830,0.087775035663,0.066362751525,0.034345488108,0.017049974019,0.012212698466,0.014058380465,0.021348383170,0.035853003023,0.052214887143,0.047231306388,0.017489380318,0.006945738953,0.005131737935,0.006661586667,0.013408908821,0.027385160757,0.037967977967
0.038448727992,0.093882935477,0.156792474065,0.259118256274,0.483738210273,0.601774077467,0.441879492228,0.215858418435,0.132862785198,0.182393571187,0.223682468974,0.241503931023,0.143660737646,0.061353639431,0.044887502971,0.045817798140,0.074971828137,0.109845170637,0.108012210257,0.125649104283,0.116276537556,0.097265008321,0.116213539508,0.079717422082,0.041386359760,0.034528441415,0.026836645851,0.017987038259,0.014959883277,0.016706116529,0.026725579617,0.041078176470,0.042197847150,0.040923165738,0.038623156452,0.075471618526,0.109647819898,0.078956324100,0.041336827046,0.041970975538,0.049791062652,0.042580383141,0.067072771914,0.089830078014,0.069915578031,0.030504346734,0.014669964100,0.011476001571,0.014056631217,0.019897668672,0.027656655848,0.031810865301,0.032601167813,0.031038296428,0.017902447033,0.007825536757,0.005090563022,0.005378281611,0.007461995085,0.011388309691
0.028435582734,0.054629773923,0.083989309118,0.127338941948,0.295962571816,0.551257425324,0.560621927871,0.261427785455,0.115932090733,0.112690189523,0.141807256634,0.228611248826,0.218928605085,0.119406284531,0.083421463075,0.058966111568,0.065663521586,0.084346857423,0.110230347225,0.175408303853,0.257605357802,0.239347287733,0.172680403570,0.062456093154,0.025711237120,0.021927066327,0.023084516141,0.020848449120,0.015934158809,0.012887864802,0.013862493552,0.013879877867,0.012354879283,0.014608669736,0.025870429294,0.130559638090,0.148803682478,0.042047876370,0.017226113651,0.014473160338,0.014913004423,0.022442162579,0.037905084916,0.053525784120,0.052604638257,0.028734345684,0.016081371085,0.015727169935,0.018082239156,0.018250332691,0.018760769016,0.020039633693,0.017608824065,0.022225616992,0.034168273144,0.023978984764,0.004734963569,0.002887808251,0.003223819141,0.004582411145
0.037639009009,0.050707315844,0.065979729691,0.091600259350,0.178387080455,0.325988057781,0.508963814109,0.406645260006,0.217664206023,0.144279036688,0.116077647403,0.147433812053,0.197517596185,0.182172248171,0.196090217819,0.154080201797,0.135411682892,0.115009649393,0.123443665170,0.264656104471,0.443852830461,0.321228156896,0.268947563371,0.128051308339,0.053086904749,0.026789208986,0.017969101582,0.014567778811,0.011447829233,0.009049861553,0.007978715123,0.005809494504,0.004483257789,0.005153467727,0.010657906133,0.052546412948,0.151970641716,0.091656971466,0.030458825311,0.021300040423,0.016471684629,0.020741490999,0.025434570990,0.026610455911,0.030918850940,0.029275826788,0.022873720139,0.018539949969,0.017303621073,0.017309878502,0.017258461306,0.017853389999,0.013906359750,0.009339512188,0.013896986255,0.016795743990,0.006156650116,0.003003983940,0.003541818409,0.005444854278
0.039909316056,0.044899617632,0.053242558269,0.079130595745,0.171723049509,0.273444570893,0.292540967489,0.215809591279,0.183845465438,0.246528175270,0.285491215770,0.234122153929,0.187168033686,0.133727127768,0.171442848590,0.208258741104,0.287416184768,0.286631161210,0.275182930837,0.332219941720,0.355331877093,0.326724250389,0.371834320958,0.279058994016,0.165945283756,0.080848808288,0.030314898554,0.012434360547,0.007380881916,0.007093931365,0.007494158323,0.005881100396,0.004326102911,0.004004337865,0.006816191222,0.025729567788,0.040335963181,0.048836412684,0.040837584647,0.029078365921,0.015171305195,0.014329016731,0.014698494255,0.015324063682,0.018826934528,0.020921589460,0.025267227228,0.026393633066,0.025462023165,0.025137062278,0.023327576160,0.025072165736,0.026383131712,0.022785300251,0.012841896680,0.006350793297,0.002867909790,0.002348017891,0.003563541751,0.006914903773
0.029715025723,0.030003431950,0.031934448309,0.038064906318,0.064779209633,0.118098284215,0.200887616265,0.214248308082,0.144655550217,0.112301437413,0.119173079502,0.185556681041,0.320955227599,0.256538899028,0.192288211592,0.126056437998,0.146164510546,0.228836124223,0.337248712487,0.406137044538,0.421038701498,0.365195554710,0.306601728300,0.247169112390,0.242588509954,0.226562905016,0.125503379601,0.048397393683,0.018860999803,0.014086711255,0.013475446922,0.009370615812,0.005947862574,0.004814578050,0.006240889938,0.012792978628,0.022766235176,0.030765755632,0.027548805980,0.020074407696,0.009777664122,0.007756695553,0.006654566439,0.005706880437,0.006171983519,0.007836662820,0.013816169912,0.018345073365,0.022332927882,0.024253764055,0.025996028686,0.036012114343,0.067539272046,0.166487055114,0.129765108589,0.053293917006,0.015670341292,0.004832704135,0.004645877903,0.008594484839
0.025507608316,0.025561477223,0.023765207367,0.024176139205,0.032366217454,0.049358970385,0.088014270004,0.102568375184,0.068871791255,0.052907947314,0.063289819376,0.126116701879,0.276481609613,0.248524356506,0.157795524547,0.083375749025,0.096092138962,0.207457180554,0.411713358347,0.561231715994,0.437178095135,0.232462874096,0.188358178669,0.193418826596,0.290757161635,0.352333338957,0.271985647199,0.131401765152,0.037108355653,0.019134500190,0.018786899609,0.014919187379,0.010681880760,0.008740566092,0.008462881022,0.010925906711,0.018935259517,0.031079515911,0.023451370349,0.012011556639,0.004222311723,0.002276060893,0.001320008143,0.000967453219,0.001199226119,0.001967198287,0.005562023021,0.009396724463,0.012070618606,0.014074383152,0.015152132361,0.018240655182,0.028173264489,0.134149919718,0.186437443139,0.064778679320,0.016602696281,0.007571007223,0.006953820164,0.010758051311
0.022434819267,0.020998809361,0.017621161800,0.016446886742,0.018532015083,0.022092420748,0.037450688051,0.053994513998,0.048951904256,0.037675202171,0.045067044952,0.086722289850,0.178825565123,0.174321063781,0.127358681697,0.074299075433,0.081891370113,0.174882486854,0.392082504598,0.593577071355,0.418736620880,0.253354298564,0.246686196841,0.247352272737,0.336628567523,0.345085075976,0.310577321778,0.243294377890,0.084240679535,0.034827849683,0.029925718012,0.022795085794,0.017872172469,0.015184314593,0.013813237599,0.016652969532,0.025675353213,0.037215592566,0.026232974625,0.011915904298,0.003210736997,0.001243839502,0.000564016109,0.000344336631,0.000352610275,0.000479355601,0.001408895461,0.002948498937,0.005688319944,0.011040944113,0.014760302417,0.022038604753,0.051147676574,0.143909418662,0.176256871447,0.059034962946,0.013130646413,0.008204450276,0.008709840779,0.012314076961
0.018137949744,0.016758731417,0.013235696568,0.012292652391,0.013888377898,0.016371520427,0.027566601228,0.044349863772,0.046684517085,0.030862037202,0.019690975336,0.023678389605,0.059687068918,0.101710343412,0.137837304385,0.123356532377,0.129959828322,0.168977849730,0.194441499279,0.315849624962,0.514283411917,0.559091180760,0.471123102093,0.284631335291,0.315305907276,0.323048315644,0.292378028485,0.272430030585,0.192413665745,0.114399252509,0.081581185964,0.032697801267,0.023654383365,0.022552703521,0.022993660070,0.029178286204,0.041624623865,0.045225496638,0.033411560825,0.018439273754,0.009416361494,0.002111836414,0.000607924017,0.000299345101,0.000229053047,0.000186159859,0.000378928793,0.000857609717,0.002134449015,0.007190016771,0.028190152109,0.046180792071,0.039580777004,0.038328300140,0.051779815663,0.068856873417,0.036764378768,0.009953878993,0.005791999900,0.007824369217
0.012574935578,0.011163921299,0.008214196046,0.007235017870,0.007841325872,0.009332419577,0.015946674856,0.028438492363,0.033396578844,0.023842513506,0.012339351872,0.008730764315,0.013562925557,0.021026819477,0.047218442211,0.080917283524,0.131800254338,0.175474619333,0.176850674562,0.191850088200,0.192472493321,0.250613579949,0.495803746816,0.597699249171,0.598496763391,0.286349862628,0.191374103317,0.230581453899,0.222880647483,0.205779422744,0.201606124595,0.078114429489,0.031848948166,0.020043485953,0.018895530570,0.025961831585,0.058141207648,0.061087626024,0.039582215101,0.017285589975,0.004324223209,0.001587862404,0.000773898414,0.000430154252,0.000335667623,0.000247661428,0.000376709368,0.000550636707,0.001198543780,0.008613455773,0.030416381208,0.032362169111,0.029209540485,0.030619091458,0.028617895616,0.023700038104,0.014501019638,0.013850857656,0.007920561695,0.006004812418
0.008668129567,0.008209076496,0.006977632510,0.006647198930,0.006764982505,0.006922326215,0.009841799123,0.016350737696,0.019052588945,0.014610972032,0.007044269754,0.003707816798,0.004313589029,0.006628750195,0.020922958431,0.052343817282,0.095623378397,0.114456268275,0.123512025053,0.212519228449,0.254885608466,0.128069896109,0.136841478117,0.196504446535,0.596987199775,0.723094979602,0.418228716646,0.213819047929,0.167166335784,0.201022087612,0.252299792879,0.111056027417,0.053119151104,0.027032503773,0.019574209073,0.019144013391,0.027612956783,0.033949422721,0.036653762484,0.028042873418,0.007517145904,0.002332727470,0.001197992409,0.000726527076,0.000680446894,0.000716544385,0.001498882275,0.002079941319,0.001492473326,0.001514691856,0.006089972344,0.042924609616,0.087622771959,0.060130103451,0.037831687658,0.019436491870,0.006605620255,0.003040062858,0.002420397832,0.003861776687
0.004414833879,0.005295063707,0.006411697917,0.008523189562,0.010347546221,0.009336313112,0.008368249128,0.008951838425,0.008942435158,0.007885186965,0.004529109503,0.002460517707,0.001897061471,0.002979548719,0.012263260139,0.032288160041,0.044847373973,0.052896782592,0.067567675484,0.170205094004,0.248823933824,0.189832915756,0.172728034231,0.096849333158,0.159302459263,0.299112854813,0.679490441664,0.708416022424,0.369321664934,0.180805417258,0.164145822789,0.090212853972,0.066504266943,0.046203086835,0.050868548054,0.032612900903,0.023342019645,0.020931717755,0.023526830643,0.021539811261,0.025974446143,0.010115705293,0.002954596544,0.001830501308,0.001520328021,0.001264096942,0.002141138979,0.003490136114,0.003189814914,0.002805806724,0.002710030855,0.005260885712,0.012833234831,0.025386236473,0.040984484537,0.044230548479,0.014681711971,0.003873118690,0.001720554679,0.001772827798
0.003715840392,0.005623290623,0.008640879151,0.012745241566,0.014946732646,0.011539523094,0.007313753004,0.005393654687,0.004406498211,0.003759574741,0.002397761933,0.001711794435,0.001490785065,0.001254416849,0.001473281038,0.002734293633,0.004868938150,0.012522359011,0.035306432159,0.105830611513,0.150962696838,0.173143562528,0.192265337409,0.081287048266,0.070049420967,0.081049856982,0.269688870900,0.689588354488,0.741098591935,0.275879676466,0.113583755609,0.038480195993,0.037931260831,0.053405778190,0.075475949296,0.050703216305,0.020585769653,0.013545306391,0.013286992666,0.010248921751,0.006607641471,0.005985171044,0.005313599249,0.003422970231,0.002717043771,0.001810953940,0.001539100464,0.001370676963,0.001340699182,0.001665233234,0.001971646770,0.003624855922,0.006128023214,0.015487554030,0.034473700729,0.066989193316,0.028892515267,0.007464333505,0.001532349489,0.000936076489
0.003215958854,0.005290666602,0.008983962229,0.013514458419,0.016037892666,0.013878104470,0.011579019820,0.013724334269,0.017211253722,0.017977077749,0.011980759555,0.006494316868,0.004047176022,0.002456116126,0.001530936094,0.001184076054,0.001082596161,0.002578320966,0.011772609948,0.047929504434,0.113440461707,0.180024001297,0.160267525578,0.054179788206,0.043837052694,0.050504209825,0.124056908194,0.379180206523,0.885790598529,0.601317793690,0.149512112828,0.021103497481,0.011762781360,0.014778608278,0.051910978174,0.076383339352,0.040539826057,0.015235423309,0.008624714316,0.004429582754,0.002246646475,0.001823141784,0.002021235442,0.001304713924,0.000970989716,0.000558947051,0.000376487363,0.000234379944,0.000227647070,0.000482594519,0.001313552170,0.005024326039,0.013577482489,0.030355559809,0.030191312932,0.040254580285,0.029423983810,0.013665862375,0.002380013999,0.000711087188
0.008383473259,0.008934334376,0.009325926253,0.008851963931,0.009221248672,0.011399805852,0.016101654114,0.028118953355,0.048416544588,0.056057899858,0.042683383565,0.020553904941,0.008358210743,0.003570982863,0.002080290519,0.002192147534,0.003183092649,0.006838616146,0.010713427241,0.023619805351,0.068598874965,0.143346365195,0.159767993697,0.063246877362,0.060649162003,0.067511900104,0.099531353034,0.184375434719,0.630236202183,0.957986232955,0.298922671144,0.031323308697,0.016905852624,0.017043045130,0.025806876360,0.052144358888,0.048484514132,0.024702199331,0.016346115751,0.013038697113,0.009210076017,0.007257318557,0.006263958513,0.003074895770,0.001493459807,0.000602620235,0.000297910538,0.000146601176,0.000145733865,0.000390466638,0.001520907617,0.008303738223,0.033341801249,0.061040883099,0.028185100104,0.018602052802,0.016637613714,0.015039806814,0.006263037468,0.002773018646
0.012732570767,0.011047972983,0.009601398092,0.009129997701,0.014624629143,0.024041574639,0.026012843437,0.030767210666,0.047984930533,0.074765140383,0.093397442520,0.052790208819,0.018829626560,0.006957740059,0.004232978698,0.006138840125,0.010369722138,0.017188195581,0.015547961867,0.017300469741,0.044891116699,0.111401942937,0.159194625273,0.091992164632,0.068557090809,0.045332435017,0.058420008552,0.116852130729,0.461859136812,0.976881796422,0.398074227398,0.047686900812,0.027733747965,0.027839828652,0.026922228650,0.026066433356,0.025700896241,0.030473665158,0.042209840753,0.063778411988,0.060269949087,0.048018639547,0.029997342525,0.011862534785,0.004710380211,0.001665544560,0.000648966107,0.000249839662,0.000244361908,0.000941154182,0.005102457882,0.028673397930,0.074052474703,0.063138302229,0.022449743944,0.013288550547,0.015258109887,0.025651531843,0.020555963190,0.010593308483
0.016625064581,0.015315419661,0.016880953500,0.025668706781,0.042870029839,0.049866306785,0.042576642521,0.041789984336,0.066696359188,0.111416793241,0.118978585975,0.049857592131,0.016682231125,0.006979917988,0.005927339265,0.012497117914,0.025183170761,0.041559726683,0.032059270653,0.028387705460,0.043392883000,0.087155739834,0.147535246665,0.110151253460,0.076013115504,0.038525823691,0.041140951979,0.083429908622,0.339703437564,0.871953532241,0.512658901693,0.075508477677,0.035539338917,0.028700796464,0.022433415078,0.022978461745,0.033883560626,0.041917585093,0.049167153100,0.064160087816,0.086207871822,0.085583150310,0.051306917457,0.023306181443,0.013731416862,0.005537101634,0.002240767738,0.000654164564,0.000446123626,0.001094552251,0.004427436409,0.027665973719,0.078073162072,0.085212661561,0.045357251849,0.026539056593,0.024979640884,0.031242582940,0.028692573536,0.021597872450
0.028044473652,0.031531985660,0.037316148505,0.049087109315,0.060544010952,0.058022093936,0.055242533925,0.057382063304,0.087958026237,0.126055873384,0.114877052478,0.048702544515,0.020352460109,0.010698446113,0.011798313426,0.025793626559,0.046822162347,0.065717412928,0.048324794941,0.040418097975,0.056204438091,0.104476550372,0.163244898674,0.085964284981,0.036081981847,0.018862745180,0.026764904526,0.076295590949,0.391343552671,0.872974181579,0.408431677670,0.066045714732,0.034017817029,0.028497763287,0.023416958102,0.019703008082,0.022189025133,0.023347439666,0.023037379331,0.046194631520,0.092313294640,0.106862457226,0.070106428244,0.032636814846,0.019043759064,0.016765925743,0.011535954373,0.003859186648,0.001738781311,0.001924049801,0.003638041069,0.013905082750,0.037436540049,0.066561354080,0.068041690776,0.055599053191,0.050831539227,0.047395503306,0.039588568101,0.033509279506
0.043605824560,0.044948505004,0.047862837598,0.054077319584,0.064312479835,0.073605033610,0.096554433371,0.119374574179,0.152268899255,0.144073874828,0.102167989746,0.047919677176,0.026473357884,0.018827314122,0.025659460224,0.052652226334,0.092102412392,0.113083733448,0.075911278302,0.050721995600,0.055692651698,0.113246429295,0.218803175423,0.178203722881,0.106134957873,0.059590789092,0.075320736869,0.158646591239,0.510760083222,0.781765353149,0.344088506342,0.076203916911,0.041213058511,0.030413658334,0.028649277492,0.042891173972,0.050380871316,0.028103916851,0.025496611702,0.050274419116,0.081604563374,0.088168807731,0.063701458795,0.033981941020,0.028285904353,0.037080860191,0.031862349125,0.015534644782,0.008287098824,0.007704230017,0.009279128287,0.020559774981,0.038501000286,0.064062848913,0.085219746725,0.090299170898,0.079790504136,0.067306629962,0.055399604534,0.048393185519
0.054683357310,0.066747341175,0.072495819842,0.075238149763,0.087112673868,0.108158587736,0.156797280591,0.196846216288,0.207338544400,0.158278146687,0.110391096889,0.061176852946,0.039500314010,0.029226121897,0.038251731253,0.075169598172,0.145295005101,0.189374328414,0.139366765808,0.080822990738,0.085306459234,0.130566723283,0.211796554923,0.250758250326,0.285667958273,0.204212122601,0.213954689344,0.268320817036,0.484852777559,0.622541395792,0.421139934601,0.176175076041,0.097402741248,0.065428240131,0.064974503187,0.070799607134,0.072132348925,0.041250279143,0.035173165033,0.052376883456,0.066259822343,0.062141081441,0.046964330882,0.037285894570,0.048797030573,0.083850231464,0.081645807770,0.046550773029,0.023506958961,0.017949864929,0.016782578939,0.030045173019,0.055962066510,0.074437839599,0.101121554747,0.135029745361,0.138139211460,0.114898593284,0.074028899443,0.055161873675
0.050205017154,0.065486290787,0.081446060451,0.108187112135,0.143627882929,0.164904495263,0.186929952965,0.202637045274,0.210282502845,0.167709214855,0.109289420841,0.058287152797,0.041087025165,0.036556738055,0.049747696651,0.089593308404,0.151735161457,0.205933526815,0.184091198180,0.126090163463,0.106376437084,0.122725119528,0.171787534963,0.208140942194,0.296921622583,0.314643715986,0.421267647825,0.445843461505,0.473940375374,0.367903476779,0.278894083931,0.204590284742,0.186003154336,0.159672835076,0.130387431016,0.094162478185,0.070252067213,0.035478935553,0.039786560068,0.050427807281,0.054505346391,0.048277476908,0.039152415056,0.034786905883,0.050114951568,0.088679641004,0.105435601796,0.080566745249,0.048498542510,0.032777193545,0.023964058199,0.029454470037,0.040855342862,0.068735371964,0.123508080025,0.185866061882,0.179631748162,0.128996455608,0.076058457706,0.052071226437
0.043416431962,0.047854419591,0.059548675452,0.101969792705,0.181303015549,0.243794837153,0.241407927879,0.188530573316,0.149228408335,0.113392808667,0.078205254798,0.048455522897,0.040095343862,0.039709088318,0.052161300545,0.089354917489,0.141322373156,0.193507714016,0.169896439353,0.127824215734,0.117991601850,0.128395175374,0.165087196783,0.154631662946,0.203855379466,0.268146206655,0.466495757328,0.494460904491,0.403129524191,0.219527614570,0.155395820514,0.122654085171,0.144938267452,0.146555872718,0.131877341301,0.057449918486,0.032638372843,0.038408197509,0.051983413947,0.055113898810,0.049097492372,0.037661894309,0.030602793434,0.031359389589,0.043586225159,0.071819770690,0.098179691136,0.105243596030,0.093091670709,0.068507433807,0.040856194644,0.036451051272,0.042079860848,0.069739977804,0.133425366300,0.206764046166,0.172995421184,0.108238686321,0.066394813407,0.049816044121
0.043421867977,0.050772532006,0.068454473169,0.136787690926,0.244258873935,0.290949379470,0.249784540287,0.170823018017,0.126855698831,0.095749496549,0.061584572070,0.040308649727,0.036723224999,0.038081139585,0.048612554822,0.082316530854,0.134887864968,0.202148289652,0.175229284277,0.147422057487,0.154113839682,0.160405705555,0.180913171273,0.149640953867,0.203374094056,0.301269869309,0.501442273689,0.446686462998,0.312810164340,0.162634438962,0.136878263874,0.120106740595,0.140733929941,0.109470307969,0.069174439357,0.031414692247,0.037679813827,0.057555073292,0.072699616851,0.065798077308,0.048635297024,0.031900303608,0.023582772363,0.027495460819,0.045460502797,0.066488338738,0.087111392789,0.099811329816,0.114366987263,0.109006087930,0.074976526935,0.061833372033,0.058963149942,0.078355274151,0.128037053851,0.203055119616,0.180161260678,0.112695758708,0.067045717828,0.048476964826
0.047399299091,0.068364191307,0.114299946137,0.247855265946,0.310525490091,0.253436310862,0.159611316725,0.118299512369,0.124289384028,0.115554993797,0.065364873564,0.031622987862,0.019777961704,0.016863701001,0.025035982573,0.056918847858,0.117156719519,0.214404900254,0.241025911593,0.271764870842,0.189721678468,0.091274227808,0.078347665698,0.102115641758,0.272367052686,0.505969859453,0.486140322181,0.257758402424,0.166356184864,0.121338938734,0.159623450357,0.167442085032,0.139892437479,0.044521411316,0.016087175943,0.020751785298,0.048213604269,0.079310476309,0.096279693143,0.080852278670,0.047715374486,0.023662530382,0.013891441650,0.013962623268,0.038574820893,0.074638781969,0.093989365643,0.085498760345,0.098079158428,0.122379845484,0.115834579467,0.104804984445,0.091194264392,0.094363727319,0.120191948212,0.174594866936,0.159579262289,0.103189867055,0.050999604211,0.037876253579
0.049206380781,0.069831574697,0.142093260421,0.332169530347,0.322891270818,0.204057823046,0.110967359414,0.084407598032,0.095364823206,0.097154830115,0.055158475900,0.021994731245,0.011387189383,0.007722064361,0.009574331027,0.031727060734,0.108538304307,0.272565170272,0.327646841905,0.302404328197,0.128880076675,0.053951626247,0.063652059041,0.139326633630,0.439169117462,0.486322702903,0.233400468383,0.137361308507,0.122281606950,0.113674344560,0.200753221437,0.185796129064,0.098036546080,0.018949811276,0.013357976871,0.023117966647,0.051605661210,0.085244309228,0.106792139265,0.073435098442,0.030668543150,0.010851082154,0.005784464945,0.010765524738,0.045040929134,0.074833249871,0.068086188271,0.052859026245,0.072201768777,0.130036597706,0.165245247411,0.153803285765,0.116207699757,0.080362976837,0.071468197255,0.100859075970,0.124599013088,0.105108074960,0.052949253425,0.038851075753
0.042543284066,0.059210359313,0.136026847868,0.353498460795,0.311964527167,0.173667536739,0.098329091023,0.077332255013,0.081031747620,0.089863445141,0.059130957052,0.024068960975,0.011395407174,0.007215068006,0.007523765289,0.021803206081,0.097577913720,0.295743660954,0.367968537740,0.310300140076,0.171757293410,0.132574774413,0.199230130041,0.304325034593,0.408974959565,0.281708927971,0.192195050519,0.161129579233,0.160781062388,0.133867764005,0.205792163438,0.145708024766,0.067773355168,0.014135024222,0.011844304097,0.020321631204,0.051711537963,0.126595624568,0.191928675590,0.091942950957,0.028458004907,0.008336822422,0.004085528545,0.008078196635,0.034540296885,0.077453542311,0.102762615077,0.088121707607,0.092233222163,0.133588722659,0.185882550662,0.189218816986,0.119536512391,0.054720254485,0.046867320032,0.102179735180,0.185229457907,0.170520138218,0.071240844139,0.034917271973
0.042901278775,0.077369082716,0.152853457114,0.292832570260,0.264193399799,0.153554763230,0.089074212978,0.062047603094,0.051502509952,0.051796215015,0.046484004396,0.032184447146,0.016822715067,0.010128421861,0.011852470379,0.037620092562,0.144014438601,0.312536442496,0.290579754407,0.252133648713,0.257800623972,0.347044767774,0.392996675485,0.264477796534,0.211018526758,0.172943204037,0.199730249639,0.200493456300,0.185284882262,0.142353282889,0.181209189278,0.099000811803,0.034323279702,0.008395427189,0.008536868708,0.018647295371,0.064659016085,0.178635650794,0.161545078582,0.068240413408,0.022240057790,0.006696689447,0.003117616773,0.004183580961,0.013674570220,0.049347289834,0.149749519965,0.185348191836,0.147353328607,0.127093039266,0.159881217794,0.173089036459,0.094969138303,0.041997732378,0.044999181845,0.124992465011,0.222729181115,0.165608773317,0.057045631441,0.028005277587
0.036734670677,0.082174492060,0.155192992008,0.231242410147,0.202414143195,0.154850067232,0.120797816802,0.060106871674,0.033655281804,0.029041195248,0.030715959219,0.038412343647,0.034794116950,0.025038882257,0.026299661660,0.064721277070,0.174607181297,0.274425592072,0.240535937084,0.284429728256,0.415873301175,0.476844477028,0.264248051066,0.123600560938,0.153785614381,0.225104539614,0.297929946229,0.171875270705,0.111649172674,0.091648590256,0.130766142733,0.078735868462,0.025629257882,0.006235568822,0.007163097133,0.023237249204,0.055485951334,0.086260806506,0.076638659184,0.043860453855,0.014488867314,0.004550221550,0.001866595955,0.001299123243,0.002929229332,0.017224836416,0.134584962770,0.271545862064,0.205230561080,0.115983150045,0.119512987242,0.140651285478,0.079801152575,0.040112293896,0.050270626654,0.136704540283,0.216428553505,0.134772079943,0.038995940289,0.018517673036
0.029449675834,0.071484793643,0.115562789205,0.140140856612,0.135647380756,0.149519624133,0.136726024027,0.071496688712,0.039742979100,0.037537126606,0.041276241649,0.057381819725,0.055037018237,0.036029917126,0.028770380807,0.051732232451,0.146147767175,0.335864789439,0.410361541813,0.411168729610,0.344738051117,0.238126801595,0.167522295589,0.146222657575,0.214021941821,0.253214756516,0.207474164207,0.096102997448,0.061719361783,0.060234963836,0.128079845961,0.141177315342,0.040811177845,0.004605368206,0.002833962557,0.005743614775,0.019122456310,0.048954445891,0.070142975686,0.030860982544,0.008142931435,0.002032654007,0.000566657835,0.000284725416,0.000852909019,0.010326501167,0.139888012486,0.341636541620,0.252362852132,0.117466782574,0.104157407021,0.108799391845,0.064140855635,0.036893844754,0.048984266011,0.131251779534,0.209263727820,0.122333437704,0.030822659691,0.012815482279
0.025338477157,0.030525898806,0.039691823140,0.072725831861,0.131382616695,0.163792378518,0.116289802641,0.087626779388,0.074405823803,0.085971918276,0.084758353089,0.082994626379,0.059548217022,0.039734398183,0.049936910344,0.135994665967,0.368237182267,0.484454448985,0.317818893339,0.249732533218,0.231598524105,0.236500573320,0.254297442903,0.193211486644,0.158949897035,0.123626543730,0.092479938312,0.058412750689,0.055822509255,0.078859792874,0.171585763754,0.118689868676,0.029727605974,0.003043139448,0.001431662921,0.004445814680,0.016305026900,0.022210081409,0.022452189945,0.014642488583,0.003214601189,0.000615345568,0.000217558878,0.000201123431,0.001183133447,0.019988579354,0.187475550837,0.340171336086,0.234678161557,0.100490360728,0.077482591332,0.097670215826,0.065110107219,0.037817138254,0.042590066036,0.082282375583,0.138084622126,0.136026211800,0.068098112363,0.068832942954
0.023843078337,0.019397326642,0.020175600038,0.033455199808,0.100966121669,0.186593723775,0.131185512426,0.107237651526,0.140824034862,0.203110994578,0.135389639874,0.071795883185,0.057665435987,0.084502627006,0.213569455352,0.413408664908,0.415610671159,0.304230685279,0.224527373700,0.257837794668,0.274797534651,0.220035160664,0.191993243819,0.128286405766,0.089552025638,0.061251542539,0.041835002976,0.028320597274,0.037716803536,0.068252855939,0.106811774060,0.056596065386,0.022012011431,0.004968123944,0.007012244569,0.029388152384,0.020747549994,0.011574530846,0.018193520192,0.016897125993,0.002797863344,0.000422969572,0.000209918628,0.000389829873,0.004163388607,0.049843747246,0.233360638872,0.290232991672,0.181929751054,0.081547637362,0.067722980500,0.069843179580,0.046080098360,0.038023080095,0.044272068916,0.065511269299,0.105871685888,0.163418583845,0.155990235900,0.100939780123
0.033056200060,0.025676284695,0.023230376242,0.025371296278,0.051159585832,0.159120118138,0.189688976832,0.185547820149,0.219245516752,0.263051017142,0.121609112941,0.065269158173,0.086638649360,0.204735110917,0.432692665097,0.405233652132,0.233148690819,0.202851422483,0.245592768867,0.343684909524,0.265855021880,0.108930971523,0.047769331523,0.027245608360,0.023528855819,0.020673721121,0.017334323352,0.014848796930,0.025994767166,0.044396391030,0.040798938753,0.014463682907,0.011205850867,0.032761161087,0.041903657612,0.021265055602,0.011028151238,0.009132127121,0.012519238425,0.012763051031,0.005813899493,0.002016670213,0.001169370921,0.002133159295,0.013346087961,0.079846337991,0.242099177671,0.250191233570,0.175614167799,0.086408686939,0.033221092931,0.021958605092,0.023080131926,0.035293467194,0.061219132467,0.086202962713,0.103542130322,0.144504708312,0.120065713073,0.051391146158
0.035003818407,0.031970764427,0.030118977571,0.034556598864,0.065052128336,0.151083431619,0.214652817611,0.267728182503,0.282700360280,0.298463912119,0.186155357996,0.147416421229,0.199185779214,0.309999963050,0.390655601337,0.292795973189,0.204727228273,0.224504516543,0.315727209421,0.315696076182,0.138354640694,0.033087158495,0.013180053811,0.010685407952,0.010663507360,0.009875311776,0.008670980574,0.009870940550,0.019343768538,0.030430885717,0.023754014609,0.015691276648,0.027133846633,0.069409958384,0.081106429839,0.064834125808,0.037692472902,0.020153063518,0.012562133810,0.012253766051,0.011921759279,0.011219793753,0.009513873121,0.012271427823,0.033036759941,0.101568784984,0.228519457211,0.242702222853,0.181239285724,0.071588617117,0.021280821567,0.012726812346,0.021404352163,0.058093614488,0.118637557883,0.127417993551,0.093563226013,0.057467124884,0.038196735822,0.038172086523
0.029664480020,0.026554120815,0.025877245708,0.041576983680,0.093000705940,0.168160255359,0.189108374983,0.163217509802,0.180517657871,0.368953608435,0.475289493000,0.360360634388,0.220224544139,0.168528870521,0.214564395087,0.270820153822,0.304809593571,0.303911353451,0.254431845283,0.105290239799,0.025021428730,0.008889354280,0.007886429884,0.012265511069,0.018112058380,0.008236994436,0.006071138168,0.008164348612,0.013303120901,0.024621897381,0.033839969527,0.019091148382,0.013396551653,0.028787930652,0.051937215252,0.071181492205,0.035451509599,0.015231610411,0.014405693643,0.022373786358,0.021777224230,0.023200305933,0.024906002479,0.039316422844,0.070331047434,0.118083665898,0.192228144102,0.178731059727,0.118286188978,0.056112649572,0.018530563946,0.012976591806,0.028716437517,0.083928096166,0.157213631027,0.119874220570,0.051562603482,0.025177899035,0.037778151268,0.151993418041
0.029451793868,0.030649168051,0.035765141907,0.050534034956,0.083930931668,0.136839375912,0.149363387836,0.153391286104,0.290334547587,0.667022255595,0.501978382262,0.203025329001,0.122892931149,0.150450630859,0.282800612078,0.305221600382,0.230631252753,0.148788913696,0.082950008163,0.030576863857,0.012991316893,0.004470012419,0.003591223208,0.006201922179,0.018399005984,0.007162804940,0.007876868478,0.011962484216,0.018355891894,0.028281920237,0.031857766195,0.015972322817,0.007949925742,0.007729267475,0.017741715866,0.089734646715,0.091651053673,0.043926229964,0.015814744494,0.014047268170,0.016657366291,0.031145918390,0.040674454611,0.057052394540,0.081307047633,0.099334930928,0.133294455964,0.114516128025,0.083855249252,0.060899266340,0.019091320746,0.016269222030,0.042752028635,0.100941590719,0.152047585449,0.112330838902,0.070240553882,0.051413952902,0.056368184946,0.067285882560
0.039642413343,0.043938137686,0.033448253442,0.031934086756,0.048719027103,0.097073855996,0.219247920490,0.363467619418,0.557651895529,0.614425138708,0.261420802426,0.121525152477,0.113868123371,0.165587501150,0.286369394167,0.271201640884,0.177172693363,0.077927186591,0.024439770057,0.029298434585,0.038168405325,0.009013944324,0.005720188137,0.007287723639,0.008307083674,0.011983869688,0.014467204033,0.015552162924,0.018881566266,0.029009043653,0.027957627227,0.011048608209,0.003883392348,0.003693755814,0.013884646467,0.121939166515,0.102331076257,0.030908627448,0.013067567471,0.016148971448,0.021976194611,0.038580920510,0.044737243466,0.049680854154,0.053255349588,0.057439122278,0.094233624572,0.111324211781,0.095234674662,0.064323310172,0.025896872580,0.029357108705,0.062143588531,0.097519250406,0.110497859526,0.078762824754,0.084237916836,0.124132233423,0.063716273189,0.041500719129
0.046092232284,0.044295716113,0.027709616298,0.020603901074,0.030293061622,0.087248789424,0.375146101543,0.682675361896,0.553171207359,0.312004381441,0.128113107918,0.085399818854,0.114725935653,0.189467410189,0.285128207139,0.205893991367,0.100538473191,0.039770890220,0.015522624526,0.028306212073,0.063519569016,0.020941480715,0.007516204895,0.008606628098,0.012420936849,0.023660006434,0.027029335366,0.024856315500,0.019574821481,0.016827823885,0.013575004645,0.007356098740,0.003065342340,0.003044820425,0.012699165246,0.085676298760,0.064989729887,0.023210729725,0.017505619795,0.023196384599,0.021762755236,0.030707962982,0.054786999372,0.055289750335,0.043056794494,0.040375733917,0.061959599732,0.091126878583,0.084496526298,0.050409593163,0.031281909742,0.043209698236,0.059710390705,0.061274751939,0.057065354208,0.052299450839,0.102678375099,0.099139459682,0.050019867923,0.043965214622
0.020850276780,0.021427423586,0.024105415637,0.024567405229,0.048578361869,0.168511859079,0.618926358463,0.719262457571,0.363853875251,0.174771416262,0.098421255040,0.100559241844,0.142762137262,0.183440051258,0.188048682189,0.106056425847,0.044975779030,0.021256922625,0.021101020101,0.060527773337,0.045144790830,0.006479899827,0.007747135800,0.016013585984,0.021576692573,0.036124472172,0.036282245644,0.031765758419,0.022779005397,0.015947521435,0.011680243217,0.006078422040,0.002309241516,0.003220360361,0.029323387898,0.091748586288,0.044987816287,0.025306712802,0.020855805024,0.023638221610,0.019181937043,0.025360743704,0.038101229697,0.044496151272,0.056771445485,0.044634569835,0.038899052643,0.046645872755,0.060360206372,0.065378183819,0.046656626678,0.042172005301,0.042098492588,0.035160322869,0.029845034368,0.039941969713,0.050128003632,0.026422918998,0.043030586821,0.085715057430
0.007622492466,0.012611443464,0.023629882962,0.036143331984,0.101929725573,0.329589646318,0.758184529763,0.483913513494,0.197676369252,0.127567127535,0.112694235305,0.135946290081,0.150650827295,0.137551016259,0.122123203497,0.065061560599,0.027267816935,0.028754282477,0.071748884557,0.082784534274,0.016580780390,0.011995976787,0.022712252443,0.031674385340,0.032233107943,0.048603178712,0.046268574795,0.033847121140,0.018865717666,0.010727646927,0.008531704830,0.005214146217,0.002905244864,0.007200177109,0.027829079874,0.083457239940,0.081368432717,0.033927801790,0.018041935383,0.014400829382,0.011160703882,0.020178034725,0.032276642791,0.057310635871,0.078681375811,0.046728758315,0.042341753440,0.050569981384,0.062069416385,0.061482426538,0.040512792454,0.029243751891,0.025505908080,0.018922673205,0.016900174650,0.023639486609,0.019596232532,0.057618734267,0.056145948017,0.031016410363
0.008155333981,0.016979899514,0.053633476548,0.110690723170,0.282891516781,0.540687311550,0.603152381988,0.308366141734,0.175929908365,0.173294069144,0.167200347974,0.167444478098,0.160903171062,0.127999869771,0.093756237264,0.044266177348,0.029642436103,0.037746624627,0.046034764316,0.033459204688,0.020888767017,0.036227331856,0.062574364075,0.071716610754,0.068688104600,0.077828190332,0.061402548669,0.042710481169,0.024395829065,0.011574362541,0.006564635700,0.003646001559,0.003676853996,0.010772630844,0.029371768542,0.072782095207,0.081613238658,0.050904296759,0.021423270019,0.015020464670,0.019339155928,0.044531730797,0.062842968730,0.078705766304,0.093318325200,0.071157118208,0.067855614226,0.072980637590,0.073694977735,0.055988204209,0.033343554731,0.021877841549,0.019010655471,0.013956990298,0.013727512120,0.019592552749,0.029252575800,0.085299169123,0.074648621496,0.027266233239
0.027519775710,0.047829082994,0.108714233074,0.195908073305,0.432373408849,0.585704283822,0.437825079842,0.225217140678,0.170371909541,0.211572833651,0.205181901113,0.158807892372,0.117013329587,0.069242515298,0.047711742715,0.034649995647,0.037223030182,0.040886599444,0.027979916934,0.025126142375,0.039407906268,0.077438970264,0.125992590988,0.142096868953,0.124223008160,0.116958867970,0.080773446079,0.051473627811,0.032706186392,0.014469934527,0.006055746217,0.004791289559,0.008628588350,0.018690720254,0.047490381011,0.083768053307,0.073681606926,0.063002394999,0.046537437364,0.044280374365,0.053321030118,0.097525797459,0.122805673323,0.092377426365,0.096408035192,0.086148726121,0.069787014330,0.073463662728,0.073592570343,0.055584317087,0.033971283403,0.020717351578,0.018393440321,0.016020414940,0.014004652452,0.010207694629,0.014425766255,0.051009723024,0.055359093720,0.018237576666
0.076625616705,0.126892587863,0.203624959892,0.257156724860,0.431539913858,0.508074836837,0.406553029860,0.254230582073,0.232312828889,0.238366696879,0.156189892894,0.087048154538,0.056579413417,0.044646575510,0.047527709297,0.040095151906,0.046078402307,0.059443466848,0.048843020529,0.044708669567,0.062128155036,0.109270259830,0.155705893729,0.192668237744,0.200766400354,0.175023067781,0.079795109308,0.042026830784,0.036204026744,0.024413125146,0.012790722549,0.006390976722,0.007282684983,0.022384277532,0.059763215511,0.113310198400,0.112834624774,0.102116817646,0.065517833476,0.052870767630,0.060486433180,0.083641251776,0.088439287659,0.068180235804,0.100567115093,0.084909787337,0.050681980421,0.042728179357,0.040462249624,0.038396316484,0.034730243776,0.025180791980,0.020343659858,0.012817490029,0.007897243474,0.006068784643,0.006537417096,0.019192755195,0.040101813600,0.036417358112
0.104693561494,0.171216640449,0.312538242479,0.393200324286,0.471805758948,0.396121727994,0.323039139712,0.248843679890,0.248620187896,0.226196588788,0.140440769747,0.080493673531,0.052238587774,0.046036875792,0.057540777525,0.064096993908,0.079692427107,0.086619149700,0.057537387556,0.051514561511,0.066856595815,0.121981645885,0.184827713576,0.228532686517,0.186284807272,0.137546217766,0.079887703959,0.047815146291,0.038055105111,0.029546341594,0.020911904105,0.011417282558,0.010254013668,0.024825281537,0.070203021101,0.151569401002,0.144060875944,0.117761852476,0.073530364826,0.055939857141,0.058304171365,0.058390177357,0.070049876112,0.063269283128,0.065986939465,0.039464009406,0.024470420542,0.022189329163,0.027163968544,0.035035622134,0.039938331046,0.033352939978,0.022874040079,0.014974586653,0.016876051733,0.018267363610,0.024893805458,0.056599670430,0.042874634152,0.041869416765
0.113873223906,0.176161463368,0.309051760114,0.422415751651,0.491884579601,0.377366738549,0.272211550927,0.220966632438,0.232160149635,0.257314070073,0.194283741185,0.112100106013,0.067671293153,0.064753882609,0.094286782872,0.120518909546,0.122363293672,0.108326974783,0.063608058789,0.056583385784,0.070282511286,0.107349595350,0.139287836001,0.165887483534,0.160955313128,0.152310789155,0.086512296263,0.036742475488,0.022162717274,0.019577355913,0.020901640663,0.014439087002,0.012574183173,0.026758153388,0.073442674613,0.166343758642,0.182311445750,0.142982793539,0.084629312681,0.051053446061,0.041616133238,0.037776051551,0.048410384099,0.032114558424,0.029995852161,0.020524262330,0.014430163300,0.012989726906,0.018496571417,0.034163821293,0.043807218218,0.039231899560,0.029877293312,0.017384374801,0.009808128844,0.017508149597,0.032725598709,0.037786115145,0.029773036694,0.052121910869
0.112541935480,0.176315100145,0.233456534171,0.302325157502,0.447640545282,0.448934478110,0.268480974072,0.183300475217,0.193627418792,0.313909780794,0.294481260661,0.121954386709,0.051222082737,0.049187062754,0.119843967769,0.254946377961,0.275954760676,0.177287614368,0.060989160179,0.033782209459,0.032111697692,0.053230533736,0.087685668035,0.134960216637,0.148495608278,0.120528412927,0.045344194931,0.014906611865,0.009266577833,0.010705977926,0.018545502556,0.015791342826,0.011661844839,0.019103840130,0.059547590304,0.177148980380,0.227892337554,0.179825040233,0.099782965880,0.048871558038,0.023540075025,0.016413555644,0.026640045616,0.031662675363,0.032898793993,0.023866267022,0.018755218366,0.016608051759,0.021389294027,0.037221616128,0.059818297943,0.057588267416,0.036597528792,0.016341049045,0.006283752400,0.004247995608,0.004419505807,0.007924310725,0.014684935731,0.038693511522
0.136847045393,0.246899213034,0.217861067320,0.179843440673,0.315870024500,0.416296374155,0.251694355430,0.161644255718,0.160750547061,0.298835805749,0.395000307531,0.268949499253,0.188149720182,0.124468011744,0.134509265755,0.218546393960,0.358138227014,0.265209658833,0.068329422886,0.021134249117,0.012134621198,0.014749400056,0.021167908402,0.050657448923,0.112236115088,0.137915584136,0.058201854002,0.027352640981,0.024155566704,0.026672944019,0.028414599139,0.016292226076,0.009799975647,0.014995015039,0.049614505721,0.161031364836,0.266890584132,0.234000880371,0.108370948339,0.044803211790,0.022998778152,0.015964354619,0.017447285075,0.020648559884,0.031895937028,0.033524017408,0.026168806715,0.027461564513,0.043215197155,0.074589969371,0.109888310308,0.105710391357,0.062826405110,0.013684613351,0.002839401489,0.002347457944,0.003678791158,0.006452298913,0.010807122887,0.032021694559
0.057851875893,0.190036983872,0.229491094029,0.125907502066,0.156248575422,0.257196817103,0.319671717361,0.332128132126,0.326256329023,0.376962667185,0.281829044189,0.259491822425,0.344436997926,0.324327534383,0.233550829982,0.231672262379,0.339515504462,0.217696113751,0.047424587030,0.011705450639,0.006968059653,0.008767874504,0.008852040117,0.014576142095,0.038838810101,0.091491291786,0.090356910141,0.071000077985,0.054162919458,0.035550090818,0.021804443328,0.010589126460,0.007964783040,0.015291833743,0.050255379809,0.160339786012,0.290723926185,0.239814897409,0.108185270966,0.057127966294,0.056438468141,0.076244426278,0.051796114794,0.016438366799,0.012604088165,0.013554141342,0.028569983632,0.066480478914,0.110305864849,0.121714394345,0.101238439671,0.073314577841,0.068189991981,0.093448528260,0.030368243739,0.008980582956,0.010490380178,0.012166312964,0.011210069997,0.015165624257
0.062789605923,0.159038467919,0.259954178447,0.200284357129,0.151737475548,0.147017277386,0.168327055762,0.245072261978,0.341838642822,0.386674394992,0.317422416648,0.386836672236,0.473477944672,0.390596756576,0.214079756656,0.152095484794,0.193059536035,0.186693372833,0.106889155413,0.042618542997,0.017813463059,0.013520244130,0.011958399520,0.012576455113,0.014083867189,0.021706007258,0.041745842657,0.083440920788,0.101554054640,0.059603719788,0.028946941394,0.013886888941,0.010733291313,0.016419319511,0.034760840442,0.083235604263,0.158353642780,0.180847468919,0.089982042024,0.056717760538,0.070298456043,0.135724391630,0.183503438012,0.114893206682,0.068869888867,0.052672538144,0.058931541836,0.099936487562,0.154159098988,0.136433722203,0.086063583365,0.072673246656,0.102861574113,0.170466243946,0.091908535763,0.044800061406,0.034123428617,0.024469842904,0.017583522837,0.022423221397
0.027452795569,0.143412597113,0.407278219812,0.360164608656,0.237579948230,0.207720755061,0.229476452341,0.242866974696,0.209611709122,0.199757277977,0.215902936388,0.323061556097,0.403063367651,0.368318336290,0.235414487506,0.129769668657,0.095114056475,0.075091473495,0.061321446448,0.041521931682,0.026759804621,0.022810879205,0.019255939948,0.017861854133,0.015468896037,0.014953132871,0.019350795681,0.033836634980,0.040434072802,0.032907739895,0.024321165656,0.016952738798,0.014149037614,0.015562839827,0.024497551349,0.050193184840,0.103059355278,0.164520157904,0.093796922249,0.049641975843,0.039031325846,0.059459288097,0.146721773808,0.251892748927,0.195954298558,0.075949460450,0.042561661432,0.043833747482,0.094946602152,0.195542293148,0.251507937944,0.216021912462,0.135150906967,0.101429495271,0.104532273242,0.097982590538,0.057009173956,0.022009472447,0.008192699028,0.007642052795
0.030221526108,0.133359852128,0.362363442110,0.439225501799,0.383703717035,0.316576698108,0.253539435135,0.167865010210,0.120766809085,0.130981878336,0.160536905655,0.244694120843,0.306627496861,0.276571205187,0.211582377360,0.108295751680,0.069187377017,0.060737545882,0.071454059889,0.077983246011,0.065161349844,0.049059495568,0.036950276525,0.026639097229,0.016235337902,0.011377604897,0.010368858356,0.014462308421,0.015725398911,0.016208667428,0.018469656436,0.017515889838,0.015106121980,0.016760903462,0.021639766758,0.030938934767,0.042971108173,0.049702223654,0.041661947107,0.039701816766,0.049758814098,0.086357383912,0.159585273749,0.229548464078,0.210754181458,0.133049762918,0.096941628591,0.096580188275,0.182218395150,0.312287325270,0.243898771097,0.106482458541,0.063496838401,0.081869184737,0.101969095677,0.070792956159,0.033867677846,0.013784154083,0.007107127637,0.008724681620
0.024666561658,0.121084538460,0.335280946247,0.477938171671,0.506501889076,0.383982384182,0.193618120579,0.069278161474,0.035054617325,0.043957362096,0.079337433849,0.144418469749,0.189757918612,0.159855016461,0.124419736528,0.081322792252,0.061995520869,0.061369830064,0.078670159696,0.091502550640,0.080958313764,0.061466096842,0.044435596385,0.030355404028,0.015602763433,0.007504045787,0.004036632564,0.004173093750,0.004329553597,0.005448390660,0.009253507004,0.013848253209,0.014683374694,0.012990972333,0.012243109878,0.013728610023,0.015821367166,0.017329015251,0.018178691341,0.028272289915,0.043327200501,0.046420633010,0.055663317509,0.103424437771,0.187333355515,0.213214253812,0.210787903174,0.161579694008,0.151823496733,0.133923936766,0.095970626416,0.074241856055,0.078487076127,0.107027001686,0.123543653535,0.072982006693,0.028446719049,0.009522147762,0.004057512350,0.004997426576
0.044460216428,0.162226231994,0.360131987284,0.424105280139,0.434925883597,0.376678095954,0.225280955877,0.094954523814,0.041029311998,0.040183343854,0.060417496315,0.088146128266,0.099928208306,0.090098661045,0.088672437028,0.081350246542,0.069585264603,0.069121417386,0.089864483630,0.110314067134,0.098939507429,0.070486838543,0.047745272652,0.035053583129,0.020057248839,0.008182483560,0.002435177752,0.001336919705,0.001130266118,0.001701508444,0.005101572371,0.012937142155,0.018599539323,0.017922699326,0.013325648913,0.011715749822,0.013185188265,0.020216270934,0.034571878966,0.048523365173,0.041299771098,0.041466815748,0.056401346875,0.114992785623,0.179136301696,0.166028064771,0.190536633987,0.182014306125,0.229616434790,0.244127959489,0.223158358123,0.169193852455,0.128315343036,0.132267823531,0.143704068275,0.081654954748,0.029500550120,0.009303633660,0.004066041856,0.007494858900
0.124771721704,0.227310699056,0.287317519064,0.264715634897,0.279579498661,0.314395538942,0.252421668702,0.153022418012,0.061922018926,0.037664229610,0.036664658365,0.040821565367,0.050317897306,0.071767029461,0.091416338359,0.088171138757,0.064924841306,0.058189664174,0.073330444400,0.100208778128,0.101532385105,0.073111551331,0.047998555720,0.038522036648,0.027681963151,0.013244662569,0.003694724232,0.001469034380,0.001361914845,0.003875444502,0.016033446926,0.035723308955,0.043735416385,0.037547540136,0.028265167124,0.049760978327,0.055547310278,0.075414022247,0.113723840657,0.124743675490,0.129147012522,0.135814522536,0.142651591761,0.157309600558,0.169474320052,0.153507345365,0.193884406210,0.211276742723,0.275613931612,0.358434117874,0.389941593049,0.298103143238,0.219804626426,0.176270376567,0.155541655756,0.084391682999,0.030674071348,0.011154168918,0.008420384957,0.028817805009
0.146502541256,0.212534034268,0.256193412426,0.227725565766,0.215098032913,0.254915124320,0.259470621693,0.235378856546,0.090698512758,0.037806062992,0.025974154712,0.026393719253,0.043237098280,0.092901276404,0.099018706825,0.086404384454,0.066904493049,0.062354399556,0.074457219925,0.097351045000,0.106466518897,0.093144823438,0.061107202536,0.043780999217,0.037351634225,0.028158156158,0.009176249184,0.003234619462,0.003892817530,0.014311387220,0.047061228728,0.072107856799,0.069519525722,0.065674607122,0.087044747428,0.161076245418,0.140315633521,0.092960847078,0.118685228563,0.144593037249,0.215110581107,0.237774549422,0.238391548988,0.179549668293,0.212356605395,0.169097892679,0.164272073662,0.161913898816,0.239376151370,0.346350886014,0.417701298153,0.333131470513,0.241311317897,0.201771530604,0.177812433395,0.097121362559,0.043201778123,0.018311563140,0.019652868955,0.052397825805
0.171696155946,0.236226930543,0.260823771279,0.202940650316,0.180643206961,0.246122105872,0.305320734325,0.281301403134,0.088960105517,0.033561154858,0.018708501990,0.014752051057,0.024734673151,0.076440836094,0.079709516670,0.075637395742,0.077216662084,0.085193810818,0.093632290761,0.105240619465,0.106297803066,0.083376619209,0.054083574840,0.038378672217,0.031578948090,0.026066805112,0.011118635076,0.005389694744,0.008629365976,0.029856238184,0.058730353556,0.068898298013,0.072369707815,0.068366088973,0.071613885638,0.118894158817,0.141839166476,0.145340309289,0.136196323156,0.096481713074,0.126858800113,0.157685448984,0.277619347490,0.274941239347,0.204623589888,0.104405128527,0.112335196790,0.158083413056,0.276097732138,0.356629256461,0.388819821728,0.302474980911,0.245199773959,0.229273640123,0.196233036625,0.101222928598,0.042151144413,0.019760838848,0.026226213796,0.065702821866
0.155097075678,0.278281866229,0.347737319010,0.233382785719,0.153496330592,0.175594926104,0.225496170534,0.254161245123,0.105379405282,0.042440097316,0.017295480354,0.009552907598,0.008159351507,0.016409527659,0.022004958836,0.035965349834,0.063927640594,0.099135620003,0.138101991594,0.153085710208,0.125321011877,0.069428827626,0.030227377898,0.016633996481,0.015828117154,0.019351760254,0.011986279984,0.008055862005,0.014824897207,0.043732788725,0.067780491302,0.075239380234,0.068310861201,0.048206293881,0.044727732417,0.096039437140,0.143798573993,0.108716351355,0.066862464540,0.037903573238,0.048681888834,0.101166700393,0.215625303902,0.300054286851,0.226421861146,0.098652994590,0.089314985506,0.130881059247,0.276919735812,0.404985124390,0.368840971845,0.233377243841,0.203541009066,0.215232541642,0.196503009172,0.102604824716,0.041244361694,0.020149587093,0.023675563403,0.053102729036
0.211630575146,0.346221681770,0.349038408765,0.203239088078,0.132144998780,0.153824503880,0.184788090251,0.209874538595,0.118364761483,0.058679939357,0.023983962707,0.011299555074,0.007590229446,0.009134036153,0.011280352137,0.024496224637,0.051681569256,0.082215069974,0.125862993667,0.186597208951,0.173340044263,0.071467719015,0.021582581337,0.010638890289,0.012229612267,0.019088782662,0.016722166526,0.015339358160,0.027763406530,0.063956160102,0.077666110725,0.089967561906,0.074924122694,0.035154725601,0.019969615297,0.049417116546,0.162144363309,0.205151601068,0.129271880761,0.066272656333,0.058985991693,0.091494028864,0.167043504191,0.269715187022,0.243212213221,0.112889463311,0.080644628671,0.106149806898,0.260439204691,0.411565912631,0.330729762546,0.233643119924,0.232180788152,0.222165363309,0.172145853325,0.079730418389,0.034501407125,0.020374825809,0.025624037314,0.066530434875
0.283731144265,0.347993390744,0.318484782646,0.231706488967,0.208248584442,0.275304985632,0.236427110372,0.132159527680,0.047743290968,0.029031546742,0.023704475602,0.015642315987,0.009103201326,0.008927237611,0.012026773371,0.028287899317,0.069294452696,0.125316279670,0.162123321882,0.159637072575,0.088133774481,0.037997326003,0.018592006983,0.017970430949,0.026913484642,0.038860361295,0.033114008139,0.034274947369,0.041077665477,0.056172082159,0.066534737027,0.096647944096,0.099512048237,0.046922513196,0.018842004273,0.017075909284,0.034231671324,0.110509272121,0.189363079212,0.150885411112,0.099774086712,0.067570566972,0.059127376412,0.113912750689,0.243996492360,0.303482731051,0.222591180359,0.124221538517,0.139832639073,0.201569293689,0.266100043987,0.308700124247,0.306471315589,0.231457837755,0.152518306212,0.058599095665,0.025069014342,0.018452247353,0.034844470705,0.105771046632
0.191890911819,0.305732370081,0.426543921665,0.447475387402,0.348131199764,0.327849821202,0.138964670111,0.030198815766,0.015552701048,0.019112856864,0.022869671524,0.020397205974,0.012435964805,0.011249438789,0.012072086009,0.022512435352,0.056042753733,0.111241867715,0.157083100971,0.148660865570,0.053721531298,0.013304024069,0.004330597778,0.006685269592,0.028698033147,0.111036256869,0.110969346458,0.075558778748,0.041327339236,0.034766572528,0.042890629269,0.078374408172,0.119618174874,0.064994331547,0.022610004741,0.015490055178,0.014314456684,0.021989131782,0.069647337714,0.116589273317,0.136443311046,0.091887916259,0.053582969725,0.075062549885,0.167974036058,0.331943221707,0.276577048053,0.086832233499,0.045197240188,0.085191933476,0.234113181966,0.350582867005,0.312443558877,0.191647322047,0.119670048332,0.039309133930,0.015939389330,0.011295173037,0.022857401924,0.070276301015
0.119134723322,0.348111844458,0.630868233125,0.589394538260,0.364736969910,0.236974450312,0.093445942260,0.029225685808,0.018746833361,0.022132298245,0.025879338192,0.023987122895,0.014803820083,0.011989626201,0.011618347147,0.020705158929,0.044446080620,0.078495132464,0.121075535745,0.174481362167,0.090299231540,0.015077464134,0.002263253228,0.002296906261,0.009385294199,0.092253281720,0.253205989553,0.220764174061,0.083234784485,0.042319662834,0.030786191249,0.045601753442,0.078089561280,0.060841343760,0.032670735607,0.024797488073,0.020558012198,0.027240221592,0.088257498573,0.152092032713,0.121826380932,0.067529969874,0.056852815459,0.088657959241,0.155158910631,0.229348219986,0.175629468073,0.068382866188,0.041025533987,0.072910540883,0.219977531146,0.366397092374,0.304643993464,0.145887914835,0.072664211856,0.024328438331,0.011729591110,0.008915951986,0.014107763640,0.036396060733
0.047370644532,0.204824765569,0.628821648177,0.660995712100,0.351165497940,0.171074178339,0.072830945693,0.035068049628,0.024488958217,0.024651843974,0.023763810111,0.019730545375,0.012293096541,0.009636251899,0.008813066211,0.013495339878,0.028509531044,0.055192656891,0.100656904828,0.149039217500,0.067090475522,0.009583045341,0.001962864921,0.002368940183,0.006654108943,0.098103676908,0.444069266015,0.395497278373,0.092833128995,0.022772574438,0.009232088190,0.012308501597,0.025814038394,0.037226116133,0.036965214085,0.036397911960,0.030648884813,0.028447634640,0.076224436096,0.103632632174,0.063852234334,0.035229629998,0.032515297272,0.044049632205,0.077789933351,0.128548699539,0.123445315962,0.078464626734,0.059825798774,0.076036488259,0.181192702820,0.278869194983,0.224049537161,0.090266039336,0.029094627006,0.008259142139,0.005659929425,0.006043423045,0.008853488452,0.016153710395
0.027302700084,0.132113270493,0.454767073255,0.555038397211,0.287751596333,0.130675983763,0.072464046603,0.048111053580,0.030845521536,0.024215743517,0.019445590363,0.015451743249,0.010574550311,0.008648391606,0.008037479927,0.011605077851,0.022531401475,0.038048129403,0.069499707718,0.079938991406,0.027673056931,0.005300173580,0.002218580432,0.002897514951,0.006958155409,0.116872279258,0.677186794350,0.484646833397,0.074248903589,0.012118435507,0.003600705825,0.004985420650,0.010677687184,0.023634360686,0.032439139911,0.036350706657,0.036751233531,0.034728722601,0.063130266995,0.081599014036,0.034398514600,0.020377663549,0.026600065773,0.040067499699,0.062720648405,0.083421671176,0.082658489959,0.067949847779,0.057006158274,0.054896505161,0.116849181099,0.187640685757,0.157914478228,0.051541598268,0.012478735508,0.003243207282,0.002467819736,0.002960928533,0.004880453208,0.008847447133
0.019744443228,0.133300172154,0.385811810374,0.261343782658,0.106308190806,0.069428653970,0.070721288819,0.064524057347,0.040826420166,0.025492861442,0.020604189786,0.018433017838,0.013587800577,0.009863489152,0.007954873100,0.010231688539,0.018074659624,0.023040289464,0.026824709578,0.020946829357,0.009884151558,0.006785756116,0.002622789674,0.002489500314,0.005164669565,0.088582197944,0.811748748389,0.677279748837,0.065030496234,0.005595455488,0.001172543419,0.002316428091,0.006599447250,0.017103385992,0.021205809605,0.020376456395,0.022090619985,0.030526874586,0.051871006496,0.072135608641,0.050078793011,0.032012821797,0.034782216369,0.036080458077,0.040407877913,0.048135031838,0.051218223450,0.045160777712,0.037553805766,0.037934173466,0.080124257560,0.128617155139,0.117542073157,0.031700980641,0.006761408146,0.001636344638,0.001300364465,0.001320725394,0.002196273913,0.004263813375
0.011805692452,0.091692920608,0.213719012370,0.124391963824,0.055002384585,0.037919851788,0.052892910898,0.064233948536,0.044096150989,0.022665622221,0.016090297128,0.016952633676,0.020679363395,0.022215731220,0.017565194496,0.013780405560,0.012528048042,0.008935438687,0.007323978528,0.005093957112,0.002411527680,0.001837623767,0.000877947986,0.001244584948,0.005925948320,0.182414597791,1.011876510197,0.426662187618,0.025458728351,0.001824263706,0.000433126019,0.001257786048,0.005064828300,0.014039167434,0.013402133531,0.014324442161,0.017191091782,0.028584070161,0.073184919498,0.083060062394,0.047299973549,0.029565460066,0.024378570581,0.021820216314,0.029745672498,0.039034840765,0.037611295992,0.032446212329,0.030933856620,0.028173492608,0.046194723282,0.062633717415,0.082752759007,0.047297275573,0.015731576069,0.003750705431,0.002454028492,0.001430823800,0.001483232539,0.002184653518
0.007831412133,0.034380655246,0.058764761357,0.050000750478,0.044524665375,0.035796687904,0.042308910912,0.040512755818,0.031796977521,0.019871556352,0.015148873122,0.016792118871,0.027736846725,0.034251813559,0.022495736877,0.009772220158,0.005320099809,0.003338852682,0.002469368233,0.001448816028,0.000761855395,0.000742290291,0.000793741497,0.001394781804,0.007388005795,0.239416167893,1.047834633378,0.267381597639,0.008898937308,0.000464462646,0.000133693268,0.000735326854,0.007012492780,0.022066892650,0.012809455380,0.010096840557,0.016079696019,0.032381213006,0.089416222357,0.100752939600,0.039292108572,0.024763875871,0.027759534633,0.024044192260,0.025024419852,0.024689941675,0.017684080966,0.018737090348,0.028891411482,0.033977315246,0.045261752755,0.041723261072,0.042032543915,0.031468028336,0.023447943984,0.015550397634,0.013696612183,0.004864260586,0.002416325038,0.002146106055
0.010022598940,0.026732730570,0.031980128091,0.022119137154,0.025112855434,0.026472429412,0.036929192581,0.033342805055,0.026070281112,0.015001369535,0.011234581673,0.013798924587,0.028212523809,0.036313157628,0.023440295343,0.009101714995,0.003669296659,0.001476325668,0.000622883446,0.000289871653,0.000194142858,0.000254397482,0.000242676731,0.000624015747,0.010315284136,0.413737435408,1.018573610218,0.179967251417,0.008010257296,0.001203890960,0.000840852765,0.004255009343,0.011730029620,0.012476914501,0.005610968066,0.005254814771,0.011917464849,0.026816636921,0.086183940546,0.115993787428,0.042100250884,0.018919869967,0.016714421769,0.016839893769,0.022440259389,0.023126563643,0.017909212834,0.017283979817,0.023552591322,0.030217592848,0.046161673233,0.038775066431,0.032166378739,0.019531934139,0.017013722983,0.017504077363,0.023056881559,0.010947577670,0.005974485838,0.004199503203
0.016359365272,0.020250912936,0.018415776862,0.009299661997,0.009391673664,0.014904987785,0.030718182001,0.031792899730,0.023277835594,0.010137555557,0.007863378806,0.010892163686,0.020551220845,0.026610587392,0.020167725060,0.007503487559,0.002158161400,0.000634085157,0.000259769737,0.000141491682,0.000105934417,0.000217143096,0.000380279856,0.001255424986,0.021217907342,0.654692693870,0.934350208500,0.156641412577,0.007231548883,0.000796268764,0.000298418256,0.001261021893,0.005595537146,0.010152615577,0.004921096410,0.004994484176,0.013123038617,0.027320939731,0.071158392132,0.086785852721,0.046546070220,0.022985473600,0.013075260356,0.013730309065,0.020011204694,0.018617574631,0.013159548014,0.012715452149,0.019656037303,0.027117176654,0.034003757557,0.025934201771,0.030029580842,0.022566737246,0.016314309908,0.007886552190,0.007086379059,0.006184033602,0.008384539916,0.008414737624
0.021727703615,0.019472904532,0.013397397498,0.007201831904,0.009193021340,0.017198817881,0.032559752966,0.027136457122,0.015277532008,0.006757647165,0.006554695174,0.008805315293,0.012936067855,0.013920429749,0.011771726148,0.006365548221,0.002552061575,0.000921598650,0.000423439391,0.000254063265,0.000454925066,0.000710582142,0.000417628096,0.000688156746,0.024556760425,0.807036227486,0.809697934862,0.105141901348,0.005331965512,0.000865226000,0.000422351539,0.001514203131,0.004397849143,0.006204793494,0.004276161715,0.006631574238,0.016038690681,0.026700272169,0.054618804498,0.054828987667,0.028544234278,0.017964189253,0.011656612877,0.014704378486,0.020651835897,0.019435672789,0.011833893474,0.008583568085,0.012448788149,0.018862599977,0.028802302998,0.027499681653,0.039288794153,0.023623091943,0.012276705114,0.003009440521,0.002303243103,0.003363596702,0.005868365330,0.008548715655
0.020572091498,0.017502664447,0.011475018316,0.007893447494,0.012000738044,0.019745853619,0.032188737037,0.025329515695,0.012812002692,0.006864314308,0.007524391569,0.009009550741,0.010446453616,0.008265486766,0.006190642734,0.004346659626,0.002896427690,0.001639191957,0.000816375765,0.000704096306,0.001820603310,0.002408508817,0.001514950661,0.002383624823,0.042254439136,0.923768118128,0.698080031502,0.055214924987,0.003827556901,0.001538615282,0.001376892287,0.004007879164,0.005317583113,0.003644252442,0.001827858818,0.003232994572,0.012255422799,0.027911842742,0.044323163204,0.033060057053,0.012914049259,0.010512831611,0.011158801944,0.015141272435,0.016953300121,0.016315156934,0.011420378255,0.009289467524,0.012545813959,0.015518131702,0.023170902182,0.024608263017,0.032505488728,0.019400120303,0.012909971555,0.005119662231,0.004622850834,0.005888309346,0.007754767437,0.009164693805
0.014767061507,0.013480940400,0.010024485690,0.007796580900,0.014054169262,0.024763912376,0.034500413594,0.021798537906,0.009799836967,0.006421110573,0.008238692804,0.009305310115,0.008790152548,0.005375323788,0.003483468749,0.003229683777,0.003706925168,0.002976737024,0.001415969520,0.000694316688,0.001752191785,0.002796629675,0.001577369571,0.002792895001,0.068059170334,1.007711411271,0.564737979742,0.031814626440,0.002800353958,0.002202124922,0.002722267327,0.005237258527,0.003403757776,0.001625434883,0.001180958934,0.002461871186,0.010454506697,0.027839805074,0.036632370994,0.020119010700,0.006586216496,0.006232475618,0.009394267635,0.011467267892,0.010058034879,0.013994879232,0.013932906631,0.011318776308,0.011820336662,0.012182272373,0.019089102073,0.019454199341,0.024330293009,0.015558455305,0.011718546623,0.006415491667,0.007053041864,0.008221885476,0.009335727071,0.010196647816
0.016209778806,0.011125447609,0.008891012227,0.009149909191,0.017013688421,0.024987532645,0.028966578368,0.016014024568,0.007890710806,0.006448928027,0.008972884878,0.010150344869,0.009946080371,0.006014033535,0.003518582086,0.003430772916,0.004681961942,0.004357756859,0.002305630569,0.001585045427,0.001971061238,0.001029890466,0.000604233828,0.002187422808,0.071087751143,1.050606802587,0.522215041462,0.025289985586,0.002640750862,0.002536951949,0.003060748063,0.004245889196,0.001841480005,0.000756340972,0.000586579528,0.000937574271,0.004254707473,0.020305673233,0.037130250121,0.017833738691,0.003760885971,0.004340117228,0.008176567687,0.009948478390,0.008875775172,0.013242440498,0.012038132544,0.009806207029,0.010016818647,0.009107515454,0.014132751232,0.014022918090,0.015193891391,0.009263133388,0.008257355411,0.006059419847,0.007136809284,0.008436494139,0.010835441426,0.013706810904
0.018017941486,0.012460703309,0.009865560878,0.009179839078,0.014689197262,0.019907857388,0.022400987647,0.012297304884,0.007823515730,0.007950826616,0.012674076243,0.014335390281,0.014603837370,0.008934649509,0.004890278654,0.003784666590,0.003827358518,0.003047401896,0.002274085744,0.004074098247,0.004340286739,0.001633917469,0.000784545876,0.002405510476,0.060663467403,1.019472806893,0.616425377108,0.035376782551,0.002083786254,0.000969832282,0.000951193875,0.001515259474,0.001168045369,0.000862853954,0.000877828444,0.001334503314,0.004323088850,0.019085574793,0.033566547158,0.015471762622,0.002815030199,0.003480082481,0.007287796695,0.009138653262,0.007792202713,0.012949438674,0.009981720021,0.006305053706,0.005505752912,0.006105878833,0.012082107678,0.012810661771,0.012127876813,0.005783900641,0.005140486800,0.005288952784,0.007847200850,0.009476518570,0.011389727047,0.014143010657
0.018130551520,0.015576869862,0.012444337060,0.009366780862,0.011661086262,0.014087223405,0.018252483091,0.014279129261,0.012743772057,0.012751438059,0.017333243681,0.014499507992,0.012861609004,0.009000567742,0.006403387794,0.004322683417,0.002635878797,0.001371878234,0.001215335205,0.005343785698,0.007728950331,0.002237439099,0.000824455375,0.002244058424,0.062020351887,1.009935954252,0.644395623948,0.039865978067,0.001907015739,0.000779803937,0.000686448301,0.001064692120,0.001068882447,0.001163325464,0.001494292724,0.002218093352,0.004739601733,0.019080817480,0.036988460330,0.014955562000,0.002439483706,0.002864253105,0.005622770799,0.007161853323,0.005961766982,0.010306205089,0.007629610809,0.004672181509,0.004927102597,0.007529163552,0.016055312829,0.013015409552,0.010456001506,0.004789125054,0.004246664060,0.004283580261,0.006955039628,0.008160095393,0.009129277788,0.011614867529
0.019694696326,0.022038711745,0.016768872651,0.011059045949,0.011288331018,0.010758490263,0.013904160220,0.015052513018,0.019580666364,0.020997837388,0.022077925447,0.013102052677,0.011249741132,0.009686376495,0.009041605446,0.004486961715,0.001565573510,0.000755155955,0.000874764459,0.003837824950,0.005203809531,0.001672919612,0.000857268441,0.003024706731,0.066663263040,0.941901217707,0.733384518369,0.049676676925,0.002124624841,0.000751593526,0.000779452959,0.001722881878,0.001967613987,0.002082515373,0.002202346817,0.002658057406,0.004374116539,0.012947061158,0.028418667361,0.014311665556,0.002607764009,0.002148469750,0.003936005597,0.005771088658,0.004945049658,0.006544303674,0.005195831063,0.004647706072,0.006631536072,0.012095724904,0.022904330571,0.015342606835,0.011934330210,0.004206626570,0.002387169651,0.002325970250,0.004650558086,0.006095083419,0.007307736742,0.009759788868
0.014716205581,0.019155435956,0.017762278086,0.012076713878,0.011061462868,0.010740785761,0.015298610155,0.019086605093,0.025331232163,0.024063983328,0.021972940430,0.011632350631,0.009859697999,0.010013019980,0.012294439010,0.006454005117,0.001766441868,0.000678413042,0.000715579345,0.002615081017,0.003885394474,0.004106339821,0.005304677447,0.009229750781,0.052358694737,0.699317263916,0.928334455817,0.104368201082,0.003749203586,0.000908089176,0.000855367903,0.001756664097,0.002571218940,0.002727659219,0.002295046911,0.002447812584,0.003531034414,0.006351293135,0.013517400179,0.012363845512,0.003716991150,0.001860031805,0.002914737599,0.005280221652,0.005004362359,0.003897815182,0.002938115732,0.003906873136,0.007334622444,0.014920277205,0.026455163178,0.018685741418,0.013794812551,0.004268090786,0.001875165449,0.001531147180,0.003134799784,0.005262845069,0.007308428964,0.008225760819
0.008292241779,0.011340156982,0.015779104072,0.015005931110,0.014180141214,0.013126598619,0.017439084946,0.021782445660,0.024380128803,0.021865935595,0.020328152415,0.010426333529,0.008156830396,0.008679624162,0.011278173888,0.008166736740,0.002825375543,0.000974287768,0.000881640720,0.002082370761,0.003341831260,0.004955114602,0.005804956789,0.006621689102,0.029996573212,0.496332518059,1.035764389491,0.184101242173,0.010148352428,0.002110564827,0.001217943508,0.001793875543,0.002336647748,0.002792983887,0.002487831779,0.002219540467,0.002561955524,0.003275842677,0.006199438511,0.009615010004,0.005067064351,0.002486629207,0.002575027240,0.004429801014,0.004990829532,0.004457653045,0.003913614206,0.004440643246,0.006690570610,0.012683631765,0.025135496335,0.021544500830,0.015628777146,0.005741835842,0.003142280041,0.002122624467,0.002699096130,0.003746545898,0.005685661454,0.006092056993
0.005277813275,0.005744936894,0.009466851025,0.014135372587,0.017961223876,0.015265899103,0.017596199271,0.021907199182,0.025691735951,0.023615371778,0.021997704086,0.009565393875,0.006062612050,0.006123318806,0.008570079636,0.007168286769,0.003308200784,0.001489922710,0.001329091501,0.001827249772,0.002443442239,0.006044355946,0.013772351452,0.015883759705,0.021448122658,0.250105089395,1.072905537394,0.362040946620,0.018218348651,0.002187447265,0.001039299484,0.001319304243,0.001894054885,0.002373471026,0.002305358745,0.002037744582,0.002164142778,0.002536823148,0.004404168596,0.008595684763,0.008599141162,0.003463583959,0.002066091256,0.003337283066,0.004364989705,0.003721177116,0.002879474415,0.003866895077,0.005891818659,0.011789927659,0.027331064974,0.026387136995,0.017157062122,0.005307537080,0.002541935070,0.001253907534,0.001290986538,0.002389839043,0.004693398364,0.005191442525
0.003489084888,0.004534149411,0.009980079492,0.016644838023,0.019997372348,0.015287192409,0.015260111185,0.019615509381,0.024819015488,0.026297189842,0.024797112778,0.008114501015,0.003375299285,0.002738973625,0.004792564301,0.006261664062,0.004617643506,0.002510182028,0.001934819917,0.002398747215,0.005128974749,0.009667307153,0.009586734321,0.008863580016,0.008659008251,0.084296198179,0.987690482259,0.634112314554,0.023254622393,0.001929968327,0.001114334674,0.001262887338,0.001741757981,0.002109677543,0.002279373399,0.002700731691,0.002426151216,0.001773227055,0.002270713676,0.005954307585,0.008386073619,0.004959262298,0.001171997929,0.001332424639,0.002170796613,0.002706102569,0.003079497086,0.003992136528,0.004938775815,0.008804311226,0.021778384624,0.024604259187,0.013668736227,0.003854943961,0.002464637360,0.001338115063,0.001088102078,0.001882650506,0.003636417690,0.003787292222
0.002341969018,0.003940241177,0.010458485555,0.014528122214,0.015586754316,0.015653412698,0.017460331548,0.022645691093,0.025209469456,0.022728581627,0.017157992747,0.004763328967,0.001741167504,0.001437105130,0.003031169007,0.006463284784,0.008441536856,0.005677926960,0.004083922440,0.003415758201,0.002807601684,0.003012867091,0.002977587412,0.004720798432,0.009203717056,0.053878622944,0.861330084449,0.816828957303,0.029116340161,0.002068816136,0.000984747324,0.000925771830,0.001158855195,0.001501780418,0.002653639581,0.008325945692,0.009760584123,0.005285184062,0.006339292208,0.014328364337,0.013065785222,0.003566664244,0.001398342342,0.002503158475,0.005102588458,0.006984065514,0.005314147474,0.003096905914,0.002978513058,0.005885067856,0.013681764035,0.015800243335,0.011230871234,0.005638292668,0.007256742909,0.004367410964,0.001857115381,0.001143667165,0.001797972157,0.002001479311
0.002036884211,0.003147687343,0.006594093464,0.006444126203,0.007340849919,0.011789400576,0.021772201128,0.032945411807,0.029187025307,0.017455264394,0.008961589022,0.002890048884,0.001619942802,0.001805835019,0.004534265751,0.009683126539,0.012625660555,0.008962776670,0.006499641357,0.004311551172,0.003445449326,0.004919088055,0.003845023938,0.003854491410,0.005574098955,0.030360366728,0.701516530927,0.964244792593,0.036881651829,0.001560891020,0.000609803612,0.000415290691,0.000388601843,0.000471218662,0.001555012426,0.012122953358,0.022854714440,0.017045424731,0.013403537566,0.014068150672,0.011216891239,0.006253728126,0.003909967301,0.005854555816,0.008618168868,0.008818419294,0.005773450162,0.003656467842,0.003594850516,0.005936972622,0.013017466037,0.018693916326,0.014443311929,0.008441742566,0.011272079480,0.006489421441,0.001730930312,0.000701170888,0.001081664736,0.001549253493
0.005447276222,0.004547108305,0.007048908143,0.006214815907,0.005777865928,0.008348441438,0.021367585249,0.043462202147,0.029415221501,0.009435371834,0.002753967028,0.001089284319,0.001219868818,0.002660148465,0.008803630011,0.017015477723,0.018106006841,0.012217872286,0.008540859912,0.004646813695,0.003031944164,0.004006312494,0.002760252928,0.001600577231,0.001509808143,0.018762119729,0.668415744062,0.996305553133,0.038721740637,0.001653820277,0.000558547776,0.000417877700,0.000463998965,0.000896323773,0.002995368403,0.013086276034,0.021105226530,0.021266284828,0.016926452493,0.014222936074,0.014518253157,0.011709514631,0.006936619746,0.008412781652,0.008948529017,0.009078735358,0.008636278160,0.007318441850,0.007568693279,0.007679092681,0.013394523279,0.019475337225,0.014505390516,0.010869570316,0.015984914475,0.009471188136,0.002486200281,0.001598753348,0.003503591866,0.006019125631
0.010361293597,0.005915110573,0.005474224286,0.004665026560,0.004448926130,0.006608131726,0.020666015255,0.054047803414,0.039238894425,0.011273665395,0.002547238505,0.000881107142,0.001026897585,0.002548724730,0.009662635908,0.022668837017,0.023853762599,0.013589985735,0.008033805281,0.005390170649,0.004777002765,0.005647681064,0.004468299586,0.001589327222,0.000998772535,0.021021528196,0.734158049864,0.941391628606,0.033631595150,0.001531648831,0.000869216618,0.000960408472,0.001424033491,0.002938672444,0.006466634474,0.014304891800,0.022133927954,0.024709313797,0.021758800698,0.015079326730,0.011215885482,0.010279395520,0.010348044925,0.009250198291,0.008415729289,0.010083168635,0.014727744624,0.013841801622,0.013922738399,0.013683967582,0.022296735638,0.027812929790,0.019019055259,0.015315411154,0.021005606726,0.013182236750,0.005318528335,0.004411531115,0.009329191735,0.014232440492
0.014143129809,0.007366567342,0.004423066302,0.003140163377,0.004260635991,0.008803928362,0.025625588462,0.054409644609,0.042952051294,0.015373980376,0.003820058693,0.001256307990,0.001358453755,0.003213672971,0.011096710690,0.022985253649,0.023931189171,0.015333213592,0.010880267436,0.009722678399,0.009980148829,0.008486698514,0.002954016820,0.002120339470,0.003443153579,0.060219079477,0.939719052043,0.737652626826,0.032528157042,0.001913648438,0.001321688380,0.001951417134,0.003406655333,0.006317137097,0.010623317586,0.015164347613,0.021149733086,0.026892943700,0.023195031334,0.017101529056,0.014807776486,0.015665317365,0.014842179676,0.012674865135,0.012429728204,0.015284388128,0.022372575906,0.022109957869,0.024168450785,0.023183573753,0.034032813753,0.033325930385,0.024547629522,0.022019968805,0.026658357124,0.015456917356,0.010808900725,0.011328432336,0.018440278363,0.021998848760
0.015711321123,0.008133634189,0.003878406667,0.002276692180,0.003472486850,0.009408458523,0.027325118778,0.045561405295,0.034113408572,0.013788861288,0.004337823582,0.001850262028,0.002268375857,0.004835556092,0.012972922393,0.018332984727,0.015439931547,0.011913580921,0.012121732477,0.015106658546,0.014041985025,0.005965624726,0.001414428455,0.001565834267,0.007359426183,0.135753952748,1.114551249929,0.479044094695,0.017382669902,0.001852957478,0.002030570422,0.003349901672,0.005926891589,0.009752847483,0.014271260099,0.018504225839,0.025002164233,0.029001682200,0.019981049185,0.013410784272,0.011297591462,0.014818286157,0.021679420325,0.020566463862,0.019837228954,0.020839571296,0.024903810487,0.023758218793,0.028331039172,0.028857292256,0.041657117846,0.036292449410,0.028431911937,0.024741060163,0.028618588013,0.020764102755,0.019886800762,0.021411297767,0.027088892790,0.026105238063
0.015987081177,0.007183002352,0.002903486769,0.001748098508,0.003543135126,0.012276801991,0.032273453485,0.033897580527,0.017168395419,0.006643753680,0.003234905170,0.002386495609,0.003669193525,0.005856475788,0.010146870741,0.009866109950,0.008501890095,0.009521986630,0.011096725077,0.012898218799,0.011382540062,0.005042655719,0.001498524737,0.002164974699,0.011039706719,0.206293296616,1.166743964193,0.254627674769,0.006799577987,0.001527219629,0.002616736835,0.004512219752,0.007217683583,0.011459616579,0.018461532908,0.023540034687,0.027486824585,0.027738160161,0.017750813875,0.013008581523,0.011075373748,0.017044056361,0.028284860758,0.026509180893,0.024224980387,0.024153335303,0.027540295628,0.026491598390,0.030242136313,0.028870154663,0.044887157966,0.042793571847,0.035904714871,0.026591010876,0.026636599625,0.022434411972,0.026410008404,0.032181095090,0.039084974081,0.031832918427
0.017705633937,0.006914344719,0.002201099786,0.001161236437,0.002516678394,0.012537163822,0.042007627434,0.039606991645,0.014626249957,0.003643109083,0.001330982320,0.001093248440,0.002418509680,0.005412318392,0.009615959809,0.007541580193,0.006745705998,0.010039550710,0.014673382294,0.016674006873,0.012942955747,0.005487677075,0.001820756715,0.003445723579,0.023039871617,0.390532676941,1.115443858037,0.136052874773,0.003367215481,0.001293606540,0.002864834303,0.005511013456,0.008243423179,0.011257086028,0.017429306374,0.023537018850,0.032219267630,0.040220744360,0.027710465446,0.018431560146,0.013113827996,0.019430193534,0.033967799472,0.033021489720,0.030113170260,0.030715691731,0.034048558758,0.031202407891,0.034069142449,0.032444032394,0.055156697029,0.061099764284,0.055057142024,0.036645931828,0.028889647815,0.024876487842,0.033456696495,0.045010664656,0.054097396495,0.040006714007
0.019462284180,0.008657298364,0.003157926673,0.001704322398,0.002790456808,0.009637551787,0.032625976566,0.035233531504,0.012661074207,0.002515486405,0.000890812820,0.000747571284,0.001593465761,0.003458217930,0.005680313016,0.004475013790,0.004827862293,0.009140264541,0.016412448295,0.023266664032,0.013600389373,0.003259136348,0.000921531474,0.002482508113,0.032878019568,0.608354950201,1.004733396419,0.062598325572,0.001669728196,0.001366104181,0.003588432573,0.007732590619,0.011543005808,0.013317804242,0.016281164809,0.020134069008,0.032176750677,0.051321564399,0.039207647029,0.024323098820,0.015431000325,0.022947883436,0.042396606816,0.045626796312,0.043108845799,0.043536752786,0.044811032928,0.038256258970,0.042012511605,0.039491710230,0.061380761463,0.068903213600,0.064032058076,0.045930245218,0.040063685096,0.033674072389,0.040410322523,0.055920572671,0.066571577764,0.046348129588
0.019418579907,0.009372245358,0.004259269966,0.002927458618,0.004528302103,0.010367544061,0.024010388757,0.020159019589,0.007202006257,0.001725888085,0.000774540650,0.000619292664,0.000967872487,0.001692279681,0.003202401512,0.003180818005,0.004181544077,0.007838115251,0.011809000143,0.014417501168,0.010405831386,0.004036944293,0.001706228838,0.005675766472,0.062007734237,0.753535211720,0.839436098505,0.035070245744,0.000906159290,0.001309331884,0.003795305510,0.008960594473,0.014501832982,0.015766414932,0.016098696793,0.017679331217,0.028483180900,0.052354189275,0.047335382050,0.030901805548,0.017285928584,0.023964598714,0.045729794817,0.059839187632,0.062808920541,0.060574571528,0.053688195203,0.041169921794,0.046073139423,0.043130364156,0.062911723344,0.072102977099,0.071639568893,0.051790565703,0.047789733589,0.038732646184,0.043343186700,0.061695153892,0.072992969188,0.047716622006
0.018351581069,0.009573466878,0.005217095276,0.004405258786,0.006679029436,0.012481959606,0.022535163458,0.015258812219,0.004723288664,0.001184551951,0.000582485450,0.000452286466,0.000706578912,0.001419350774,0.001942553917,0.001647656704,0.002904748710,0.007208989840,0.012930285162,0.016633046545,0.010422200039,0.003451372426,0.001587171896,0.006957522992,0.086634128454,0.840121308461,0.698043047969,0.033507451113,0.001205269417,0.001183914945,0.003334076793,0.008696058784,0.015929808174,0.017458678569,0.016549908071,0.017609855394,0.026646488272,0.048429005396,0.048546161910,0.036948794090,0.021143166992,0.027645714740,0.049092088183,0.066949132999,0.071718677722,0.066552244587,0.056883461290,0.046279648393,0.056121483748,0.049669098945,0.063212561449,0.068403612778,0.073975046936,0.057008110402,0.056060076875,0.042623895497,0.043177642867,0.060896571116,0.072439066024,0.045670976069
0.017260153570,0.007430460785,0.004448132017,0.004194477871,0.006644055860,0.012018456559,0.018544328897,0.010325544256,0.002825301424,0.000874708065,0.000475069074,0.000338262234,0.000529379010,0.000953478142,0.000748900970,0.000543855468,0.001526227280,0.005782053702,0.012588876377,0.015165957958,0.009058709617,0.003184587443,0.001534568064,0.006528724228,0.096940255739,0.863175002645,0.618245852633,0.029853952245,0.001126028142,0.001222681163,0.003370475673,0.008988452956,0.017560054218,0.019976831582,0.018417579776,0.017887494643,0.021993321241,0.036968752055,0.043798772608,0.043530188279,0.027676154910,0.034500831633,0.051012352868,0.063238555927,0.067314099757,0.066820726347,0.058213684597,0.050391427257,0.063713096072,0.053022192383,0.062893971162,0.063342486951,0.068392516254,0.056082857683,0.059587703872,0.039525734965,0.039061122782,0.060255598055,0.073051441795,0.044788286956
0.015087781465,0.006668177021,0.003691405963,0.003749747278,0.005896983246,0.008398741422,0.011542451886,0.007238540607,0.002432477477,0.000890192168,0.000445976301,0.000227077435,0.000237357166,0.000511388582,0.000538664649,0.000257102969,0.000736911132,0.003719800124,0.010461717617,0.013594934159,0.006740747538,0.002473792846,0.001622116583,0.009323260674,0.124312867702,0.906381433740,0.543043563764,0.020929514790,0.000896942002,0.001572962877,0.004347215583,0.011447449782,0.020444613611,0.019963888415,0.018678801012,0.020586311147,0.024479725498,0.036216735501,0.037118694711,0.039143867862,0.028834534884,0.038637289784,0.058615460467,0.070581312898,0.066855610445,0.061492217379,0.052673039088,0.051103522790,0.065376685875,0.053076778434,0.065394385831,0.070409076910,0.071724986752,0.050813631101,0.048929221197,0.033086346351,0.040670529864,0.065994616808,0.073835201231,0.041060933898
0.016275539828,0.008436708210,0.004678764670,0.003739999429,0.004622623308,0.005587292587,0.006157604301,0.003116654432,0.001424304706,0.000764418568,0.000387290039,0.000171083702,0.000136393870,0.000176236233,0.000235657299,0.000178625425,0.000517984087,0.002503433250,0.007548005983,0.012849779583,0.012177185961,0.007906858875,0.005366245129,0.021381104899,0.181639394672,0.898508998494,0.551629633150,0.027196998685,0.001265296359,0.002016934644,0.005516790181,0.015192310277,0.028306700973,0.025997004586,0.024718327979,0.029891916041,0.033673531768,0.038152857529,0.032074826732,0.038053569375,0.033836061423,0.046645611725,0.068365482984,0.075225717055,0.065212583329,0.061211642534,0.053000982594,0.051178095801,0.062924508919,0.054125576760,0.069980766598,0.077200260214,0.067733121432,0.040467531864,0.039917854360,0.031261972899,0.045562583043,0.071460413214,0.073055408521,0.039422103020
0.019890555342,0.010477320500,0.004404546444,0.002902479614,0.003417433298,0.004509678610,0.004992265286,0.002008382153,0.000927791415,0.000573513709,0.000287806121,0.000123022913,0.000091469735,0.000112274704,0.000223259401,0.000268971042,0.000738383447,0.002668777315,0.007563381787,0.017551509491,0.025446720924,0.021253208979,0.014571082271,0.045240412209,0.256729959058,0.929002805419,0.513554794458,0.022626127174,0.001351479670,0.002590750127,0.006801645609,0.019274256877,0.033216904055,0.027750963283,0.032005679909,0.050859111653,0.062681484109,0.058803164423,0.034058516098,0.031695952891,0.031424193762,0.049903373310,0.075457370505,0.077053483050,0.060211593766,0.057337736642,0.053162956627,0.051065687166,0.056192836708,0.048836959177,0.070214835648,0.087040983479,0.066282165581,0.033819307786,0.033147964437,0.032020498511,0.048854430424,0.067735970807,0.070045040426,0.041097116576
0.017950197248,0.008042397722,0.003167060004,0.002105233559,0.002301643083,0.002916412594,0.002701024803,0.000904482684,0.000553173612,0.000384138029,0.000198070984,0.000088049303,0.000053807102,0.000066830850,0.000184098370,0.000521588909,0.001834422173,0.004605309407,0.010046439270,0.022961935899,0.038283271556,0.041114956444,0.031222966773,0.083238938123,0.342345726593,0.929881023143,0.507400280612,0.029961899830,0.002416880867,0.003948154118,0.008643002307,0.022952514304,0.040920068311,0.038830216209,0.051319433529,0.080233906968,0.085494618946,0.070939346240,0.037677866785,0.032627680536,0.032375988703,0.045811840972,0.069633350335,0.075800045996,0.061277321383,0.061162671758,0.058235690270,0.051139798967,0.052435772072,0.041390947091,0.056204441242,0.074655067540,0.057887483170,0.029573511502,0.026856225919,0.029425298667,0.050843207327,0.066740455814,0.073296688065,0.041101780585
0.015142776126,0.005293131622,0.001728552638,0.001148517827,0.001246534679,0.001593419898,0.001317637927,0.000534714735,0.000415950825,0.000301384194,0.000163658548,0.000080742957,0.000054034171,0.000060698163,0.000223464629,0.001253495557,0.005493573167,0.010838189659,0.016391653338,0.028595227733,0.048316261069,0.069709585190,0.067732730744,0.157661584677,0.433691257061,0.901540407616,0.531442142706,0.041585874677,0.004674029972,0.007160506609,0.013251083310,0.029877057444,0.047918500997,0.048928553129,0.070795061365,0.112621888413,0.109324028239,0.079966721067,0.041114860321,0.037325327494,0.036883815969,0.042029319416,0.060111548270,0.069006372138,0.059559928887,0.058192613004,0.055119369086,0.043571097093,0.039050214702,0.026943917254,0.035274612702,0.057606396904,0.055985732049,0.032963789171,0.028076637061,0.029812334778,0.048540275633,0.059311560375,0.069556537474,0.039873680635
0.010927373993,0.003508899077,0.001193293001,0.000899200999,0.001059138774,0.001340806947,0.001128079736,0.000640761610,0.000550677342,0.000410128340,0.000231079855,0.000115648017,0.000085250713,0.000121642177,0.000499634111,0.003055317872,0.013901383028,0.025519462010,0.032016109307,0.048695222092,0.088424039633,0.142958168086,0.133979945619,0.240135223668,0.483905794894,0.828417316200,0.540875791791,0.070110502921,0.013525414630,0.017063068202,0.023191090194,0.036969001926,0.052299180346,0.058237654449,0.086671924656,0.144958418382,0.145047205281,0.103784533624,0.052676767760,0.043602029585,0.040825755228,0.037434897275,0.042042572649,0.046027822983,0.040404861897,0.036778405383,0.033378711870,0.026592259769,0.027824918534,0.022165915102,0.027875754217,0.050054305320,0.057546897153,0.039433739774,0.031115216506,0.024914596305,0.033743324361,0.042923777693,0.052603249262,0.028975360108
0.005681760687,0.001581691709,0.000568896348,0.000425260148,0.000481140940,0.000695773229,0.000833978022,0.000859307563,0.000951790771,0.000772955189,0.000447798329,0.000207176846,0.000132637540,0.000169206814,0.000607944088,0.003267985312,0.016470535570,0.039154945580,0.058601696510,0.087327885511,0.129643303243,0.191928013481,0.186837546814,0.322457148505,0.569765736859,0.719738553038,0.458300045846,0.121832476509,0.032172591671,0.025380273287,0.022865338388,0.030548744608,0.051135604618,0.073138305703,0.111462556291,0.175663898639,0.185956947364,0.157661224229,0.093899524586,0.077795468698,0.065842489628,0.044277955703,0.036354126881,0.037702361980,0.036911360772,0.036498289665,0.031993196678,0.028214115156,0.040916111167,0.040058362483,0.038114484117,0.049682710958,0.056084373244,0.045812408299,0.028485794448,0.013846446869,0.013570094004,0.016163104841,0.020644053305,0.013540549177
0.006309863065,0.004968541091,0.001024049656,0.000209188460,0.000181188987,0.000251858218,0.000391140831,0.000593639855,0.000782296928,0.000717810100,0.000462507013,0.000234092027,0.000152147149,0.000176962677,0.000487745249,0.001989273124,0.009615520751,0.032460930494,0.068133457644,0.106913193903,0.156097691964,0.229677478565,0.218543660859,0.319824331070,0.464007361394,0.601657033975,0.451085290094,0.154731982790,0.043448710659,0.025061481570,0.016842358955,0.022093141336,0.048260608144,0.093536742154,0.154764985204,0.219028182881,0.221838000567,0.210307329751,0.139368162483,0.102867302812,0.084137495041,0.065576947303,0.058176069839,0.059196428171,0.051559656942,0.042758325347,0.031270107273,0.030048735418,0.055073074023,0.071871504912,0.072631372305,0.076648799310,0.058801380045,0.029497211979,0.010734733046,0.002840115493,0.002025412745,0.002529580580,0.004217436203,0.004393312048
0.011926995688,0.022704615766,0.002852400796,0.000191559394,0.000169384756,0.000192884628,0.000262881465,0.000360101547,0.000430831365,0.000401794458,0.000293433112,0.000172846333,0.000128477943,0.000154400686,0.000394896463,0.001265369243,0.004867845278,0.018937561448,0.064672834693,0.151293559185,0.231449648423,0.241384060790,0.173363348152,0.220700872757,0.355746086317,0.597818283337,0.488979387844,0.169341279720,0.040927436223,0.022340314323,0.015180577956,0.021859223373,0.055701765127,0.118597009565,0.185154181451,0.237905154279,0.231843326895,0.226798752581,0.177115361937,0.149990556807,0.133497370037,0.102377998384,0.086319257812,0.086821269377,0.071891145133,0.053737055603,0.034818417468,0.032701598574,0.060270911426,0.085765189110,0.091481245321,0.089530457333,0.063555485086,0.025618021749,0.006614352054,0.001173220735,0.000585010206,0.000657912661,0.001028138015,0.001732196555
0.010764423849,0.016231401575,0.005768026321,0.000539691234,0.000193016486,0.000202907724,0.000229446710,0.000240380803,0.000230185169,0.000200165699,0.000161195853,0.000114013282,0.000106615787,0.000180363722,0.000658265491,0.002822463333,0.012114185136,0.039448996377,0.105248475611,0.200911390518,0.249939584559,0.211325188825,0.116904351862,0.127602401194,0.256685311006,0.548984214298,0.480189489884,0.179775747466,0.047818315625,0.026489420436,0.017883205229,0.024261573080,0.064249809131,0.132815929726,0.189619951882,0.231478018508,0.229994926207,0.242322666184,0.212811654566,0.195133965440,0.193780976351,0.138351512102,0.105612861674,0.108974436963,0.092251848534,0.063860146195,0.036822536690,0.032941853569,0.066498816299,0.111157895242,0.124354612587,0.098352149585,0.062843800910,0.027339426740,0.008736093472,0.002629738101,0.003116800957,0.003680004167,0.003310720186,0.004058540512
0.005159093444,0.003347231187,0.000788305385,0.000303912743,0.000248391505,0.000252860611,0.000247738496,0.000204830043,0.000164649664,0.000126587497,0.000108302779,0.000122372887,0.000270059207,0.000693680697,0.002614331874,0.011876101470,0.048280268311,0.113846458598,0.190932601998,0.231586058389,0.180412023642,0.108094542200,0.053045218940,0.064327939190,0.185950568356,0.476899717661,0.440558528307,0.199605969441,0.077029483372,0.052864408668,0.031237655187,0.028003772769,0.055954705688,0.098976223684,0.164367200478,0.247954768179,0.283218308648,0.321221039330,0.258384642729,0.213460726858,0.217217158920,0.154178361895,0.115678324356,0.126861776165,0.120602800199,0.083463091224,0.044537286680,0.038004732929,0.075463503174,0.136773694414,0.178568171457,0.129990833385,0.067222421520,0.029476935137,0.027123932889,0.033342444186,0.018235169892,0.012055543079,0.007127105190,0.005063850580
0.002049497482,0.001339262414,0.000454922963,0.000274695353,0.000288576506,0.000342709824,0.000304213377,0.000197003366,0.000134142631,0.000103691121,0.000108485118,0.000226902579,0.000753552392,0.002449400029,0.011297494887,0.045604923325,0.110729285346,0.156762231945,0.171016580011,0.153698823646,0.088187876134,0.038876514138,0.019767136842,0.027593201749,0.113043193162,0.404095856896,0.424848494496,0.199185460062,0.104852907437,0.081051295385,0.039727783778,0.022310096026,0.029523803656,0.056781394705,0.160556860577,0.333484919354,0.359402433818,0.344580349556,0.254944825019,0.215877556355,0.217100535669,0.161029919764,0.136747202884,0.158293034605,0.151192833682,0.096234346340,0.048343364364,0.042402663156,0.077142061812,0.126724235794,0.197451601222,0.167887286068,0.082632219623,0.031173430465,0.027544404667,0.037491115156,0.021238901406,0.006257826235,0.002039030336,0.001381281787
0.000519366156,0.000755976865,0.000342236775,0.000208718280,0.000315971904,0.000551699191,0.000496869284,0.000232739488,0.000135790743,0.000114156904,0.000159197923,0.000524275433,0.002271479165,0.009126369623,0.042955065502,0.112110287390,0.135644451473,0.137164471235,0.122142586044,0.093201948183,0.050224804502,0.023399103661,0.013297101595,0.024149320674,0.082945574128,0.403632728606,0.533842956448,0.226407560265,0.080876270657,0.063015717060,0.041051865914,0.027216647985,0.030987515610,0.056974245513,0.186407252849,0.405171005751,0.388991733435,0.293153600162,0.203117169389,0.207539864296,0.254091784736,0.221123545474,0.181295973512,0.171522330670,0.150711574840,0.108790323057,0.070710179907,0.047686212758,0.051078596678,0.063150520614,0.121672373074,0.165179905295,0.123382532630,0.043545794258,0.038900800769,0.048639471859,0.014687261587,0.001022239716,0.000169886269,0.000111360436
0.000130934007,0.000121912071,0.000120443167,0.000182767863,0.000500629014,0.000900195967,0.000640530567,0.000228319524,0.000169667218,0.000185935711,0.000302613167,0.001099140910,0.004387403845,0.014629622561,0.050934208268,0.090484661062,0.103662935454,0.134719029801,0.141677720725,0.106037684080,0.052105737479,0.025014960567,0.014726861573,0.017733447278,0.071542570397,0.455551409961,0.625417889163,0.223797341986,0.042227682940,0.023299873882,0.021911577494,0.027432527005,0.039158780086,0.073632211062,0.207202481827,0.385926525847,0.360320820665,0.268774680218,0.203057632467,0.244057669195,0.283217668578,0.221382392438,0.152237561334,0.123153592282,0.111936857047,0.108555405353,0.082671063602,0.047334802880,0.045395653836,0.049439119508,0.081425451774,0.098306306766,0.103510109124,0.058162479966,0.051566532988,0.020140293471,0.002708696508,0.000170734120,0.000050000000,0.000050000000
0.000229144192,0.000546622755,0.000531089570,0.000613507679,0.001082564682,0.001267209466,0.001021691546,0.000517064539,0.000417916159,0.000473969410,0.000675133108,0.001255628237,0.003228727180,0.009997004067,0.035394220443,0.066983982099,0.088127397892,0.137920946900,0.149155079563,0.096161743602,0.053512224025,0.035406937666,0.031102541692,0.037328425476,0.100809138242,0.515652770834,0.616409105859,0.247814806748,0.067859255328,0.022238437713,0.018324919503,0.033145370593,0.053106311975,0.101850864562,0.219661071069,0.309233515649,0.302931326834,0.291184892795,0.269961073824,0.305786362766,0.241396583968,0.159787654023,0.115345621700,0.097578520693,0.108668369998,0.124514633662,0.082599072240,0.042194285205,0.035989317286,0.032960431169,0.048238071788,0.046839328329,0.059853994762,0.050072032821,0.038274648246,0.010595397862,0.002073832052,0.000285700742,0.000107253144,0.000076870196
0.000699892880,0.000960837912,0.000425823312,0.000450998215,0.000918524334,0.001267289310,0.001586063582,0.001947384315,0.004385341456,0.008409426090,0.010622506381,0.004956425529,0.004370478290,0.007778392259,0.024374175550,0.047810341346,0.064880069962,0.105981665041,0.133219613752,0.107652808644,0.076664556837,0.048500181077,0.043391722873,0.054716051793,0.135765262718,0.565405623015,0.627609531141,0.231041184595,0.075852970214,0.041481942676,0.026873242242,0.048334784171,0.078280449273,0.128374989519,0.195714436020,0.227481287877,0.260341130205,0.322373043295,0.329334765007,0.335152652191,0.210519589586,0.139008135030,0.108957509478,0.091558862510,0.106767670191,0.124024578450,0.076396941376,0.039388173332,0.033101643073,0.025960525025,0.031647943396,0.043055292395,0.059395500086,0.037823651110,0.021076836793,0.005425404236,0.001168670136,0.000273901305,0.000184609386,0.000208379402
0.000418658395,0.000878698616,0.000374979013,0.000234489949,0.000393524615,0.000760039621,0.001478631768,0.002468303794,0.004525037656,0.006292754052,0.011591826347,0.012570193948,0.012455893486,0.015942973174,0.032648398181,0.037382291278,0.047262504110,0.084423650151,0.123666920240,0.112467008046,0.081468752156,0.047522062715,0.050483681515,0.075844098306,0.150548396456,0.557318229246,0.712002040333,0.307471111753,0.101390115003,0.055033249525,0.039627956148,0.062172604263,0.092816298261,0.143370567551,0.184836269725,0.198005965327,0.234022877102,0.288449623139,0.301379059424,0.321136241368,0.187032320321,0.121360689161,0.093908080640,0.089823267292,0.117844707025,0.122192966830,0.074624790422,0.047631636489,0.046012224105,0.034930217864,0.037636905513,0.047962160637,0.058311121632,0.037918692716,0.018010800407,0.003962050894,0.000682537542,0.000174286433,0.000145522997,0.000161196218
0.000226098766,0.000151572330,0.000066488990,0.000062789203,0.000081979771,0.000200878628,0.001505758453,0.011385446736,0.034952779862,0.027937824417,0.019101987978,0.017077180383,0.018986719758,0.018698954421,0.026957878765,0.021020705710,0.030998100746,0.076952592314,0.131400930047,0.121876365925,0.094731459766,0.062420383602,0.076662814663,0.113284231373,0.216835367193,0.671154816769,0.696974388125,0.344901132133,0.141167869504,0.099617262223,0.076457575450,0.094100720308,0.115888581992,0.158918624335,0.182940788618,0.190018841645,0.204207533681,0.231716774560,0.234087080359,0.283668295112,0.178037857730,0.123730464634,0.098936694091,0.107218523951,0.139274004323,0.139079511917,0.081210423232,0.049785876938,0.039853531342,0.026776830051,0.023443617817,0.035098051249,0.096099052079,0.072394932053,0.018318090238,0.002221721641,0.000407564544,0.000128928666,0.000108415390,0.000156016045
0.001495425052,0.000375021828,0.000082219818,0.000064685368,0.000084335963,0.000212784221,0.001913826994,0.014782421951,0.048546061395,0.044733553627,0.035049044551,0.034608298348,0.038260731062,0.021163043268,0.020489808780,0.021596861953,0.039726218486,0.102771359482,0.191321186563,0.192465110402,0.166592563816,0.115127784893,0.136575465259,0.164688920068,0.292048340927,0.661231603522,0.654699020856,0.437738469665,0.220667844583,0.164935264591,0.145070025847,0.163790842223,0.147839995552,0.130141207603,0.136078349571,0.171458406413,0.208145388853,0.221987444463,0.142655329843,0.156510924090,0.131860310685,0.125591996966,0.128101934655,0.149162005952,0.167267425173,0.138066997362,0.071437012054,0.037420129776,0.025139408661,0.017739936148,0.018467413719,0.030840562002,0.089620390246,0.075072109988,0.021875236391,0.002807626152,0.000443303869,0.000668457639,0.001665619628,0.002217290985
0.000804318931,0.000234000067,0.000087217748,0.000065514053,0.000118287449,0.000863090432,0.010428998853,0.028329689499,0.028572576411,0.020585382750,0.033841657376,0.061861886068,0.051746584045,0.014313888155,0.009185411035,0.013121124487,0.040482694162,0.119456193698,0.245348274937,0.278638242517,0.258934328031,0.171971803029,0.184118958638,0.186354321609,0.275042637911,0.511797632063,0.540818948496,0.434836768561,0.269863696633,0.237449467906,0.233985912580,0.221882713001,0.138486246876,0.074660757902,0.074840400528,0.130901332020,0.228991573407,0.217989664396,0.071580393221,0.049236075249,0.047208665715,0.070542278671,0.108295801851,0.162532072699,0.173864872700,0.120621244320,0.055462916393,0.025245982522,0.015068038450,0.011006246241,0.012306596643,0.020291826421,0.044901150313,0.057492840270,0.030784836041,0.005789562599,0.001171640949,0.000790320509,0.002081966006,0.006512454702
0.000337921381,0.000164583422,0.000069502381,0.000115410316,0.000512912635,0.001913450960,0.005690116540,0.006629558999,0.004911644674,0.004160894590,0.012062456124,0.045228164028,0.078562321525,0.025776972307,0.007461597857,0.006267737893,0.016783696828,0.067597923266,0.224419678318,0.372856393015,0.332200771850,0.177889837270,0.177456141417,0.179165551999,0.232813114127,0.385886416137,0.365993245691,0.325996480965,0.290613927810,0.318829404716,0.323114629312,0.248443778451,0.119893114735,0.054772567026,0.069927254367,0.169446962601,0.237375252962,0.157093401178,0.057929607174,0.045756804952,0.043624964176,0.054721839052,0.088141208741,0.157952883320,0.179490590791,0.112016010071,0.040346823061,0.014302162128,0.008442122204,0.009694874223,0.014023644867,0.017575101074,0.030835417614,0.028310373369,0.023718681725,0.006968984849,0.000892585727,0.000227304135,0.000278279853,0.001134060928
0.002845157869,0.002409908760,0.001180961421,0.000824404872,0.000370756214,0.000343055639,0.000798764788,0.001642530458,0.001981676842,0.001263325147,0.002975462872,0.020746195455,0.072230648763,0.045721990398,0.014998319233,0.006430871251,0.010925663084,0.039064422642,0.168183059255,0.375854107946,0.386059740139,0.188738054448,0.159460831875,0.156935178457,0.212686722055,0.330380380961,0.356775884435,0.338469441122,0.282571200404,0.321178740438,0.297844553289,0.210188152232,0.112094903310,0.061979965826,0.089738207087,0.202475460500,0.226165702647,0.146525755435,0.080079602503,0.108251640020,0.105681342532,0.083084154410,0.090034193663,0.126069559039,0.136402361560,0.090903149761,0.040168958234,0.018290217610,0.014392484285,0.016976776104,0.019008482639,0.020760262649,0.022846317815,0.013332355707,0.014348576231,0.005418704226,0.000716175405,0.000211878863,0.000271771062,0.002681302796
0.009926648883,0.019669861034,0.006389277227,0.001606306339,0.000717250454,0.001263047743,0.003953814557,0.001579570926,0.000251652212,0.000330661198,0.001370377931,0.008863479476,0.043050385670,0.049167237710,0.022562282808,0.008883274441,0.013015029933,0.045259065710,0.150084401120,0.308119005525,0.337809933120,0.176308222212,0.129599315827,0.113690380943,0.180784881332,0.435459429992,0.428985549364,0.221835666006,0.208955780492,0.291586445227,0.288273981328,0.251377041131,0.190515789518,0.136261517714,0.150566420637,0.206115552203,0.209733806589,0.210396186339,0.180666089115,0.160709371351,0.078676817640,0.054025483718,0.052265736377,0.062324451096,0.073035622191,0.067107681230,0.045922841391,0.029494328995,0.024339708306,0.023838850987,0.021798488310,0.016890318418,0.009284167577,0.003533750690,0.003817724346,0.005569792663,0.003634154578,0.001984774287,0.001418392328,0.002657129956
0.009817569725,0.009409798159,0.005019232062,0.001910743588,0.000698542039,0.000548161300,0.000871527528,0.000517375869,0.000941038667,0.003319391548,0.010518653427,0.024150409606,0.042818303328,0.050050601889,0.050421659241,0.027212292515,0.026960811050,0.059867285756,0.115115753439,0.173517739201,0.200208325871,0.124697841285,0.088489507499,0.085678939545,0.201976481886,0.541007671346,0.405455541001,0.180810756526,0.140743945516,0.200151284666,0.265669736872,0.332935067122,0.326531607997,0.251549197701,0.233034795722,0.240420861043,0.201268685530,0.232807110683,0.286977290856,0.203488882863,0.098394330135,0.044493185729,0.029061960463,0.030821940764,0.056922573279,0.086107986982,0.076895688303,0.046360639667,0.033281342998,0.029881790006,0.024825189361,0.015371787326,0.005625844542,0.002163117853,0.002154287681,0.004517219161,0.005609500078,0.005726349301,0.007498922942,0.012188342235
0.049077863018,0.052657279511,0.023662359823,0.009568167022,0.004454045040,0.003335466923,0.002835055633,0.003372145612,0.007732911433,0.023441447563,0.046898263217,0.074469783519,0.100620304701,0.111296566000,0.096516553842,0.038266472455,0.029850878930,0.056944640529,0.117131332042,0.188556124755,0.174720416620,0.082376862591,0.054694049437,0.064785955080,0.207017350071,0.636352351760,0.468955481813,0.199855963600,0.112957973851,0.128593461178,0.205362665564,0.363406260295,0.433988043846,0.307079877264,0.224815581490,0.203811752955,0.166505838060,0.190331984145,0.223134470600,0.193126493039,0.101155990883,0.037749531218,0.023063533582,0.026935152858,0.056097972177,0.070587828953,0.051419930879,0.034937599480,0.035650736620,0.046348600782,0.042190409505,0.023758628731,0.010078828232,0.006218491996,0.009389307212,0.017299503940,0.014395842739,0.008527972493,0.008331149963,0.023001891919
0.133116492056,0.123726949561,0.065519909793,0.031575055440,0.016131862210,0.015436065358,0.018266287323,0.027618286311,0.045241819238,0.078782674454,0.101563074304,0.151997323654,0.175289946493,0.157972560179,0.116582613062,0.055066546358,0.049745998973,0.095182403289,0.178624590824,0.230679269837,0.161305246065,0.075442423150,0.052085834503,0.061356572156,0.179568966435,0.605158700385,0.479367823797,0.240948412684,0.156968246520,0.155328524439,0.231415172576,0.416497402958,0.510513681031,0.324073711303,0.185335162729,0.141229308686,0.116735964926,0.123307295960,0.165506590385,0.205724051827,0.157494808953,0.072510569489,0.039686819255,0.030433749868,0.037703749314,0.033177677446,0.028326659398,0.023096178983,0.024913266874,0.033587848218,0.037443314516,0.028602435975,0.017556117478,0.014284273778,0.021945503713,0.040272404696,0.039972005017,0.032961689810,0.037895807471,0.072337810140
0.240335486825,0.237631789197,0.174521859084,0.095497777194,0.049062142763,0.050384678753,0.067547473710,0.121665946525,0.157442786656,0.170721913549,0.134303486933,0.135026755623,0.134258190594,0.154571725298,0.143459604432,0.085486444456,0.077244165383,0.127463774414,0.210556866264,0.245463086108,0.161341775614,0.093301298149,0.073089880537,0.078866636675,0.147689493032,0.379877933477,0.375789908486,0.254042735257,0.208302886350,0.202616829574,0.281034619215,0.439942194531,0.466993032525,0.271275047104,0.150548447446,0.120358139771,0.114598950396,0.115270983583,0.143278677065,0.154987886451,0.132619760995,0.069826785431,0.034569177126,0.017542562593,0.016009981797,0.014907192697,0.019233234988,0.021710294390,0.028261052814,0.040314292415,0.046580386960,0.038078698539,0.024646655487,0.019442118450,0.024917410473,0.044693959578,0.059602385422,0.083141268216,0.108620914704,0.151599743561
0.315660632022,0.333482980095,0.305910931747,0.190043691487,0.102382974259,0.114850225163,0.172173053841,0.312974476407,0.286026430311,0.181306250032,0.095553746428,0.094836036215,0.125037212071,0.168728822211,0.134238651436,0.087853095521,0.093227306402,0.152313442322,0.232161639497,0.240058471031,0.140669810955,0.083316817111,0.063850363254,0.064558457602,0.084591993587,0.141018066432,0.188023859442,0.190555298044,0.192038580671,0.202033580832,0.261555840130,0.310500374120,0.267754577626,0.158767505293,0.104434222674,0.093923405666,0.097970728911,0.096508760133,0.095697728929,0.072805795936,0.052875297821,0.039567398235,0.030366752295,0.014607887807,0.010368274626,0.011198247082,0.018777215723,0.024123140395,0.034664310822,0.053451213669,0.063959680841,0.053392532449,0.035438504896,0.027118561794,0.031301765759,0.053922243611,0.073093581752,0.118695831402,0.169483024746,0.220640900093
0.330674530050,0.359720656093,0.380612892468,0.292282880614,0.186156864893,0.187364369032,0.212474321215,0.329171866538,0.278033471283,0.164567718919,0.070415140827,0.055616566409,0.074521282390,0.154705072974,0.194102776713,0.160290685807,0.147020311240,0.158204943754,0.170982752150,0.157739360039,0.102484618529,0.060586621484,0.035473872370,0.028421860814,0.032827795382,0.057454536234,0.101503308187,0.133297516261,0.151659943836,0.150548200510,0.146707296096,0.125289549543,0.111862225345,0.087057011923,0.074125169600,0.067453481463,0.063459200985,0.061066660192,0.058793621544,0.050871032736,0.046639595063,0.053758103722,0.074599358415,0.057058548292,0.046073479028,0.039824399665,0.055013939033,0.060603484635,0.064301192949,0.083165307245,0.093002733064,0.080493625434,0.059843482161,0.045203485744,0.046525702095,0.074210554993,0.088961647276,0.133541869854,0.168745055296,0.226418773992
0.308134468050,0.322467044354,0.363575349674,0.323625541906,0.253665647272,0.249594603558,0.206068085458,0.244430239558,0.182233202082,0.113756941251,0.052198237719,0.040517170925,0.056939256859,0.133668568667,0.220307625339,0.247127282399,0.218208570742,0.170819483439,0.129584056848,0.104716856586,0.067745002616,0.041539852119,0.024765450370,0.018621003716,0.022078838852,0.039967340063,0.080361820335,0.140887453247,0.142689081953,0.092662620852,0.060334963981,0.038724102591,0.040354308432,0.045282489155,0.057991694701,0.066355232740,0.055554634601,0.046765661355,0.043011256401,0.041473531221,0.055556673870,0.087557837672,0.155716788575,0.148330748831,0.128580133866,0.093668342168,0.087468603968,0.089402378501,0.090064865100,0.109575968947,0.118970354555,0.112591292017,0.102106205409,0.073939222910,0.055608935134,0.059957969656,0.056319246834,0.088563193446,0.132630138382,0.203928611686
0.285996826696,0.281470205844,0.329677251176,0.338749973032,0.302189963422,0.278214817779,0.194410419738,0.195898338758,0.134383664903,0.084984022073,0.041715735129,0.036188108836,0.057468980793,0.139904131565,0.238170800117,0.262085679086,0.218165088705,0.192143746273,0.169431526980,0.126124579745,0.059494909302,0.032234362794,0.019774371107,0.015332540259,0.018976368204,0.032474734577,0.064706123528,0.128388782310,0.128949655255,0.066914761683,0.033027814244,0.016370180404,0.018770404893,0.028005555959,0.053603165518,0.082347622798,0.070912399055,0.060406013345,0.054000989600,0.051127475488,0.068914381671,0.098865655975,0.194442176686,0.205689145054,0.173712348049,0.123439865462,0.111163424564,0.136435231456,0.123083250951,0.145998148241,0.171505463920,0.176568549637,0.169311327687,0.117676659159,0.072563633908,0.049757828715,0.034671255513,0.055898719232,0.105614157919,0.190316953325
0.350669320081,0.267129866605,0.273213018537,0.317135132828,0.339682933131,0.294041222952,0.181594566416,0.162994011444,0.111885782912,0.083353776061,0.052359946137,0.055002307203,0.082558900446,0.144967811938,0.187059562886,0.208474987474,0.183199540991,0.171256196896,0.136370927878,0.089733981575,0.045352555538,0.023971666474,0.013024621655,0.010391970318,0.013656151529,0.024120485995,0.047942622466,0.092577832320,0.102712485577,0.055960150169,0.021800646215,0.006475464248,0.005178413807,0.009696208246,0.034205476108,0.079200342166,0.070993043191,0.057136665418,0.051834298346,0.050755677794,0.058089524253,0.077089500066,0.168990123111,0.184928024207,0.129357224819,0.066665431378,0.047756456722,0.058870626491,0.084621708390,0.133880528101,0.173862510891,0.206360550044,0.235755257249,0.150218331393,0.072684130808,0.044460532939,0.029318646969,0.046209555916,0.114619775481,0.254386917676
0.476394243331,0.319141047892,0.259499753797,0.269056354791,0.300392334225,0.274921284710,0.180333377283,0.169527982497,0.116816240013,0.093630946832,0.067046663922,0.068808497475,0.075696653959,0.083875253035,0.077664392498,0.098023421160,0.127507050904,0.151015972542,0.118137304605,0.062971242503,0.024029319150,0.010625405863,0.006479296360,0.007471216848,0.010388951489,0.015091336585,0.023453637881,0.038736759745,0.050074832837,0.034391613763,0.012232628279,0.003728637953,0.001179303641,0.001098777867,0.005999924756,0.032875269981,0.048147087637,0.040066007315,0.030031162056,0.026980463610,0.037543281054,0.064694133790,0.126220089072,0.077114051999,0.025566133766,0.008438018838,0.012226716346,0.028101603137,0.060712023260,0.123955750659,0.196392613991,0.254798956454,0.313489105806,0.203792456399,0.099844552798,0.057949593352,0.035283389979,0.051411631071,0.132364868228,0.335167388373
0.493182586389,0.344878900815,0.228759941793,0.180677926307,0.211871125337,0.256473120138,0.203435097998,0.194468128687,0.118420588604,0.090494106311,0.065030188776,0.057126560313,0.059320789183,0.053449924053,0.037195156773,0.043197177543,0.075695978945,0.134327326822,0.117970023420,0.046701255664,0.012206205018,0.005109823788,0.003962286961,0.005772542672,0.008769638278,0.012537402178,0.018583975969,0.022081133124,0.021147646616,0.015503469086,0.011003966359,0.008458319286,0.004670732239,0.003143448481,0.010014185016,0.038761262879,0.083554765694,0.087756947024,0.048333400633,0.026641263161,0.024495335909,0.043686428755,0.102985176440,0.046798518726,0.010094073550,0.004084690104,0.008567510009,0.022404415086,0.049950453394,0.104835369997,0.201992275858,0.305812050156,0.360068570873,0.202913008349,0.100103421963,0.083184146509,0.068422628048,0.085060013657,0.169329613369,0.360028205767
0.491889488186,0.337938331929,0.197164593507,0.136067914503,0.167347252779,0.231043838937,0.189521945259,0.165487680874,0.090808911959,0.063405387306,0.047700953669,0.042114315712,0.042697889087,0.032375343446,0.022417214359,0.030318182140,0.059704014395,0.111716591840,0.084392878924,0.023673319424,0.005675750094,0.002739175091,0.002652480841,0.004429798660,0.007041165454,0.010918637547,0.014937100338,0.011324352637,0.007874685857,0.005168384531,0.003697919923,0.003917933464,0.004763860335,0.006211222612,0.014899571363,0.041682929646,0.100780064472,0.125061382258,0.066148985179,0.034353195814,0.026671262909,0.040067252425,0.081097298742,0.033314585632,0.008397351423,0.004188745973,0.007392233732,0.017760828025,0.042853772244,0.089462412879,0.181548165480,0.320329529280,0.423733146375,0.214837959225,0.095135095067,0.071809446840,0.074366056757,0.117780258938,0.207140711849,0.364314166826
0.497740525517,0.347807602068,0.190379515840,0.115002103453,0.118901272658,0.156915604784,0.143114435741,0.128180587735,0.076354646004,0.050829802147,0.035595780602,0.027807870729,0.022967385541,0.016278068314,0.016939976479,0.030790667945,0.058774296024,0.085364294219,0.045169687368,0.012643015040,0.003657321414,0.002077668505,0.002367664686,0.005515265809,0.011852338527,0.017320481688,0.021273182761,0.019621279980,0.012751971018,0.005111036700,0.002221025339,0.001773014686,0.001634266502,0.002414024875,0.007846266751,0.043087639399,0.175391824531,0.226619524281,0.095609713171,0.042986831168,0.029221161007,0.037245757782,0.063976004550,0.034282883699,0.015842113831,0.007772305426,0.009406077389,0.018470086542,0.042441503536,0.083242438003,0.160917815131,0.312261204038,0.458224290805,0.222968717952,0.098304134773,0.076750071440,0.080372904603,0.128204688307,0.210116901203,0.339719902304
0.499680677254,0.374097484292,0.181615456186,0.079628794902,0.061136573370,0.083630427572,0.104256399898,0.110616821629,0.073920101381,0.046975389271,0.026845522428,0.014258418456,0.009615088664,0.007975986076,0.013199396334,0.029241318234,0.049260678479,0.055978944345,0.029175478008,0.010366128763,0.003973281009,0.003266144114,0.008310855150,0.019374472164,0.026045020754,0.022028783053,0.017888027035,0.011343053013,0.005748971163,0.002596104641,0.001298749967,0.000673784406,0.000421550904,0.000895905311,0.007141244828,0.096281468030,0.348713579562,0.310863587261,0.096291961677,0.038659764753,0.026720073975,0.032429280087,0.050845792529,0.043905232555,0.035098251789,0.020238612828,0.017792249155,0.023731685913,0.043101316359,0.079132545735,0.152481484101,0.277926847816,0.412180914898,0.245463226478,0.136800661100,0.107525725930,0.084203646636,0.095799639736,0.140549621306,0.265947913352
0.461687492804,0.388712317235,0.170089910104,0.059124344862,0.037894092964,0.049647163403,0.070931549885,0.080277962471,0.062453909105,0.039734496065,0.017981267189,0.006697364624,0.004738930697,0.005660706247,0.010211826998,0.019345752548,0.028870628602,0.030713462054,0.018823802312,0.008107269914,0.003678067216,0.003405991573,0.007847493692,0.015125324026,0.016248654309,0.011651418716,0.005692366659,0.002481886818,0.001355263019,0.000631460629,0.000418906653,0.000308806822,0.000367504287,0.001797388698,0.015567284346,0.179011754845,0.453189660522,0.292907493101,0.081532189550,0.028672178026,0.018855461847,0.024421474586,0.042980693181,0.055699144401,0.067924979423,0.049074469147,0.033959010521,0.030995691468,0.039622499291,0.063681746040,0.126720227725,0.236442070018,0.389943025568,0.275723045788,0.159154962010,0.115443223132,0.068718577768,0.065521627539,0.092714506248,0.198558475381
0.416835458795,0.321564815421,0.128973465984,0.053065276914,0.038555313322,0.045922450497,0.054840153812,0.051016519604,0.044183372443,0.029401769298,0.013219620647,0.010773772496,0.006463463855,0.005758124031,0.011273545755,0.017229271476,0.018950731470,0.015918964921,0.010035488630,0.005363729164,0.003226222735,0.002724749233,0.003464944069,0.006809111825,0.014517935229,0.015224050800,0.005445545527,0.001195557425,0.000556768247,0.000384112233,0.000366132211,0.000328174018,0.000421807235,0.002007802598,0.022839881606,0.279606217144,0.602599172234,0.278319709034,0.067619367177,0.026669686811,0.016185104759,0.018680459564,0.033185150740,0.059518458940,0.109887750038,0.096901962922,0.057709021900,0.043399369048,0.041118475403,0.052604948801,0.092719222568,0.174135045161,0.376634364631,0.319229865767,0.173951887354,0.108649711997,0.053734587208,0.045742973465,0.071104554194,0.171448372284
0.429260396857,0.287542774677,0.091356043531,0.037758367763,0.033732226321,0.047179838512,0.053490984429,0.034398687214,0.023544274521,0.017735719048,0.019292050292,0.029335638209,0.021015705026,0.027803274571,0.043479212818,0.023946704539,0.009540676457,0.004683910603,0.002723304116,0.002146299457,0.002017641846,0.001525841298,0.001590141531,0.004882982199,0.015030067560,0.019439943499,0.006334140741,0.000979382523,0.000411615523,0.000329806028,0.000348630873,0.000313799456,0.000313686106,0.001783008502,0.045842557443,0.494383500183,0.571215179500,0.154919165649,0.054896529804,0.038530779749,0.025451826648,0.024704658240,0.030585159593,0.055781133940,0.134206427247,0.153091364812,0.090346036035,0.065119629492,0.049744909067,0.049645050710,0.071120600437,0.125668587850,0.325707088426,0.326714725926,0.188152116625,0.091825367644,0.032014793968,0.022708803974,0.043744124634,0.148865140506
0.410764279240,0.217351926425,0.055726399300,0.021343955001,0.022741320397,0.039645101557,0.045879848013,0.021795806323,0.012071661143,0.011697144717,0.031370290515,0.039932084739,0.040208298400,0.051249439083,0.062796178558,0.030442498005,0.007911424931,0.002906139459,0.001591867235,0.001459500275,0.001622925426,0.001216041399,0.001247655261,0.004013543543,0.012930098750,0.019418051234,0.007855505260,0.001097520389,0.000379667781,0.000339796978,0.000369061616,0.000317046238,0.000300661850,0.002851532442,0.098120687021,0.721760429623,0.400870459871,0.075388554747,0.034723041859,0.044694407959,0.048865664949,0.046535517287,0.043909071744,0.062626789506,0.138655344317,0.169627351648,0.100803648036,0.070399703170,0.049496559301,0.047957839267,0.060669623842,0.091859801324,0.225052848790,0.246219271344,0.154920831421,0.059622296826,0.014573824297,0.009666562538,0.026556424706,0.132098882801
0.337529796829,0.136956582890,0.032823095467,0.012925605850,0.016166177750,0.030513390432,0.035590145561,0.015928969322,0.009403421504,0.014614755473,0.041538968149,0.037662409396,0.038117224062,0.044816459145,0.055093064627,0.039762284369,0.011300449614,0.004795379021,0.003905398514,0.004850572643,0.002834120252,0.000897038348,0.000891399378,0.003212226982,0.010710647339,0.018371141045,0.010929181446,0.002441839395,0.000757150353,0.000584101400,0.000593978339,0.000419795290,0.000329773178,0.005732773265,0.224820884457,0.854125764898,0.230664450224,0.038815217676,0.023549171863,0.051834790472,0.081597425725,0.078729787428,0.063866750585,0.066941798533,0.116257919437,0.152956357674,0.111220701078,0.080930796758,0.047734163390,0.040988284337,0.049226408833,0.074875985963,0.166074098537,0.153278104064,0.082107838958,0.029535518136,0.007971366224,0.006620261696,0.024139249221,0.129204618045
0.224418470249,0.051172270857,0.010811267635,0.005982430901,0.013585829211,0.033896429434,0.033698713989,0.011429826149,0.006603590511,0.012483769823,0.033445848029,0.019496014671,0.021022559184,0.029915079303,0.043913058229,0.039989778721,0.019377210260,0.008378453742,0.005085569089,0.006023607523,0.003997850304,0.001382724143,0.001311607523,0.003890340052,0.010988162966,0.018850772927,0.014380619882,0.004906332437,0.001860508355,0.001254686504,0.001188714165,0.000778546432,0.000504725049,0.007887168206,0.300812244592,0.929657902982,0.167136863389,0.023219964464,0.020132486627,0.048936959686,0.078807869111,0.094537606404,0.075676198281,0.066626789602,0.089428957685,0.112051593820,0.090987766303,0.077903314188,0.050999676937,0.043378871077,0.045271025171,0.056423860025,0.093408882025,0.071526569656,0.035148492256,0.013047292239,0.004839669938,0.005931864298,0.029448490864,0.144219110894
0.142566841940,0.028523433093,0.006713519405,0.004228358642,0.010866602541,0.028176085682,0.023444456720,0.006528980715,0.003176347203,0.007090168461,0.037987422137,0.022147804751,0.010117842234,0.009404984768,0.017503879019,0.022963409297,0.017651686857,0.010642978685,0.007562753552,0.009156426627,0.004734992290,0.001874201717,0.002183105519,0.005874067110,0.014016852470,0.020659613621,0.015501624569,0.006633791116,0.003352579257,0.002490663312,0.001997829383,0.001310927684,0.000915434726,0.010392629850,0.318779771350,0.989536479745,0.134864416843,0.019836274328,0.021069403978,0.044267253228,0.079714380891,0.099755154560,0.072134233572,0.056927120035,0.064635720455,0.077083366655,0.068980635017,0.068143013188,0.051394524199,0.039425506312,0.031845551527,0.030061572612,0.036099938493,0.024699530315,0.012929136566,0.005379280403,0.002711584612,0.004369639257,0.024671709766,0.112104145013
0.103147362313,0.022578086934,0.006631899728,0.004053561967,0.007316123416,0.012958181158,0.008880175005,0.002727816382,0.001407517465,0.006517331854,0.029803451381,0.006155665707,0.002797158485,0.003383309281,0.006859771011,0.012094670585,0.015315524157,0.014375212016,0.010370965604,0.007609858280,0.003917292343,0.002711362938,0.003510530282,0.009223630547,0.017408820959,0.019906420731,0.014263533868,0.008522141188,0.006482334186,0.005019001807,0.002868377964,0.001659857289,0.001016822158,0.009942717442,0.336581205556,0.999950745021,0.126606098243,0.027249339482,0.033412187260,0.058723907613,0.079021074967,0.080961936648,0.064544232760,0.051848808205,0.054176522371,0.069705412313,0.062813766191,0.055041724681,0.038712716256,0.027106538973,0.019487887549,0.013830852047,0.010964574347,0.006852139538,0.003683059743,0.001622221115,0.000973468407,0.001971340867,0.016054127647,0.082768096843
0.095389474067,0.030802080252,0.012654444907,0.007460305698,0.008558462227,0.008446725033,0.004622794477,0.001974197880,0.001064401627,0.002094611567,0.014462410847,0.004797353697,0.001472984819,0.002269475054,0.006223841737,0.010790505354,0.012835480399,0.016069719174,0.014760272096,0.010500490545,0.006619956262,0.004801631951,0.004254781276,0.007880751969,0.012034660594,0.013119641975,0.010730034038,0.007899790786,0.007939834560,0.007505997666,0.004096399198,0.002288170624,0.001484764549,0.009406623422,0.299814633653,1.033878086363,0.152734342847,0.031546949801,0.030050369518,0.043861280979,0.055769067703,0.064043348144,0.051263425238,0.040139054248,0.038780107359,0.053257454322,0.053945082812,0.047536177655,0.028542227060,0.014987892236,0.008901530446,0.005604708222,0.004658871851,0.004309134743,0.003640910121,0.002319652789,0.001596105274,0.002786943126,0.017571808030,0.073160533554
0.106447965053,0.049226305042,0.023300254569,0.011822411207,0.008666736020,0.005689794714,0.003106924845,0.002048036949,0.001871559064,0.004419659530,0.010574425619,0.002115751590,0.000939064234,0.002029763078,0.007763896691,0.015846508044,0.017588541098,0.020159192789,0.019279030163,0.014349053003,0.009811156340,0.006326102894,0.004730177094,0.007108557298,0.009580307887,0.010903172630,0.010655097553,0.009740353399,0.010827573539,0.010215027609,0.004399354315,0.002607032020,0.002149009813,0.011189922577,0.272306772332,1.031394108646,0.217519218706,0.036127971490,0.030347595768,0.044890508082,0.043111967367,0.037784322836,0.030530912043,0.025655757096,0.028735098142,0.043359478969,0.045156566350,0.039839859424,0.020342044890,0.009012323149,0.005613020690,0.003184253949,0.003663279307,0.005093529884,0.005569823541,0.004096002373,0.002783739041,0.003947161572,0.017803414311,0.064378432972
0.099218537908,0.058082104587,0.030320913922,0.014052799063,0.006482099165,0.002605773280,0.001224983440,0.000929375820,0.001123690513,0.001463448178,0.005649382142,0.003464338232,0.000888374276,0.001818288899,0.008239119078,0.018220078535,0.017144644582,0.014530945874,0.013299610800,0.010290460793,0.008066425369,0.007654585672,0.006081686961,0.006711811494,0.008445101780,0.009259966917,0.009539487124,0.009346376385,0.010398158763,0.010573626796,0.005188546257,0.003297595830,0.003070037170,0.008707620942,0.136640871883,1.032226477687,0.412874332269,0.046142063286,0.024791045236,0.031765695985,0.028956516317,0.023397992835,0.017954553273,0.017192428620,0.024717996092,0.040708502167,0.040452995343,0.037008840094,0.018237410798,0.006405264403,0.003341470500,0.002189774748,0.003487003321,0.006469829946,0.008201501926,0.006481218609,0.004545601659,0.005387956039,0.017222668924,0.053229031496
0.095482589318,0.071911701585,0.036809102486,0.012554549067,0.004223849025,0.001365469117,0.000520325009,0.000338784780,0.000558885416,0.001017442468,0.003177075014,0.002174191036,0.000667572965,0.001780504928,0.008008915095,0.013321696347,0.010321984011,0.009222380516,0.008469918520,0.006777827946,0.005909621735,0.005885850398,0.006021060634,0.006181645489,0.007334074006,0.007884186202,0.007453282449,0.007406416517,0.007971434962,0.007166378936,0.004004995086,0.002855803446,0.002853424214,0.008335750319,0.096646453432,0.953661771080,0.617867532111,0.071273003921,0.027792169118,0.025870031518,0.018211843729,0.017324846474,0.011540668704,0.014699766078,0.025925837845,0.043136616292,0.038349252877,0.035722571250,0.018125983656,0.006084376641,0.002700324779,0.002386015522,0.005653803087,0.010677632425,0.010677858543,0.006762103586,0.004968050612,0.005727917744,0.014554035905,0.041124227088
0.086254302874,0.074460721473,0.036670741167,0.010012809235,0.004248472841,0.001794497367,0.000792824055,0.000414481809,0.000418561412,0.000420454875,0.001027295564,0.001944874762,0.000623240632,0.001120424032,0.004247039388,0.007630355270,0.005787373374,0.003613540505,0.002144810049,0.001914393129,0.002975082252,0.005759868289,0.007883104792,0.008225897983,0.007719716992,0.006703586624,0.005954470271,0.005412657350,0.004581625762,0.005067783876,0.003576124027,0.002791061131,0.002979481629,0.007624516182,0.053855818233,0.690931266290,0.894964326047,0.115355636661,0.019984972473,0.013506524701,0.010665661169,0.016247391052,0.017236521654,0.017698277278,0.024567772898,0.036704825972,0.032745938259,0.028327493119,0.017286145354,0.009230454228,0.005451948228,0.005354950350,0.007927743548,0.009954341647,0.009513940343,0.007024205983,0.005871555346,0.005832760632,0.011699839328,0.031508734956
0.060300185213,0.064958780903,0.042301349282,0.009257074244,0.002771861715,0.001010192262,0.000533075881,0.000291524764,0.000232704228,0.000245450910,0.001133680280,0.002783361734,0.000651322061,0.000525092559,0.001912894431,0.003897455162,0.002144833669,0.000670642409,0.000335002812,0.000429935528,0.001135976319,0.003774764130,0.006942779475,0.007598017268,0.007829430688,0.007959582599,0.008277758460,0.007256552049,0.004304319364,0.003149860829,0.002437197315,0.002168350070,0.002296269138,0.005664410179,0.032488223495,0.513057288661,1.003770325815,0.143817568855,0.012900928404,0.007735604495,0.008123043030,0.013190019454,0.021378138497,0.016806770572,0.018363259383,0.025528376368,0.024765927357,0.024280765220,0.017295128705,0.011864459447,0.008586090235,0.008611638297,0.008452732715,0.007737523245,0.009129533565,0.009926594780,0.009349187126,0.007125137380,0.009630299962,0.020281277161
0.057081946217,0.064465255915,0.036925099023,0.007816711705,0.002958450900,0.001339706267,0.000590497988,0.000187865833,0.000122770793,0.000130818062,0.000841287182,0.004223873696,0.001059021869,0.000272845293,0.000359673458,0.000424595147,0.000225205113,0.000104899460,0.000092496929,0.000187058310,0.000635554019,0.001838773229,0.003613955634,0.004979194064,0.007765894551,0.011380169372,0.012300926849,0.009427343981,0.005891616522,0.003401689734,0.001890177664,0.001519474025,0.001632450603,0.004098150729,0.024759997701,0.452142329819,1.048774259599,0.135926341307,0.011180563526,0.006852446596,0.008613872036,0.016695325020,0.022719347946,0.010963059109,0.011801539468,0.019287646192,0.022318641906,0.024875560162,0.017060705745,0.011642521853,0.009545647847,0.010627953310,0.013238591443,0.011882018330,0.011183054615,0.009655647646,0.007412249343,0.004866688246,0.005852756026,0.014235075629
0.059973572065,0.073563496306,0.037870430134,0.006956005544,0.002970618797,0.001259912876,0.000458886644,0.000133762264,0.000090832319,0.000133076792,0.002373130583,0.008969400846,0.002591370291,0.000586592742,0.000192167434,0.000070227500,0.000056100249,0.000050000000,0.000060405314,0.000155068414,0.000537364762,0.001084146416,0.001958969051,0.003302597815,0.006583582024,0.010842661530,0.011692471021,0.007775994499,0.006148261237,0.005948967453,0.002388378140,0.001014871180,0.000984431608,0.002462397538,0.016999273681,0.393788574517,1.055237646634,0.164265804785,0.012604683171,0.006985857013,0.006884425185,0.014108965210,0.018712061610,0.007807249653,0.008530478575,0.017164637288,0.022887975596,0.025932586220,0.015269363614,0.009794402501,0.008745130787,0.010872418017,0.015308497403,0.015357831547,0.013949768473,0.009088868185,0.004265772847,0.001903678409,0.002236661188,0.008799490130
0.052115096903,0.064555840594,0.041147394886,0.009346665639,0.004158232246,0.001676324243,0.000562732494,0.000119075108,0.000075391904,0.000090354709,0.001259117724,0.007805918299,0.001948972729,0.000238531908,0.000084181782,0.000050000000,0.000050548779,0.000062542279,0.000085747603,0.000255108016,0.001015223447,0.001971667505,0.002889710441,0.004214599934,0.007951928647,0.013091990549,0.015384159950,0.011652037141,0.011489587315,0.010315949490,0.003608386143,0.001236437062,0.000962653898,0.002463804717,0.016897375313,0.358764820477,1.080576125632,0.174285194929,0.016127635242,0.008768856812,0.007060368114,0.011461272651,0.016885294926,0.008067240451,0.007813790727,0.015383368159,0.021551899430,0.025613242314,0.014011138837,0.008303512628,0.007624971993,0.011581720072,0.018394048700,0.015825503104,0.010928716389,0.005809485254,0.002493664007,0.001245563678,0.001801985845,0.008247971784
0.042040353850,0.060815518487,0.040543952143,0.009444639367,0.004610842156,0.001944883618,0.000641572001,0.000150434592,0.000100154940,0.000090781082,0.000452820131,0.005209089938,0.002931235883,0.000262792678,0.000068214226,0.000059891167,0.000054347242,0.000064372740,0.000161271627,0.000624743017,0.002399135186,0.004147580172,0.003735324901,0.005242615444,0.010833787092,0.017578625551,0.022527164891,0.021364350855,0.018745280430,0.011314110901,0.003913280932,0.002432362329,0.002358331037,0.005806692622,0.021976989218,0.234787342882,1.103235336699,0.282778233655,0.025993264566,0.014476831630,0.008857960036,0.012205668434,0.010104324958,0.007521100584,0.010076019923,0.018913594113,0.020837499372,0.018590251144,0.009720268197,0.006985343334,0.008381524233,0.013632597975,0.020915437620,0.013676120217,0.006663847948,0.002711510477,0.001248867185,0.001141864937,0.002935418994,0.009139298141
0.042865192537,0.056028906443,0.030762611165,0.005168581511,0.001557022038,0.000690649407,0.000552288137,0.000251382159,0.000147096417,0.000096934346,0.000221223562,0.005910685561,0.009794865362,0.000604021739,0.000100655559,0.000083797804,0.000098677286,0.000201936013,0.000393081593,0.000572281874,0.001465368885,0.003818586310,0.004708611218,0.006713703114,0.014433649031,0.023885805192,0.033975915040,0.031960089061,0.023579272786,0.017427951281,0.011812887179,0.009018070032,0.006609153947,0.009047286782,0.016882439664,0.099660930876,0.997232741956,0.589575388307,0.035232915310,0.009634850623,0.004435916821,0.004741864619,0.009195882582,0.015655464348,0.016305250414,0.018287536017,0.014994884984,0.013623338516,0.010235112769,0.009990976492,0.011768190993,0.015013663539,0.017536600961,0.007922123584,0.002871795347,0.001110210777,0.000859140501,0.001722942030,0.004766727135,0.012472312738
0.024762618287,0.038026505852,0.022901570210,0.003721456079,0.001122456995,0.000727164605,0.000785470289,0.000253746272,0.000106657274,0.000071036500,0.000291881727,0.009797459862,0.012557798509,0.000655669200,0.000128854505,0.000146289351,0.000294107674,0.000791701465,0.001605904251,0.001771332716,0.002014392621,0.002561589426,0.004200391889,0.008254128987,0.018028579092,0.030443228033,0.045617532741,0.044362646995,0.030279585395,0.023597103526,0.022837638887,0.013181768500,0.004071297545,0.002983785504,0.004531220219,0.036096418366,0.891886279749,0.750807851266,0.033602909248,0.010137961855,0.004873294578,0.005544808074,0.010412827410,0.020035686496,0.017524753485,0.012527806700,0.009096159663,0.011217282525,0.011699022709,0.010773887242,0.009334134450,0.010584740753,0.011063498781,0.003839116279,0.001302582826,0.000727897313,0.000813219474,0.001357904449,0.002380009711,0.006218231586
0.011205126363,0.017658209513,0.015597580580,0.005356232196,0.002350092629,0.001113080788,0.000725075999,0.000208406574,0.000090985178,0.000067099925,0.000285443126,0.005749101116,0.006522640851,0.000626390264,0.000243327883,0.000206016614,0.000594554143,0.002322625966,0.004324799627,0.003670104843,0.003240002342,0.003374643934,0.005696701595,0.010689124188,0.022566942067,0.035931553331,0.050933841445,0.054768975397,0.045552487523,0.033537018776,0.018981014461,0.007712592912,0.001660775892,0.000775303090,0.001198267526,0.030643567393,0.893598217942,0.731165490082,0.035325985324,0.011362458344,0.004803737218,0.006461986082,0.013017509269,0.019732266512,0.009590809082,0.005380026822,0.005655504222,0.008859847207,0.009755497343,0.007791700964,0.006749844349,0.008054565521,0.008348570866,0.003512544978,0.001389501484,0.000735567838,0.000635424319,0.000871375952,0.001280121615,0.003087005192
0.006647452502,0.012458161077,0.014214382852,0.006317562019,0.003084236613,0.000975666958,0.000364573393,0.000093600632,0.000057310368,0.000080719748,0.000780253152,0.007716955754,0.006280167540,0.003024447078,0.002346937475,0.001388245516,0.002170490998,0.004360711582,0.005174613454,0.004709343011,0.005405086892,0.005279496585,0.006533143479,0.010993890592,0.022337980833,0.030070963662,0.046581775121,0.054292335331,0.046766414837,0.034071973994,0.017422876643,0.005319605360,0.000741719397,0.000318497218,0.001046580851,0.052367993370,0.966819119298,0.607405347785,0.030917128134,0.012876977454,0.004219178059,0.005800970307,0.015266077423,0.016296104756,0.007246151087,0.003937906221,0.003650300481,0.004122900841,0.004279887007,0.005052065274,0.008043749756,0.011940959254,0.008766697639,0.002536727962,0.001056491920,0.000566278891,0.000353271233,0.000327863038,0.000573296632,0.001697136345
0.005884494449,0.011556711991,0.012734437148,0.005340956337,0.003100999830,0.001342732393,0.000599516188,0.000160052482,0.000089337115,0.000109713574,0.001018005777,0.012656894346,0.011061379341,0.008944754526,0.007302394114,0.004759180853,0.005683889689,0.007753460610,0.006163575485,0.004354393342,0.004808363525,0.006356997772,0.009008467375,0.012017210167,0.018057542091,0.025851457880,0.043711247173,0.052769277924,0.046434510389,0.029433777250,0.011801186805,0.003830218052,0.000787425043,0.001041241181,0.003625071242,0.076149611212,1.044328760571,0.440186834021,0.014666640787,0.009514020219,0.005651104822,0.008525874626,0.015233557629,0.006494747752,0.003546755979,0.002878664668,0.002829930886,0.003261879458,0.004153023872,0.006413911631,0.010539473969,0.012039409986,0.007217041981,0.001782059857,0.000669224396,0.000456077823,0.000472664489,0.000643807517,0.001004230812,0.002030573961
0.010351435317,0.017348464942,0.013430051483,0.004475415322,0.002604456808,0.001466535418,0.000824811048,0.000244609148,0.000154075877,0.000182422173,0.001599114780,0.014807000885,0.013897036801,0.014543852323,0.011137964997,0.007763419454,0.008504217124,0.008830407725,0.005586257681,0.003720574629,0.004496367232,0.006568711309,0.009215471444,0.011363010937,0.019746483439,0.028593447747,0.044980571812,0.050209997518,0.035311619571,0.019701495658,0.008399623706,0.003180931121,0.000710398098,0.000613936913,0.002494146571,0.102588425543,1.075965414966,0.315000113219,0.009343282201,0.006020711370,0.003307209660,0.009971317877,0.019317887715,0.003387180539,0.001484017301,0.001431374344,0.001920421102,0.003609609351,0.007074443286,0.011387897090,0.012390629243,0.009690804274,0.004561953463,0.001106033582,0.000509387877,0.000486457961,0.000723195425,0.001292111104,0.002064020847,0.003784896460
0.016910552453,0.021505063389,0.013355284274,0.003499882360,0.001498647763,0.000860207882,0.000756751944,0.000328050981,0.000227160968,0.000277563021,0.001871683125,0.014659219293,0.009269207637,0.010402209810,0.010894355177,0.009930332511,0.010430780918,0.008599546724,0.004958440914,0.002999965414,0.003114300252,0.004461842244,0.006783762715,0.009748765857,0.017192840246,0.026072292487,0.043152474758,0.051295964782,0.032605839045,0.016015283646,0.006391778492,0.003156792705,0.001338716226,0.001303903608,0.005138822485,0.192203133260,1.103624487129,0.227167297903,0.009122420586,0.004832201929,0.001471552776,0.005233595232,0.018918110288,0.005032164361,0.001543185325,0.001603834243,0.002657678856,0.005417561400,0.010333856569,0.015648302392,0.012777271070,0.007170847290,0.002670827137,0.000681645710,0.000354531920,0.000403212237,0.000676518201,0.000995154152,0.002007734408,0.005212707611
0.025213020622,0.027452539367,0.015584305061,0.002836302656,0.000920485761,0.000514943889,0.000552030425,0.000271219136,0.000170647884,0.000217314648,0.002378618743,0.011764806677,0.004035474693,0.005149184721,0.008863572240,0.012575306819,0.012385329220,0.007370655604,0.003848626434,0.002508237474,0.002200191794,0.002704748162,0.004484153473,0.007207423524,0.013096006751,0.022418674749,0.042715119598,0.053103589973,0.032192896345,0.015960443651,0.004759212274,0.001267193030,0.000487750303,0.001236122769,0.009516431466,0.353023797447,1.100030319408,0.128799353217,0.006129091063,0.003835915791,0.001835581627,0.007704818990,0.016100468679,0.005690579313,0.001939877288,0.001680755613,0.003615182782,0.008323018289,0.015264984866,0.020607308918,0.013072497864,0.005562753264,0.001782637161,0.000557525799,0.000432440163,0.000963368799,0.000485541140,0.000628602640,0.001438383758,0.005905953713
0.030664721119,0.033059784588,0.017080523867,0.002928492662,0.000993345891,0.000542633517,0.000571161273,0.000205892781,0.000091401191,0.000116540704,0.002725372995,0.014324296803,0.002489824698,0.003404451391,0.006217555905,0.010594065534,0.010719051725,0.006223340491,0.003424137656,0.002286353529,0.001911323898,0.002423104462,0.003692872466,0.005390410810,0.009252054073,0.018223642812,0.040355003500,0.048084309473,0.030624096555,0.017860576418,0.006223226033,0.002056088380,0.000736419292,0.001585933969,0.020109162503,0.585241401204,1.018800714287,0.061674707565,0.006573053392,0.005412118495,0.003121511043,0.010825884805,0.023625345679,0.008297318270,0.002758548728,0.002243070064,0.003814494164,0.007105327113,0.013028614138,0.022481375019,0.017922076729,0.008337817387,0.002270719244,0.000562937427,0.000348198503,0.000493995502,0.000497167442,0.000781837142,0.001597217556,0.006735533880
0.034486567512,0.034287165563,0.015968276941,0.002470386958,0.000802384515,0.000381264162,0.000271131741,0.000104051765,0.000062681832,0.000151271314,0.006720395525,0.011679243807,0.001072333310,0.001509034805,0.003836135180,0.008061851670,0.008958724456,0.005593263938,0.003600290723,0.002826479835,0.001853725624,0.002141122897,0.003874501412,0.006630329657,0.011840743871,0.019157087588,0.033587144174,0.037861564835,0.029810339551,0.025220162262,0.010352998219,0.002597980940,0.000956453086,0.002168983405,0.029665223314,0.808305651046,0.891225381077,0.038877354460,0.004019468729,0.002054322868,0.002631500064,0.025252157741,0.026793271306,0.009368513292,0.003125302363,0.002157100177,0.004081128560,0.008966809175,0.015232103959,0.019822912276,0.014541130817,0.008217920839,0.003557847471,0.001170842284,0.000811529417,0.001078623099,0.000642642851,0.001009649072,0.002423049930,0.009245420189
0.040576273696,0.032524649735,0.013110749546,0.001901737967,0.000613369859,0.000321583355,0.000240383762,0.000090243211,0.000055364748,0.000135464591,0.006473767718,0.011413046441,0.000922141709,0.001268714776,0.003108708109,0.005252716976,0.005434504884,0.003881683840,0.003218519412,0.003423963769,0.002773028093,0.002399856135,0.003728971701,0.006253145437,0.011621372481,0.018697587700,0.030737614512,0.035122340420,0.026238916063,0.019590170544,0.008546757142,0.003322556945,0.001752227434,0.005033468234,0.059164612540,0.969633482165,0.732269373775,0.029650767472,0.003103725923,0.001496029404,0.002024404141,0.020492835711,0.025805022113,0.008719025355,0.003046912446,0.002194474556,0.004014315870,0.009988949881,0.017967855632,0.020749185765,0.013006173173,0.008151134667,0.004720395796,0.001726190963,0.000894440281,0.000750526081,0.000721651469,0.001294856221,0.004084279780,0.013852656821
0.035004933611,0.026593214879,0.012028839742,0.001687424696,0.000416047030,0.000171318811,0.000113114738,0.000054344644,0.000050000000,0.000157676315,0.009436966547,0.009633003406,0.000388434806,0.000801854462,0.002312993852,0.003579903382,0.003366294534,0.002687483026,0.002791391869,0.004810818309,0.002569346918,0.001640223932,0.003145244432,0.006494009474,0.012406831657,0.016869622957,0.026424228459,0.031736769200,0.022730322811,0.013071742720,0.004047498150,0.001774357741,0.001302283681,0.005804359962,0.081982620113,1.113917665947,0.505450427277,0.018671419000,0.003656437478,0.002516268441,0.003567300402,0.027689942581,0.021610904188,0.006202218718,0.002581634421,0.002228824591,0.003932550729,0.009530123885,0.016585222567,0.021970599577,0.012895375312,0.006844538118,0.004155040376,0.001741484271,0.000916047599,0.000590615391,0.000541024851,0.001057235504,0.004332138145,0.013297103391
0.026544038403,0.021625862315,0.012901872948,0.002118766689,0.000435249064,0.000089226595,0.000052253196,0.000050000000,0.000050000000,0.000275885197,0.007699574724,0.002517299870,0.000206252600,0.000563644600,0.001694063602,0.002340678381,0.001749016684,0.002323579275,0.005291986423,0.006022068874,0.001705215494,0.001152759195,0.002421834071,0.005738826772,0.011585326434,0.016847674606,0.022596294144,0.023264371912,0.016212939368,0.013239135595,0.004999053424,0.001260384322,0.000989343010,0.006237008384,0.095628585100,1.139374481201,0.410698996093,0.022011906129,0.006261099059,0.003367759747,0.003177636031,0.017293342806,0.015375217378,0.005059877978,0.002040130139,0.001839830370,0.003196854047,0.007886654627,0.014572634634,0.018753587251,0.011264426050,0.005682976301,0.003018777255,0.001383279851,0.000938749569,0.000611502052,0.000439086186,0.000696174308,0.002828167233,0.009918839939
0.029351632471,0.021245146959,0.009449389157,0.001102831718,0.000197996390,0.000056555363,0.000050000000,0.000050000000,0.000050000000,0.000114924235,0.003500993336,0.002522594544,0.000253309334,0.000231429499,0.000755799308,0.001475352582,0.001131537024,0.000625749478,0.001479257912,0.005980843825,0.004441699058,0.002871894049,0.004321752994,0.008838618443,0.014919499134,0.019699220554,0.023846236423,0.022481615425,0.015742353631,0.012866200619,0.002665040833,0.000815347913,0.000718551618,0.005562800459,0.095784251636,1.155602969247,0.374142257498,0.019460954254,0.003269677700,0.001302310540,0.002468533221,0.015744451646,0.013687298360,0.005088004391,0.002330361246,0.002327763012,0.003671120554,0.007399059132,0.011382945571,0.014453924646,0.010143313069,0.005637076362,0.003142039158,0.001529164171,0.001015603913,0.000597574247,0.000340533988,0.000430878309,0.001777105270,0.008677850644
0.031317620507,0.020486291500,0.007567224378,0.001097484878,0.000285922639,0.000081110719,0.000050000000,0.000050000000,0.000050000000,0.000171261014,0.003765359310,0.001915125752,0.000118138266,0.000104954169,0.000303114855,0.000645843717,0.000528726092,0.000355302137,0.000777941096,0.004104983604,0.005750761187,0.005876796780,0.006266986908,0.010110365221,0.018531393848,0.026917715167,0.027308058905,0.022182492549,0.014155195096,0.011297995120,0.003638815771,0.001146653709,0.000964442957,0.006959643264,0.098706499897,1.161061436186,0.346915774769,0.014660380356,0.003089733257,0.002176081902,0.004570007253,0.025841689458,0.019102571037,0.003656793849,0.001771015007,0.002357269006,0.003998711775,0.006808240865,0.008444671768,0.010226777207,0.007414605037,0.005287816545,0.003437762787,0.001516125942,0.000919889632,0.000513196157,0.000253524319,0.000264587263,0.001203497923,0.007555352136
0.029596392497,0.019844044626,0.006498710190,0.000700487323,0.000170721153,0.000070888677,0.000062911770,0.000060892212,0.000058164971,0.000225355211,0.005095733359,0.004400256213,0.000295928694,0.000139448303,0.000441540058,0.000733018861,0.000381949635,0.000223648128,0.000561297579,0.004340179932,0.009125185423,0.008066167066,0.007481630378,0.011003220590,0.020093122743,0.032101205347,0.031709566498,0.020468849730,0.012080671248,0.011223262126,0.003061874533,0.000929731157,0.000802757126,0.006591892162,0.079067268661,1.142202586492,0.429570303336,0.014610826200,0.001649902949,0.000981263935,0.001928095014,0.019447106284,0.017936823810,0.003021235439,0.001457719260,0.002271805875,0.003852480728,0.005982617248,0.006425305983,0.007126898866,0.005450043913,0.003932960354,0.002842604452,0.001504355120,0.001064220741,0.000617416231,0.000258075788,0.000198142384,0.001116950283,0.007380103191
0.021985585250,0.015715186890,0.006879504348,0.001477382645,0.000636092612,0.000184739553,0.000100180503,0.000098451946,0.000116402500,0.000303052756,0.006151222986,0.003845123259,0.000397145244,0.000189988205,0.000784355298,0.001735231251,0.000983283100,0.000470892153,0.000550311377,0.001672154838,0.003167942250,0.005998285718,0.010065969262,0.015929431443,0.027137719580,0.033266646966,0.025997695061,0.013559065105,0.009343478777,0.016873233923,0.005946183246,0.000859166991,0.000500622983,0.003314309778,0.052450181250,1.113963105458,0.533508945870,0.019976397511,0.002175459857,0.001092486747,0.002455632719,0.025684732926,0.017901548687,0.002789108221,0.001328120650,0.002303733685,0.003513011445,0.004461717794,0.004290949864,0.004945222184,0.004104356913,0.002651487034,0.001968930345,0.001099314803,0.000634500339,0.000269115289,0.000123912086,0.000128796622,0.000943928419,0.006394986758
0.021151890330,0.022345971069,0.010873107639,0.002520210452,0.001378607722,0.000531715879,0.000249651530,0.000227912044,0.000305325173,0.000417818698,0.004533191250,0.005682695020,0.000823727358,0.000323438916,0.001065573743,0.002444710264,0.002401991139,0.001559360180,0.001092040957,0.001629596954,0.003505339569,0.005758255615,0.009361791427,0.019110879931,0.032841522792,0.038305261078,0.029308492197,0.019794058489,0.014804897240,0.016217607448,0.004028052462,0.000651489741,0.000532052695,0.004618949752,0.065755681167,1.052618403901,0.697374174560,0.032324876425,0.003102142171,0.002629197089,0.005585582438,0.030356665329,0.013099505675,0.001404560261,0.001105084884,0.002643036603,0.003929357909,0.004262445123,0.003268294725,0.003328359318,0.002932556051,0.002088305562,0.001346655597,0.000491161903,0.000175986189,0.000082615158,0.000064356126,0.000127487970,0.000704263962,0.004322228597
0.022347683446,0.021304777183,0.010713601803,0.002532251982,0.001354246790,0.000760935220,0.000652658740,0.000629904791,0.000751368362,0.001000229731,0.007049663192,0.008281506109,0.001071826454,0.000639762885,0.001451936334,0.002675587071,0.003389446239,0.002834302828,0.001986277351,0.001688854498,0.002535021630,0.004924543822,0.008174251436,0.018189975809,0.032805994819,0.038562402723,0.027931739896,0.019539643432,0.010111170728,0.007859714056,0.004233894503,0.001245182851,0.000712209645,0.005267418940,0.064361497810,1.000543903771,0.761959201423,0.034767173023,0.001529057495,0.000501348776,0.001198753229,0.018185708359,0.011266053712,0.000961384265,0.000875521064,0.002129161174,0.003519696264,0.004909336991,0.004292980317,0.003686800350,0.002490013985,0.001517637900,0.000804440628,0.000216691919,0.000074451009,0.000050000000,0.000050000000,0.000061557195,0.000522917538,0.005007699364
0.016898459209,0.017007019675,0.010617626636,0.003070917078,0.001558155815,0.000648354177,0.000548873786,0.000600585418,0.000792596203,0.001445868251,0.012758880257,0.014271547681,0.001451731745,0.000961840420,0.001731844313,0.003101922533,0.004048670844,0.003501659562,0.002471650299,0.002197056100,0.002715975954,0.004447760568,0.008196481204,0.016988729054,0.028334913518,0.031280655912,0.021530509397,0.014892072155,0.013345725492,0.017702547664,0.011047871545,0.003806515384,0.002043895906,0.008485388826,0.051951053191,0.973629661813,0.784523332609,0.034569068070,0.003344185877,0.001950507257,0.001931433654,0.012520189335,0.011025171047,0.001718304532,0.001028436037,0.001678240282,0.002319923032,0.004143533333,0.005405894365,0.005142232579,0.003178042502,0.001493120264,0.000517763281,0.000146049695,0.000077653854,0.000055435021,0.000051874341,0.000103207748,0.000837742896,0.004577361878
0.019837132716,0.018847356726,0.010188061966,0.003047457461,0.001901235228,0.000850524592,0.000652685257,0.000711443961,0.000895444376,0.001511012931,0.016446694367,0.033894210080,0.004694628581,0.001851727885,0.002502117592,0.003883933126,0.004588570276,0.003826667114,0.003134819682,0.003282195923,0.004334769728,0.006132573505,0.008396451315,0.014202061401,0.023350430962,0.029481769038,0.024548644067,0.017212001874,0.009745441738,0.008618296212,0.005678955371,0.002923626754,0.001234372000,0.003816883812,0.039664545370,0.848309859825,0.916212768161,0.049073711500,0.004338303339,0.002644089486,0.002270783890,0.014130331880,0.018235205280,0.002223749130,0.001136378928,0.001650220875,0.001983967431,0.003168022832,0.004210813144,0.004590767565,0.003231151379,0.001569977289,0.000516721964,0.000145061971,0.000071705828,0.000056683093,0.000056055348,0.000098831462,0.000513736966,0.004118588074
0.022149427417,0.017580020408,0.007656382701,0.002467229854,0.001964870984,0.001247800199,0.001080391764,0.001251719373,0.001605146314,0.002327101738,0.018307003302,0.038023832450,0.006078953679,0.003096967136,0.003969411878,0.003970131277,0.004159339823,0.003800359734,0.003119282468,0.003166792612,0.003961793381,0.004983348421,0.008150532915,0.016335369864,0.023222278223,0.023238949569,0.018815632582,0.017985162643,0.008774452656,0.004677067971,0.001972761096,0.000893768246,0.000533133487,0.003409191265,0.036314872570,0.723197016666,1.011108183332,0.074096876611,0.008362072799,0.007366513972,0.005508445382,0.018791864251,0.011495367802,0.001524225155,0.001114677028,0.001391326883,0.001454568050,0.002093593893,0.003260624622,0.005708695130,0.006016701621,0.003322682288,0.001298428527,0.000329939589,0.000136978450,0.000090048827,0.000089264665,0.000176186940,0.001003907782,0.006140732737
0.018565669522,0.011904554020,0.003942210616,0.001291419937,0.001161486600,0.001038415472,0.001514555517,0.001789912305,0.001918881504,0.003314087827,0.026352665243,0.047996597065,0.005757699691,0.002500237389,0.003048334175,0.002981190662,0.002842649136,0.002464541712,0.001987083215,0.001688715942,0.002661750194,0.005683755707,0.012945356656,0.022741051368,0.023763178794,0.017280485006,0.013585643119,0.018181856427,0.009649751826,0.008392934199,0.005763284112,0.002936365041,0.001456696622,0.004360862182,0.028082420871,0.524053474761,1.118829386569,0.161265639089,0.013221171264,0.005733311969,0.002595190773,0.007970046346,0.009398738128,0.002571017498,0.001234468233,0.000811113419,0.000617152677,0.000915455195,0.002325736812,0.007390843279,0.010476611832,0.005944813991,0.002357238475,0.000583527298,0.000224544506,0.000161045171,0.000148260752,0.000241670617,0.001005751697,0.005873552825
0.015360551889,0.010299681334,0.002782495459,0.000689657036,0.000751321738,0.001140567321,0.002344489227,0.002444379332,0.001526932802,0.002557225090,0.030875308434,0.064551317526,0.005812974773,0.001022682669,0.001205548604,0.001348853190,0.001333257916,0.001248480609,0.001044479400,0.001110548788,0.002534325113,0.007763402189,0.017513812317,0.023318900116,0.019427285530,0.013331489245,0.012520120622,0.013283021219,0.007604436161,0.011331513834,0.010915058299,0.006427909048,0.002194748941,0.002095822041,0.017032527916,0.405877378289,1.142901671411,0.219371199088,0.015089154276,0.006431293416,0.002418885472,0.006194968584,0.011044900170,0.003982293652,0.001563837857,0.000879214852,0.000738728326,0.001249659833,0.003347091413,0.010927551961,0.015522226796,0.008497052553,0.002612640793,0.000600147627,0.000301481670,0.000279894843,0.000284391046,0.000417806151,0.000968134851,0.004266301899
0.009415007651,0.008843073449,0.002661279969,0.000679889251,0.000880092670,0.001964520306,0.004037037418,0.003437431607,0.002301741157,0.005953484688,0.041226690803,0.073624833261,0.007846526693,0.001056737119,0.000671990302,0.000506395542,0.000573639724,0.000690794393,0.000691063148,0.000773391991,0.002040115227,0.008730294348,0.022473025269,0.026747442631,0.018465673383,0.011861848501,0.010809584999,0.012245837994,0.009763517551,0.013976203332,0.014060246141,0.011749071408,0.005954614925,0.005986968577,0.020166885351,0.266344004896,1.125608297130,0.389844050151,0.024838208338,0.007132400203,0.003510392165,0.007690234949,0.011974526274,0.005152449330,0.002077388583,0.001514367600,0.001608036089,0.002978001880,0.006832169941,0.017488041037,0.018317704896,0.008833705217,0.002925316527,0.000711612455,0.000384657427,0.000437102595,0.000585253085,0.000865499938,0.001346311315,0.003280484337
0.005838825656,0.006139365146,0.002388726452,0.000645421857,0.000746658240,0.001596522272,0.003760166788,0.004385160009,0.003611575171,0.009835132378,0.050736226767,0.087730406773,0.016891764202,0.001169529643,0.000358982656,0.000216218965,0.000207978997,0.000227394818,0.000295334870,0.000506522157,0.001896452804,0.009599983574,0.024272777029,0.027009647659,0.017962518610,0.011219272472,0.010216210285,0.010151410852,0.010484751419,0.016077845380,0.019139691371,0.017440418347,0.008075854829,0.006106466260,0.020599124128,0.213031291825,1.010598888477,0.642679025458,0.054832924277,0.014811785523,0.007295097380,0.011897917749,0.012801481862,0.004179333986,0.001685162495,0.001489833296,0.002089999050,0.004696986649,0.010890631332,0.025107108081,0.021671476140,0.008485464267,0.002821050868,0.000907111283,0.000588195006,0.000746420693,0.000860889675,0.000982862648,0.001260145783,0.002546101686
0.004013137381,0.004101355610,0.001847311934,0.000538230908,0.000748026391,0.001726331123,0.004460571812,0.008278803734,0.011212527533,0.022158522594,0.048989450037,0.068811949264,0.038068893184,0.002666082947,0.000211598064,0.000127805034,0.000149831353,0.000176616508,0.000240820620,0.000482819341,0.002519930260,0.013096375302,0.027602778200,0.026574090230,0.017039359187,0.010034530321,0.009471094578,0.009827583177,0.011859983181,0.017591608703,0.021038385608,0.021893287063,0.011171642199,0.010018291705,0.030690613994,0.166807664741,0.733570818799,0.999307085307,0.141922379857,0.018705186329,0.005385397853,0.006690093778,0.006713365307,0.002844292750,0.001361234537,0.001349400131,0.002053813319,0.004216644997,0.010049547719,0.027609138834,0.025984599280,0.009260288959,0.002684734955,0.001041963979,0.000637532095,0.000756246149,0.000789923656,0.000904279252,0.001169437539,0.002249390722
0.004896776150,0.002781812078,0.001285465566,0.000764506619,0.001185232497,0.002105749828,0.004935871116,0.011931882957,0.021544054825,0.036458811826,0.057268055987,0.049753697906,0.028479503547,0.003967163977,0.000414337840,0.000205544534,0.000296845797,0.000443262474,0.000572893890,0.000986029123,0.004605118040,0.016491847874,0.025122428727,0.022245568713,0.015951442253,0.009760812454,0.009101234917,0.009488343264,0.012424258032,0.018853796179,0.023931542768,0.025148462061,0.012638120834,0.013806836759,0.038309007186,0.129205030578,0.463040420889,1.136351245010,0.310271027942,0.032714899143,0.005989299235,0.005568353367,0.005095903241,0.002801088614,0.001414880490,0.001184400699,0.001832650178,0.003145624714,0.008570700151,0.028156821607,0.026253111231,0.009121933713,0.002879461418,0.001315530881,0.000780221998,0.000705737713,0.000546841580,0.000702185639,0.001344606742,0.003508423016
0.007126554314,0.003132911418,0.001180889362,0.000694665569,0.001243330644,0.001980707340,0.003799791216,0.013324745506,0.031125773249,0.044416917941,0.044503599880,0.028924209247,0.024165276818,0.010755518502,0.001892107745,0.000546967500,0.000670506980,0.001757109529,0.002312605037,0.002213362152,0.007932057558,0.023259015728,0.031275515171,0.024670009439,0.016180994873,0.009265316696,0.008524789267,0.008908288898,0.012811935927,0.021468146319,0.029839414630,0.033243148658,0.025152238147,0.033431451658,0.066333916930,0.131599361731,0.360043905331,1.014190559128,0.639577741908,0.077864687721,0.007221191701,0.004583866310,0.005674524229,0.003966353829,0.001970240819,0.001202258922,0.001479166225,0.004002427907,0.012876139081,0.037027301295,0.029684854806,0.008517340004,0.002262448660,0.001178284299,0.000686401657,0.000614609870,0.000665761045,0.001240645500,0.002525271558,0.006099110200
0.013132444632,0.003614067928,0.000951337701,0.000407311459,0.000642109075,0.001544842503,0.002985401052,0.011423420223,0.044622425484,0.085535061499,0.051118569196,0.024779075815,0.030599060755,0.026095776753,0.003545686028,0.000542149142,0.000717994897,0.002442733698,0.003691470765,0.003767118015,0.012698861754,0.030374544040,0.036485503230,0.028042512339,0.017912248080,0.010579141945,0.009322895557,0.009241294550,0.013927752868,0.023866130156,0.033088331092,0.043159191427,0.044932933514,0.063611006896,0.102429273131,0.150105296902,0.322181844300,0.798469731675,0.834485674740,0.194912370344,0.014914253125,0.004016564373,0.004925019363,0.005251489968,0.004208172267,0.003308109152,0.004001669905,0.009103785404,0.021099545670,0.041845811989,0.030729517712,0.010173946488,0.002958982055,0.001348169736,0.000593998936,0.000534705557,0.000905119502,0.002994624391,0.007472850242,0.015726472850
0.016319130550,0.003547142306,0.000932714221,0.000608994773,0.001720246625,0.004215142643,0.005386449899,0.012611734215,0.027643624094,0.029683642822,0.021706036717,0.021047167395,0.023991579659,0.021098857355,0.004370943569,0.001286966426,0.001324699048,0.003113163481,0.005856318976,0.007948622492,0.023502457455,0.045484104470,0.041644789268,0.027191454019,0.017376175433,0.012313956820,0.012666260192,0.013148750953,0.017889384094,0.026643724008,0.036034295607,0.054121339530,0.070411985420,0.111614282105,0.191852025263,0.268977119020,0.476078466476,0.776752779191,0.656720647968,0.232094651793,0.032970186640,0.009584459183,0.008112728728,0.008258172783,0.008731127750,0.007112749776,0.008756994842,0.018965988750,0.036033454658,0.056263905208,0.040820517731,0.016820625501,0.006215497756,0.002155106373,0.000799440563,0.000850346260,0.001502508735,0.005327994959,0.013715176097,0.024148945760
0.025116200959,0.007059884685,0.002659521315,0.001799912191,0.002462780896,0.004910531432,0.008242077226,0.013900694146,0.016148799230,0.010550201506,0.007901418513,0.016389132008,0.019400435385,0.014481256710,0.006625418134,0.003544243627,0.002743233362,0.002851468818,0.004852595130,0.012059730591,0.032653908183,0.048219600311,0.035945054407,0.023600107076,0.017498738187,0.016156378838,0.018796427341,0.019800956276,0.025186878973,0.035931929984,0.046013012051,0.065931190986,0.086533534374,0.148651039076,0.346955040341,0.548061919827,0.641896294263,0.491818561018,0.283155830914,0.229423864413,0.110468172776,0.049821540432,0.025498170427,0.016978641581,0.016429085959,0.013539599910,0.016617212156,0.032141922003,0.050814958883,0.065004660945,0.044545284190,0.021581615076,0.010443823202,0.004200576854,0.002040527661,0.001767041095,0.002080414748,0.005391275889,0.014747768225,0.029797262981
0.035237184354,0.016429659546,0.005997888100,0.003085409131,0.003659768025,0.005675979127,0.005638888451,0.004918135777,0.003874013698,0.003025650557,0.002925357628,0.005016464716,0.002222205447,0.003124072196,0.004820389342,0.005177776950,0.004754462522,0.004747352193,0.007332592908,0.016711847677,0.033312173534,0.036077094433,0.020832995870,0.013789858718,0.013731741824,0.020490995727,0.029678567488,0.030725033772,0.031968116806,0.037817274023,0.041837998671,0.055373099921,0.068849568865,0.133781173124,0.490389077647,0.772450981654,0.414610035338,0.142380871831,0.085242984250,0.131916448009,0.135600332810,0.098794401785,0.056460450642,0.032980212427,0.019302690803,0.009395845578,0.014861056903,0.038230696439,0.058245429375,0.061564156488,0.036096126367,0.016850656781,0.009354476104,0.004892642155,0.003069363931,0.002675192601,0.002040248357,0.002918267657,0.007257979605,0.021378676327
0.027888617573,0.013180387298,0.005141323058,0.002808814436,0.003084070450,0.003796916561,0.003095916114,0.002123764076,0.001226971511,0.000735124980,0.000524590980,0.000566885253,0.001478200372,0.004105435741,0.007827370277,0.008966274109,0.007458158827,0.007485515165,0.012521819855,0.021688641155,0.028036274020,0.022121207111,0.009716159854,0.006360159039,0.008583707494,0.020283437544,0.040883445315,0.044634545560,0.038940864662,0.036369209534,0.035331608586,0.047504735215,0.063312683764,0.125107024054,0.491217429975,0.841733938568,0.313121065076,0.100421807461,0.060556059448,0.077134916716,0.076245518962,0.070302385424,0.063203704294,0.034295095647,0.013767831494,0.007818804854,0.012003982673,0.026033982558,0.041367090719,0.055536823340,0.035993011167,0.011394570808,0.003212204293,0.001301182939,0.000948494560,0.001063323623,0.001066311944,0.001599924465,0.004632052901,0.015165579243
0.019430376928,0.013346244655,0.007223111945,0.003578150191,0.003016795026,0.003385712500,0.003442435381,0.003088522450,0.001695483532,0.000923338404,0.000679287015,0.000715244474,0.002112958112,0.006515007830,0.012786168062,0.013211018431,0.009179861409,0.007073994311,0.012739032287,0.027810724267,0.020967437812,0.009702191497,0.004131492303,0.003247536326,0.004942901109,0.012970572189,0.031566025545,0.044066351341,0.047015917388,0.043974364562,0.038248946424,0.046885945907,0.066153906386,0.126889101162,0.388238098877,0.892507034692,0.443882012687,0.143861700093,0.051324952079,0.040024172201,0.036690872973,0.038498685064,0.059481623793,0.031731825101,0.009736618842,0.006127983447,0.008106275861,0.015096334373,0.026341294820,0.043504854147,0.030092832673,0.007306849657,0.001417176812,0.000483163451,0.000315018752,0.000378842401,0.000525326772,0.001005603897,0.003157099005,0.009685992183
0.035531379497,0.035120302798,0.018260473609,0.005850124506,0.002569583196,0.001757282025,0.001511550089,0.001621973328,0.001319387567,0.001166614762,0.001156578208,0.001197603418,0.002927808678,0.008725221632,0.016902826886,0.018320289642,0.014996102667,0.012581392955,0.013627528232,0.016479647606,0.010991139789,0.006441812870,0.004177092131,0.004159114352,0.005579229421,0.010261950472,0.017991572200,0.023727337498,0.028163976959,0.030409455132,0.031599305119,0.041195521906,0.061418915511,0.126993877631,0.365852614549,0.916710498830,0.483169008250,0.141748283301,0.052668380735,0.040911563862,0.029692568699,0.027575840227,0.024158832845,0.010287651528,0.004377814261,0.002671063957,0.002877678231,0.004778063635,0.009871979239,0.021468914955,0.018799226934,0.005855854431,0.001434599895,0.000490320709,0.000258396404,0.000247963183,0.000331815602,0.000753720594,0.002956353210,0.012155610147
0.058522646016,0.068268664394,0.028339450027,0.006711937496,0.002121847403,0.001207180145,0.000890467721,0.000915058851,0.001030281284,0.001570731735,0.002178148748,0.003046616299,0.006565818752,0.017632371310,0.036121391062,0.042544433527,0.035836765092,0.025528107147,0.018582165245,0.015714659292,0.010039416256,0.006437575485,0.004333253432,0.004038004131,0.004717896544,0.008588983839,0.014668242587,0.016152106558,0.014154574210,0.013725524355,0.017947117477,0.032559901413,0.063867019989,0.163380600617,0.418270652871,0.895850379178,0.568676895246,0.183972593309,0.068495245878,0.049634211165,0.024934934156,0.011169128509,0.005749991361,0.001675985743,0.000972678640,0.000706447999,0.000819305564,0.001237647132,0.002614562084,0.008290219525,0.012705594240,0.005972990457,0.001783324801,0.000523533607,0.000244127126,0.000242994067,0.000385607440,0.000965821872,0.003637744792,0.015996496280
0.070418438593,0.084339091255,0.034063524610,0.009166516268,0.003419311784,0.002119444828,0.001760886277,0.002342757374,0.003393068054,0.005053738592,0.005188620677,0.006169961484,0.013865496385,0.039366192130,0.082559534098,0.086131424201,0.061964335339,0.037506922639,0.023707863582,0.017022333282,0.010519234932,0.006695862732,0.003880301809,0.003168151874,0.003725272041,0.008326872782,0.016334402134,0.017993539438,0.013986610899,0.013504433602,0.018201154217,0.032433293108,0.067346426100,0.185404577677,0.446196152542,0.901749061529,0.628363237364,0.223565069097,0.090866361462,0.051424812971,0.020514676899,0.007078506363,0.003743866340,0.000969360017,0.000673284884,0.000514433275,0.000448388682,0.000425140751,0.000961008543,0.006635357502,0.015328308358,0.004296937685,0.001405578647,0.000444497308,0.000227075266,0.000235767733,0.000390812551,0.001063410763,0.004438144914,0.020046237246
0.058913119689,0.087961104467,0.047209683897,0.016591542220,0.010022758748,0.011272803751,0.012067794839,0.011985973911,0.009756709329,0.010064220471,0.010294835155,0.016444387799,0.038183728514,0.086226558970,0.137879293354,0.112014473465,0.063390254621,0.031328931625,0.017883392695,0.013812957486,0.012351331311,0.011505964001,0.006633409284,0.004196208625,0.003584611950,0.005860405469,0.009639402653,0.010560358659,0.011459128031,0.015457717853,0.027102279104,0.048914299425,0.077967469683,0.154778810040,0.365052981605,0.930538288339,0.727972496087,0.216983054086,0.089890200454,0.048269948737,0.019163616037,0.006727209508,0.003771522919,0.001536989378,0.001269954696,0.001078927731,0.001014336057,0.000888336011,0.001234317889,0.003552753206,0.004943520576,0.001755940773,0.000900312137,0.000526309300,0.000351522450,0.000363641976,0.000473976365,0.000931733845,0.003746300907,0.017791014638
0.045041873004,0.057523099496,0.039248832712,0.019487681563,0.019456529702,0.036714453801,0.054501025841,0.044898604771,0.018085544496,0.011051736475,0.014692580500,0.036065016635,0.099856502934,0.190464940327,0.209206139226,0.118601161883,0.046477299209,0.017463413949,0.010450933767,0.012866888870,0.021538769716,0.024615943207,0.014598291527,0.005775344134,0.002800484748,0.003339763964,0.006136672926,0.008210719665,0.010572413649,0.017237371835,0.034392301659,0.061697447481,0.082931075983,0.137207749651,0.359133050907,0.997608446064,0.785883246304,0.266132361694,0.106882434182,0.055232755279,0.031506644303,0.018948620988,0.012317517559,0.004925377315,0.003195752755,0.002638022500,0.003477619455,0.003657274303,0.003248334871,0.007120092596,0.009145053051,0.001853980734,0.000483922099,0.000519116865,0.000834440267,0.001665304411,0.001966941020,0.001914152904,0.004345356490,0.016805489379
0.025074474453,0.027620507591,0.023854997730,0.016907865136,0.026936525063,0.075208087875,0.132795802190,0.089637263679,0.025404448073,0.013612665851,0.020108008537,0.070090165090,0.205755479014,0.332123030646,0.253929842018,0.113236240620,0.038731652722,0.014605170906,0.009786497115,0.013198452071,0.020902893581,0.025937676273,0.026616942186,0.024221054380,0.018497478733,0.015050065052,0.016579698067,0.012321711317,0.012218608571,0.019584411523,0.040130377058,0.072420670681,0.092014588871,0.150495985190,0.375592879134,1.033414063025,0.907710112431,0.337078290315,0.130387409065,0.085707739244,0.080638326761,0.063295692376,0.034231630784,0.011139111287,0.005290568139,0.004800564604,0.008898308731,0.012021031923,0.010577453873,0.010473530862,0.009896009073,0.003393436520,0.001048372127,0.001318118227,0.003981911072,0.011777791251,0.010539959525,0.004537567870,0.004761004219,0.012016072587
0.012834174257,0.014023747480,0.017952074283,0.021737452809,0.045638830439,0.118940378735,0.183766746366,0.136936128957,0.050312838943,0.029999924829,0.038957768668,0.106239947814,0.255227880895,0.364683967724,0.262427427322,0.132881398386,0.051733961718,0.022719002368,0.015804464609,0.017990919646,0.021390040818,0.019318562122,0.038333407474,0.080325603848,0.054485642046,0.032333176046,0.029379626055,0.018092010266,0.017886766256,0.030948849606,0.051395710421,0.067174073294,0.087363415699,0.155464908775,0.369075126348,0.873951894098,0.911650212209,0.392578832984,0.146598283650,0.103920047101,0.123794457977,0.134057287724,0.114494347963,0.037534095771,0.011870717451,0.007454385155,0.014519728778,0.029477534334,0.037734668646,0.033943520390,0.019761422523,0.010991842518,0.005531892645,0.007690662904,0.022132669578,0.046064035600,0.025777569502,0.007579650739,0.005153172039,0.007646433559
0.020047885983,0.018085326656,0.021637594046,0.030061049036,0.061060573289,0.132783738057,0.164957006944,0.139911724056,0.074760814800,0.051417021698,0.055354706849,0.114686562526,0.244687761335,0.371604790738,0.295049620184,0.170543680996,0.084002812366,0.048186478622,0.034215165362,0.029090146535,0.025951108259,0.021310446696,0.048487523156,0.152702310087,0.102642514892,0.036368869785,0.027760695792,0.027501056961,0.036591136293,0.036712238676,0.043162181235,0.062052612242,0.108885293553,0.215006374204,0.418968386596,0.684189216662,0.695698309942,0.403404497269,0.194750752564,0.135648352470,0.156494912265,0.189545564626,0.232468695790,0.099950820048,0.029942059875,0.015229067179,0.027496742140,0.065490885108,0.106199573119,0.105857374171,0.057612577787,0.035455758819,0.024396479035,0.029522966212,0.047230887549,0.063801896503,0.041147634053,0.022265218309,0.016063580110,0.016582351935
0.034638014531,0.030163897445,0.033897727374,0.038577257642,0.058258024693,0.113800359764,0.102589150112,0.065845252030,0.037317313123,0.040028518236,0.065737071972,0.128428065692,0.194253261470,0.281159035967,0.284527864741,0.211883489620,0.126819878439,0.082387956972,0.060712866979,0.044699619876,0.032742366342,0.039647730132,0.124799946979,0.266117319973,0.263473151579,0.082142441636,0.029422471393,0.015850993340,0.020548745368,0.028044401245,0.046609060989,0.080332292163,0.176916936070,0.337800468501,0.463008849856,0.515412984847,0.443630120705,0.278353413532,0.178658884000,0.143017349493,0.169878470334,0.221911872809,0.223668655993,0.129775849974,0.070158996816,0.037254810633,0.037559332328,0.061060946886,0.123691305762,0.182723333571,0.114596927736,0.073897402739,0.055292778873,0.055980763056,0.064851694325,0.077821652184,0.080023279605,0.085595345261,0.058302393808,0.039032905756
0.051611338564,0.037244332372,0.045208511513,0.056014944186,0.065634110644,0.074711696612,0.038512146852,0.025219032573,0.019388135990,0.031204014810,0.065878565258,0.122580714326,0.163796473489,0.218380058011,0.237140547703,0.219808795034,0.162187723484,0.131346404389,0.102685215224,0.071906279006,0.054048720658,0.074331859639,0.151419683410,0.257061226838,0.263238501936,0.079486352427,0.016623724427,0.004873620817,0.008424288232,0.021380680234,0.057552031441,0.112297320878,0.239149766435,0.383042601198,0.418123832072,0.372772702288,0.289635799135,0.239657082074,0.197308266675,0.171382834870,0.173714025293,0.152909149069,0.140195124567,0.120722340690,0.098252857396,0.059232030693,0.054228849378,0.072917929513,0.160688495482,0.304422444673,0.195937776307,0.091261572204,0.055194520722,0.063873100071,0.101334723211,0.142602301265,0.127880011764,0.144289158923,0.106823298277,0.071698557420
0.107416257779,0.073409809090,0.086426025013,0.109661845862,0.122861657204,0.116952681832,0.051487425315,0.035493887124,0.027359485040,0.038843416423,0.066415250697,0.104581859596,0.134898066667,0.174917928332,0.200088351608,0.194675944884,0.149677293478,0.143222157162,0.153492579227,0.167596154952,0.162985429214,0.157503810133,0.216843466463,0.257485816168,0.253598856769,0.124732916348,0.056953793050,0.040465494715,0.054913562477,0.063578967841,0.084351218591,0.109629113158,0.227129435562,0.353145663542,0.394198300024,0.402555575393,0.314314193860,0.246942898813,0.185095478028,0.139091685972,0.128537327930,0.114642937348,0.120794289269,0.100369688598,0.080308726717,0.068387902982,0.089964499576,0.121040532217,0.207015324189,0.311000709662,0.185004086285,0.091329863108,0.058590298750,0.075742259348,0.128671984797,0.176530864958,0.149214928364,0.187166143914,0.182066599005,0.149727932599
0.198298382757,0.142643174801,0.146885682586,0.161578918199,0.171234152047,0.156867713057,0.068496648018,0.047534329993,0.035747298581,0.046050584021,0.064588434393,0.089746673460,0.125042734340,0.167989741912,0.183852445297,0.155532217864,0.110788847534,0.102921701499,0.109090270124,0.140421634874,0.190352182547,0.198997690775,0.192750307682,0.152590995535,0.116907807048,0.074446968365,0.082694135305,0.124066098660,0.150616140671,0.078246810941,0.056511898925,0.071268602399,0.146494624110,0.242706622899,0.317351549069,0.392400574192,0.341693837480,0.220046083683,0.112808122340,0.075563088237,0.078242410022,0.100548358685,0.165170113783,0.150589197757,0.124253125571,0.131211895364,0.154111886862,0.152791530099,0.176879668117,0.254693316562,0.228311952447,0.185309729464,0.104508640527,0.078513263171,0.094981494751,0.138076791472,0.148736566673,0.211647957701,0.237244099472,0.230351945904
0.285055761224,0.207095799088,0.171125582825,0.161685067699,0.169841202631,0.188284361020,0.118588104028,0.101720847539,0.064247262522,0.046902825355,0.039453474973,0.052055413786,0.093199957586,0.149273782008,0.151288438484,0.110158133360,0.077801857217,0.077091853339,0.083363166371,0.114983570957,0.181620697041,0.223310614863,0.182748940015,0.093275771758,0.043221980961,0.031743268429,0.059736836248,0.111211293401,0.120987792885,0.065239969193,0.040294579622,0.042240832442,0.087897363593,0.166140057750,0.240220520835,0.288582542870,0.298480206301,0.213091843198,0.095834311528,0.054104592941,0.047714867515,0.051040427891,0.093516141458,0.124980136701,0.144749800738,0.169848305717,0.176472289700,0.144306202670,0.134630368653,0.186811154896,0.247026872832,0.314419475245,0.234104468138,0.144892082065,0.108272415955,0.119706930213,0.117903754989,0.165091698786,0.240808813152,0.296299362665
0.370371355944,0.332687191062,0.244028702687,0.181637845208,0.138834252534,0.137133792818,0.099422834417,0.092651478908,0.065223416720,0.053579415289,0.047098688997,0.051103492327,0.066927926032,0.081435409837,0.082212846366,0.065346517787,0.054289607702,0.058790509042,0.062063213623,0.086724271986,0.178885194508,0.296068080429,0.251640270492,0.088463003863,0.026552629801,0.012197651102,0.019479549564,0.036169006613,0.048671062533,0.034648861540,0.027924443394,0.031966541697,0.063896116904,0.110318100288,0.149223961602,0.187684662252,0.215269577757,0.158900563991,0.083454575833,0.050988293238,0.040007282577,0.037424357546,0.062821330117,0.101262403673,0.143144882812,0.163789864347,0.160101966851,0.127870493409,0.121516203612,0.158036049779,0.223522531733,0.345265284713,0.307504715365,0.231660942573,0.136368879235,0.104282080016,0.081385371172,0.102798080145,0.180674593472,0.298419229569
0.361071121202,0.428728867557,0.318361829704,0.206775144842,0.124579534461,0.100622239823,0.069527613560,0.063721914128,0.052029039406,0.051571617937,0.047024038761,0.046800294010,0.052653409524,0.046240685915,0.038661146296,0.032942019086,0.038782838098,0.057837103536,0.068020303940,0.084002350753,0.130180981633,0.198733574369,0.255455341339,0.176659018872,0.064584790435,0.013959258817,0.006366056195,0.003968932745,0.005765694343,0.007859573582,0.012661338295,0.022198345004,0.047461800718,0.074329518002,0.084428315043,0.102716658306,0.176645545066,0.215189327896,0.098448369747,0.047434036256,0.031618980372,0.028358946605,0.043303625299,0.066609362032,0.112335043228,0.154749467094,0.172281619941,0.143408807099,0.120150235161,0.127735340005,0.188311052769,0.343678522182,0.344580276802,0.244332946736,0.137344846130,0.098634395016,0.086029031741,0.085214755096,0.121640095736,0.215136215624
0.332949874883,0.425890366495,0.360706509594,0.232327779032,0.135827640128,0.108687681790,0.075740247002,0.061964253299,0.041460573525,0.036259228376,0.036233397301,0.037930351234,0.041721931225,0.030982577886,0.020850367463,0.018389989120,0.028235540996,0.057014935971,0.073789510427,0.088319301939,0.145206277733,0.257286480772,0.196266294773,0.056938313274,0.011191433199,0.003143715435,0.002818753513,0.003792622312,0.008057909894,0.008582973527,0.009070374143,0.013417213492,0.028048268355,0.045527493838,0.052239876327,0.085033232934,0.231813148791,0.257184523453,0.097501420146,0.040416641717,0.022872609569,0.020547976015,0.035193391850,0.055372533878,0.090322209705,0.127833263036,0.152137025160,0.161597640540,0.189125647176,0.199570236603,0.245048065847,0.335013179168,0.320074734797,0.246484610690,0.136965766269,0.088578859202,0.075744150789,0.086603939169,0.133228133360,0.212859403595
0.268599878724,0.448893307408,0.478210104069,0.281446932787,0.125694478720,0.084890841595,0.051333929196,0.038068604887,0.023361708344,0.022396290079,0.025580890412,0.027351834352,0.026188560905,0.017100055798,0.011197937152,0.011798879907,0.023136535373,0.060052385948,0.086616973475,0.102255049366,0.143518989623,0.195015860316,0.097299986963,0.017308118862,0.002760684431,0.001246850556,0.002182341718,0.005074369217,0.011762513584,0.012690051158,0.015565460741,0.017654207430,0.021182523123,0.026848277600,0.030612911597,0.059780753067,0.210964431905,0.260372334184,0.081528125579,0.026653691837,0.013983526570,0.016701036660,0.036567784626,0.044599783419,0.073501178794,0.117471232205,0.157747326041,0.180776758807,0.220663757715,0.203836601070,0.246785453330,0.325485229699,0.309264055100,0.215999053762,0.118846126526,0.083589413928,0.088023437008,0.106361635732,0.126321658560,0.160152012111
0.246704960387,0.445181925234,0.539998653031,0.329174542924,0.129723641706,0.066006100355,0.027485985852,0.016071140139,0.012374852490,0.016476756982,0.021128215598,0.021202917482,0.014412045291,0.010531926786,0.008608349056,0.010742610501,0.022379882896,0.062552878808,0.099067868069,0.117547313600,0.127539010510,0.114048022414,0.058884818392,0.011046968243,0.001723385657,0.000643465427,0.000952959055,0.001768709822,0.003911364595,0.003793897092,0.005159682159,0.008350888838,0.013878987959,0.019010796959,0.022806203199,0.055649281362,0.283053820932,0.251859554631,0.058328938547,0.020952534321,0.011381817265,0.017465969152,0.039540288684,0.038971936211,0.063720031184,0.096129866719,0.136136465942,0.194025783988,0.250131642365,0.207313028058,0.238065814279,0.310105417965,0.303943779008,0.199414058348,0.104409073963,0.075442871256,0.087394013998,0.114899373619,0.130488199808,0.148082478678
0.237664718306,0.482044344213,0.611848274282,0.299891400078,0.087361833819,0.029984615612,0.010811144830,0.005849793685,0.007093178893,0.013646617684,0.019631014156,0.022333953957,0.009339970863,0.006218326921,0.007353875607,0.013360754700,0.031836179542,0.079654283004,0.090861029461,0.084153923916,0.095287761983,0.104669203437,0.044901650881,0.008008959061,0.002043922079,0.000927381347,0.000769338181,0.001155122689,0.002467353351,0.003857668425,0.006773972271,0.010904493170,0.016366708222,0.020211472976,0.025261972421,0.104672573371,0.412526028068,0.182182658133,0.036857914897,0.015284070657,0.008751073627,0.026611598362,0.034418937678,0.033981370409,0.063876907122,0.121644274034,0.186414129223,0.228330580305,0.252339562577,0.189864223911,0.219499383413,0.287652810988,0.271567875600,0.156026530216,0.076349058048,0.061135834134,0.090689121679,0.133799562017,0.143122240201,0.140376649257
0.295753830732,0.538910313312,0.548645441799,0.225078051895,0.065535660919,0.023404291243,0.006002916963,0.002510247664,0.004905095299,0.011947908391,0.021079054086,0.027362882202,0.007157656878,0.004149800485,0.005580808350,0.011993975218,0.033255944953,0.089579904612,0.091002122855,0.075421701704,0.096065413633,0.123319208535,0.056179334552,0.013238631749,0.005226159006,0.002022467079,0.000992127819,0.000855819823,0.001613965209,0.003794766043,0.009623989664,0.015210633881,0.018786763796,0.020573381613,0.024555355362,0.136930450216,0.553440324597,0.199967973637,0.041328558678,0.019869759924,0.011946205304,0.021330091386,0.041004740220,0.061436966624,0.115034975637,0.174874254284,0.200604159012,0.199140788800,0.202374374694,0.160920591299,0.202274997727,0.267459725830,0.247474635738,0.127155676026,0.062746069169,0.053543524713,0.084179821817,0.128734042604,0.158007804490,0.165827481128
0.392593073399,0.517717980029,0.387794212915,0.140026734267,0.041280680526,0.011689084334,0.002572248107,0.001511465907,0.002971337833,0.006874331785,0.012067250370,0.016972473144,0.005359041024,0.002891736763,0.004250674612,0.009795145453,0.024907797415,0.064130251701,0.069346575305,0.068885884915,0.099433072971,0.115664368496,0.050830132549,0.014307354068,0.007361364158,0.005261206178,0.002453024564,0.001543122589,0.002042026252,0.004530463589,0.011487062935,0.018550466442,0.023914766811,0.031474321685,0.048488695539,0.279372816840,0.645991806517,0.182205234159,0.052861478582,0.029126691459,0.020340402920,0.040351731670,0.075368249860,0.106691327900,0.190285074705,0.248026333669,0.217975957096,0.150106632489,0.113724095044,0.088226535557,0.130985807512,0.196224684673,0.195477127345,0.105408939886,0.052112300084,0.046005775504,0.076372479678,0.132744751417,0.214054455581,0.255174498354
0.393427806741,0.342199475030,0.189247762946,0.060119099715,0.017871704189,0.007942292641,0.002067733482,0.001012730020,0.001410610913,0.002587101536,0.012694501389,0.021589025303,0.003099121670,0.001872891698,0.002859250452,0.006416728825,0.014799152575,0.035692474261,0.047299118976,0.062224889210,0.080307027817,0.078260167946,0.044109167200,0.022696019467,0.019536586119,0.006697715201,0.002317799252,0.001688246284,0.002610041308,0.004190691351,0.010244393746,0.018575161098,0.027262152890,0.044935271662,0.107675198786,0.586485842558,0.723660196039,0.169579260538,0.056380572523,0.035582890069,0.028795941425,0.043478436611,0.094447441097,0.131691584608,0.197411070377,0.249440321103,0.211201954496,0.112032509643,0.062272108151,0.039601426176,0.054180460982,0.078190002213,0.094844606791,0.072260460031,0.044514485017,0.045046239357,0.071945678566,0.129540290173,0.253035136057,0.332274884356
0.274867226526,0.159255489718,0.064439805406,0.018176933359,0.005055461313,0.002216305313,0.000847246041,0.000511029277,0.000508045597,0.000737381060,0.002536721365,0.011340244784,0.003587088173,0.001908208113,0.003947069759,0.008302596234,0.015800298195,0.034237526431,0.036720065498,0.036854571632,0.047264703739,0.066654818502,0.044577276924,0.011075032965,0.004093378224,0.002364792450,0.001614315245,0.001180127953,0.001735795683,0.002850015133,0.007394036745,0.015069317023,0.024080196668,0.045276712525,0.154581678926,0.899424919966,0.731066559218,0.123067749404,0.046122647139,0.038829651893,0.041794604084,0.054219290295,0.095659178503,0.117003897461,0.138376851466,0.152058740886,0.134536154089,0.076305561838,0.040903695965,0.021157952810,0.019881499413,0.020807201440,0.027054203224,0.028889460760,0.022139980983,0.029610389937,0.049292718472,0.095883824687,0.218905451271,0.297298782950
0.141909400219,0.053948977269,0.015715482350,0.004693053286,0.001814405031,0.000956920183,0.000483774810,0.000271422776,0.000223112411,0.000610270759,0.013691262823,0.013640310101,0.001988302026,0.002057645046,0.004087273507,0.009326304799,0.020087707047,0.047183919748,0.048525665260,0.041481293962,0.042733942449,0.042681001606,0.020616534913,0.006438310598,0.003569052474,0.002118774890,0.001474957146,0.001092374139,0.001377682161,0.001812289286,0.004777206445,0.010941498928,0.020042443735,0.047847231809,0.224266574814,1.183071977653,0.585149835317,0.085307145505,0.044805549377,0.049843562541,0.060311073610,0.062233486839,0.073350874552,0.064638174967,0.068547543945,0.081926640459,0.081466642101,0.043521779033,0.017520031142,0.006377384233,0.004726977421,0.004923827289,0.006914036485,0.010209233007,0.007865862537,0.012181568516,0.023012170441,0.054701420754,0.152414458469,0.206927908457
0.061009310635,0.017457012593,0.003912533094,0.001365657398,0.000974708650,0.000711576154,0.000415633461,0.000226908171,0.000166455470,0.000263546529,0.004915994914,0.004643572589,0.001576726721,0.002199522631,0.003844626125,0.008142108329,0.015398137665,0.034372718118,0.041879997563,0.048213491994,0.053133472080,0.035401845571,0.009696220573,0.004384122532,0.002705766220,0.001644820271,0.001705756553,0.002697168918,0.001964748667,0.001204478209,0.002778946538,0.007799290857,0.019457032145,0.066961020398,0.337153769726,1.276459640098,0.440605116280,0.074826652452,0.048804189465,0.056051401556,0.066822552532,0.059066395764,0.054265612655,0.044024627988,0.049836384280,0.062804338133,0.056639984487,0.024718654059,0.007033478050,0.001890436665,0.001123407417,0.001204524037,0.001952805485,0.003202756024,0.003890858605,0.005027934311,0.007204658859,0.024912364791,0.082884812254,0.109229839349
0.042273216803,0.011468438213,0.002462353319,0.001149056952,0.000888156887,0.000659786564,0.000373792248,0.000188939589,0.000124679258,0.000232118759,0.003226142630,0.001571699929,0.000742257380,0.001403340295,0.002888745161,0.006443631774,0.011465664415,0.020298096915,0.021812057032,0.030997816686,0.037360570198,0.017899872830,0.004598440326,0.003083239001,0.002083933667,0.001290841478,0.001051788783,0.002252482091,0.002154287183,0.001113637460,0.001757540152,0.005054577110,0.018147158482,0.081227073546,0.389485380092,1.268780771147,0.337048162185,0.061394970721,0.048306053181,0.050499200500,0.050577473534,0.042775907841,0.040169889624,0.036431015081,0.044692392836,0.050491798235,0.038258011738,0.015505231150,0.004354216316,0.001207593390,0.000713108030,0.000808159248,0.001504552138,0.001396203367,0.001048458913,0.001155593194,0.002859827674,0.014630463319,0.057348263200,0.076927448543
0.046267395899,0.015050820170,0.003329039433,0.001357154169,0.001048311228,0.000813181433,0.000495260503,0.000264769298,0.000165804654,0.000312244811,0.002541890533,0.000683643110,0.000677182770,0.001598033098,0.004013006029,0.008599331769,0.010546195737,0.011047226365,0.008923126924,0.015590749718,0.027319598829,0.012644418614,0.002606669154,0.001745968753,0.001425705554,0.001072609936,0.001079082259,0.004304820088,0.003225821926,0.001222272391,0.001583703207,0.004893975659,0.022027630682,0.112653970193,0.550696840733,1.307433798129,0.267020548176,0.071505237012,0.063219766693,0.056297018808,0.041281239378,0.027748761157,0.029463094950,0.029286015476,0.032577133155,0.030452868047,0.022377878867,0.011655026406,0.004545773464,0.001558473995,0.000929318836,0.000860499914,0.001084733076,0.001284671359,0.003561198162,0.005141159824,0.001754906902,0.008742630785,0.039097706714,0.065635178215
0.053975674502,0.021355323802,0.004798166650,0.001551126967,0.001253046605,0.001133784272,0.000818113678,0.000468893100,0.000271674835,0.000634224018,0.000997593135,0.000337817061,0.000772008841,0.001923790337,0.005007042813,0.008902450981,0.008792419258,0.007236079591,0.004747607327,0.005439274824,0.007878259444,0.004162985312,0.001339422485,0.001133233697,0.001127204505,0.001120343032,0.001816944707,0.003748486658,0.002122839942,0.001038077238,0.001764015040,0.005493867470,0.023943362694,0.138609300820,0.897536348826,1.167435323574,0.187376694628,0.090795828627,0.080435560352,0.059058137512,0.037092203435,0.023325615064,0.027467612374,0.018053149732,0.016316840136,0.016146058035,0.015201796519,0.010244473441,0.005038741901,0.002327972081,0.001725881900,0.001599524779,0.001780993192,0.006232463558,0.032793014995,0.003071492172,0.001716296112,0.005308093429,0.020969819796,0.050907895873
0.053960784551,0.017476380362,0.003731899790,0.001663016313,0.001631809628,0.001591396167,0.001181137033,0.000654010095,0.000351051594,0.000804188673,0.000571453548,0.000359919350,0.000762215550,0.001701368784,0.003838322929,0.006365201354,0.006539693176,0.004972045345,0.003156401845,0.002286664855,0.001562259951,0.000998808901,0.000586202175,0.000652311204,0.000960779504,0.001488476305,0.005789839830,0.023487159774,0.004727814235,0.001019557692,0.001971696240,0.006038814051,0.024654651057,0.154961869717,1.151369212881,0.908518506695,0.133141346790,0.079638209046,0.067886278442,0.049879274859,0.035741287114,0.020441563198,0.019014246509,0.009260034688,0.007042643966,0.007322183219,0.007315610875,0.004441340946,0.002301351091,0.001744935557,0.002300802303,0.003110781390,0.003518793364,0.006647199962,0.008270546293,0.001989666410,0.001786783299,0.004420377935,0.016162098686,0.047203059345
0.045898117347,0.010171348199,0.002309928794,0.001471212517,0.001705979664,0.001882095865,0.001525515670,0.000865376731,0.000508054052,0.002744552195,0.000886931378,0.000322982472,0.000608620582,0.001237762770,0.002575765353,0.004167856477,0.004461937722,0.003220036523,0.002419101585,0.001668811134,0.000922904692,0.000490920575,0.000309490757,0.000405692192,0.000851655269,0.002922936060,0.020665870793,0.034281513900,0.004401513643,0.001434155320,0.002973985046,0.009116087061,0.032629389781,0.196636416121,1.318329495542,0.780307910874,0.125559480859,0.069075762091,0.053820630631,0.039522001083,0.032518058279,0.020398624288,0.016374030810,0.004861612323,0.002789022079,0.002548583957,0.002488497265,0.001426947932,0.000880879738,0.001195815762,0.002882140274,0.005565533872,0.006178129031,0.005981777517,0.004942815103,0.002691432797,0.002414907351,0.005920214513,0.019747229924,0.053990719907
0.030524599471,0.004068881993,0.001033192941,0.000825344205,0.001110142218,0.001553872201,0.001649320083,0.001158425472,0.000705331768,0.002877305765,0.001046055666,0.000272157468,0.000409259714,0.000706075534,0.001307128847,0.002107865972,0.002418354213,0.001841303111,0.001397452034,0.000944308217,0.000545366697,0.000320760459,0.000189172184,0.000257946025,0.000706794154,0.002926037695,0.012374041377,0.030076302868,0.006141624102,0.002092373959,0.005246031981,0.014281699928,0.040290246017,0.212501578463,1.407760292564,0.708282579377,0.104536328846,0.053372821334,0.044455043895,0.035930338165,0.033680323370,0.023217871629,0.020227672974,0.005216068514,0.001871165668,0.001401478266,0.001102463157,0.000573756274,0.000436071718,0.000939199290,0.003545959360,0.008389715211,0.009210583337,0.006599634431,0.003607570266,0.003678836583,0.004914775579,0.007780090082,0.025021415314,0.058232298306
0.030637146287,0.003390819963,0.000798259269,0.000575796298,0.000729311483,0.001107954014,0.001476394193,0.001451594454,0.001171631973,0.003129240861,0.000642856529,0.000324364067,0.000346052860,0.000441462677,0.000672771800,0.001079539751,0.001457125891,0.001366714803,0.001649111381,0.001369815213,0.000669979519,0.000272072814,0.000139841248,0.000189008907,0.000580578411,0.002438121271,0.010450220221,0.040934683002,0.012458937136,0.002862235821,0.006657331729,0.017277713284,0.046800949633,0.224541443670,1.443904521296,0.650909726840,0.101324408453,0.052561380855,0.044458447917,0.033844490939,0.035505841255,0.017107402059,0.015193863549,0.005525390301,0.002152083878,0.001418641444,0.000833135773,0.000397155537,0.000311478077,0.000712594670,0.002885480138,0.006521675852,0.006375874323,0.004303804227,0.002282344672,0.001917511114,0.003707567244,0.005983324845,0.024817791035,0.064056976714
0.035811280917,0.006803163863,0.001721115459,0.000861990551,0.000772175730,0.001070365761,0.001594730211,0.002042933410,0.002099649790,0.002336221054,0.000950525235,0.000499367029,0.000382480878,0.000362183368,0.000462489778,0.000654610511,0.001003263675,0.001329980171,0.002972777587,0.003997997381,0.001134256436,0.000289957576,0.000190012063,0.000308654214,0.000780944890,0.001375557247,0.003627861190,0.019822150354,0.017042845623,0.005384385061,0.007299487058,0.019618533159,0.055200183793,0.225427768143,1.343692867332,0.824487208122,0.140148604800,0.080820533050,0.070658637538,0.057290458383,0.054832756615,0.018172756966,0.011473295772,0.004761577895,0.004008519426,0.002104177391,0.000956741515,0.000481184030,0.000345060037,0.000504104426,0.001206520537,0.002050800833,0.001854275026,0.001610942143,0.001316200405,0.000665681772,0.000775831422,0.003223540770,0.016014235118,0.047276024518
0.025214913240,0.007189330196,0.002490729333,0.001194638479,0.000891950247,0.001092402102,0.001515725007,0.002030485028,0.002291662668,0.002483832670,0.001605732243,0.000841941265,0.000687812575,0.000623047674,0.000683402832,0.000712318132,0.000926662667,0.001218476713,0.003287374647,0.004004458501,0.001411492299,0.000538537165,0.000432675012,0.000745752134,0.001508613785,0.002261301961,0.004242458279,0.009783128402,0.008030257144,0.005953678839,0.011814547087,0.027367887055,0.065354823988,0.189412386283,1.027575868796,1.156590033131,0.232845411531,0.132199159078,0.115267686531,0.081022105785,0.057958364224,0.026699081992,0.027834251302,0.013755312266,0.006682561739,0.002439004515,0.001138973289,0.000682714151,0.000469297783,0.000437872262,0.000612493391,0.000606364175,0.000372000622,0.000429969972,0.000873625117,0.000246745296,0.000348176660,0.001592970590,0.008310854225,0.024528082270
0.013809456707,0.004378627856,0.002111961935,0.001298121053,0.000942295689,0.000970412029,0.001165865706,0.001686623088,0.002227211239,0.002539686429,0.002964098942,0.001499061617,0.001307868827,0.001124310879,0.001077419597,0.000941763903,0.001183712196,0.001621112164,0.002261009160,0.003002347475,0.001887985748,0.001349411144,0.001467761488,0.002478492171,0.003775007072,0.004720985324,0.006545654353,0.022380783661,0.014849659531,0.011553925897,0.018248003407,0.033151149352,0.063963275316,0.142351995645,0.596657985326,1.338727580830,0.374496046523,0.184931318263,0.161654066987,0.116172588974,0.077387854572,0.041765343566,0.055877624403,0.034677272570,0.010447434311,0.002855269851,0.001495504114,0.000915395321,0.000521899426,0.000291853726,0.000307656998,0.000372227157,0.000208162226,0.000108437610,0.001024934117,0.000204770815,0.000214667615,0.001257026856,0.006719364359,0.015154670265
0.005926914597,0.002377287402,0.001711342756,0.001438061130,0.001147165772,0.000990820584,0.000853619124,0.001165004275,0.001719733053,0.002334195469,0.002919300254,0.002303074013,0.002152921349,0.001890803833,0.001777779994,0.001522285865,0.001861147797,0.002492612264,0.003172005881,0.004595122149,0.004294172860,0.004568142224,0.005521965500,0.008739795344,0.010458951083,0.011419466699,0.012654561816,0.018654782913,0.024260411398,0.023783281876,0.027725083563,0.037212496998,0.057827570344,0.100695767511,0.278530117250,1.247903174085,0.712659445428,0.270377705782,0.194905806127,0.150179219838,0.098917996269,0.057027747241,0.095393152227,0.078579152504,0.026603466466,0.004547326410,0.002346957409,0.001463318854,0.000759074399,0.000317386027,0.000191787909,0.000225379015,0.000098269143,0.000050000000,0.000823708231,0.001124828322,0.000224393092,0.001410977943,0.005328492147,0.007018626781
0.006316053794,0.002609823877,0.001751109448,0.001314245015,0.000999315655,0.000838280946,0.000614896399,0.000755695971,0.001119174602,0.001701934605,0.002094607180,0.002308595477,0.002652442238,0.003035444833,0.003823644806,0.004591254402,0.006088406867,0.008105999553,0.009169587640,0.010704970305,0.009996164051,0.011691329728,0.014558445725,0.024681801960,0.028553411413,0.028838931808,0.031495741242,0.042232939397,0.059264159740,0.045848015069,0.036516952623,0.039358698421,0.058519529699,0.108717141030,0.212074626677,0.783375585571,1.089151501102,0.547275495175,0.263079112449,0.191581639296,0.169345893420,0.145681896077,0.230042698207,0.120724256418,0.050344466536,0.013455666520,0.006304758541,0.004184505592,0.002641340802,0.001307011655,0.000604540801,0.000278080847,0.000138659656,0.000066949432,0.000181273751,0.000619335855,0.000287298333,0.001586670073,0.005231192165,0.006415630186
0.008159488491,0.003292593401,0.001697732460,0.000894616823,0.000556567171,0.000479920052,0.000421644025,0.000507651272,0.000618873496,0.000825751623,0.001015157531,0.001303837279,0.002111783547,0.003766666131,0.008091090586,0.017986692154,0.029555325812,0.037246059364,0.030866986719,0.024137885915,0.017091900929,0.018948902241,0.024842997715,0.055633947576,0.075536568400,0.049449264022,0.046943229309,0.061756319876,0.104837707782,0.083165834256,0.039005192245,0.034506978393,0.055427439359,0.125496530264,0.215778524949,0.331500679577,0.504018551663,0.958451663431,0.700741393836,0.281594253831,0.217186180244,0.139607775148,0.215795280611,0.159311184778,0.098083354325,0.045445120310,0.042844505720,0.041514809170,0.024035088219,0.008768675367,0.003692133829,0.001719258608,0.000978678840,0.000577417464,0.000270567645,0.000198430457,0.000499534651,0.001879213829,0.005134189633,0.007330082758
0.008909776272,0.005596587028,0.002960282820,0.001151661691,0.000456617731,0.000266348398,0.000234188116,0.000329146199,0.000487150410,0.000664330876,0.000808729912,0.001048406633,0.001791953730,0.003420377052,0.007850959117,0.020527103751,0.054165693881,0.103223922050,0.105184053404,0.064516287611,0.030659587325,0.022903016207,0.024471768151,0.046440377411,0.091786393297,0.078233970888,0.053473763842,0.066232543364,0.073462264574,0.050849885890,0.031130026716,0.024729375392,0.038511934399,0.106159522592,0.194722465290,0.290114870069,0.243650675896,0.351389801841,0.661817659389,0.840458434232,0.616889978720,0.194315522524,0.152161580935,0.108815132012,0.107205705995,0.084563399857,0.104643003099,0.135759270814,0.129694171999,0.059704532116,0.020652891323,0.007148649605,0.004355680537,0.002336978275,0.000992383981,0.000454514595,0.000496543197,0.000883863302,0.002345220520,0.004406472199
0.006708291275,0.006006715828,0.004769301775,0.002258941810,0.000771217360,0.000345789521,0.000267812383,0.000348080939,0.000605997358,0.001013100623,0.001402531505,0.001743416449,0.002391355335,0.003388772016,0.006027137222,0.013575587196,0.039721480504,0.097602400570,0.164168784037,0.136253315347,0.068022779835,0.035111915210,0.024578064679,0.035842284180,0.061907785463,0.075269349155,0.056965649881,0.069583278634,0.061145259106,0.036884997418,0.021789251790,0.016896776407,0.026157432132,0.070607249363,0.156960350627,0.293904904951,0.240065996722,0.228527390409,0.232582975748,0.372234900454,0.824946361294,0.578549822517,0.377564447193,0.133164179353,0.092098965995,0.076435375922,0.087043716071,0.146987593911,0.195645213239,0.168265256128,0.096694078181,0.037871933397,0.017507710577,0.006035272381,0.001738057191,0.000537804562,0.000455050606,0.000595381885,0.000907259051,0.001587674208
0.005323129682,0.004288316383,0.004005852608,0.002859706435,0.001327561567,0.000637193224,0.000443249587,0.000492156427,0.000738336551,0.001181125905,0.001736445173,0.002239555144,0.002867728298,0.003532265832,0.005591994748,0.011805463197,0.029533135886,0.064781578619,0.138399050779,0.169079514882,0.127759025916,0.079553169806,0.052355152044,0.081628885287,0.068220922518,0.037510208960,0.034142678143,0.060574713911,0.064375878622,0.044132321209,0.025586819963,0.017607308519,0.023216461735,0.045750437991,0.108137097910,0.259733445649,0.270389265208,0.310449973895,0.292862371328,0.296014193152,0.330887735005,0.306907859268,0.550214750975,0.452320909012,0.309076836956,0.130684832834,0.100250309219,0.140893653129,0.196486531239,0.197728266801,0.169762775478,0.163617381628,0.154103119067,0.059647416123,0.011155184384,0.001515763273,0.000468283210,0.000533832544,0.000730375254,0.000873646566
0.005733429072,0.003922249505,0.003497866895,0.002716088376,0.001719180301,0.001090479175,0.000775712167,0.000768687413,0.000925428825,0.001188506244,0.001540312060,0.001818861052,0.002087353603,0.002323352907,0.003596653741,0.010750335023,0.033308063314,0.068409563550,0.137834156319,0.170562686131,0.136902851475,0.098875630211,0.071074361587,0.066530250117,0.062423369697,0.051907645682,0.033250004844,0.043806088313,0.056120772251,0.051578259939,0.036449556519,0.025497172882,0.028557345783,0.040788122551,0.073124479791,0.182113011394,0.216503392754,0.291168357697,0.293379542148,0.279603224612,0.292816670971,0.208186073084,0.239452548980,0.202810364013,0.313778114290,0.334948047205,0.390928500003,0.387268486670,0.280408982993,0.175479174749,0.148253335846,0.132932669989,0.160528525873,0.197755639495,0.146941168415,0.043944615398,0.005928284159,0.002170683831,0.002649820834,0.002288623173
0.007919131663,0.004225295022,0.003845212976,0.002797390906,0.001666405443,0.001079675402,0.000832833046,0.000885359594,0.001065674891,0.001312640949,0.001580034415,0.001622540457,0.001477374860,0.001226816760,0.001230865527,0.002783303055,0.014431543978,0.050662011104,0.145360863592,0.193292805922,0.153055653705,0.097833166152,0.067513461410,0.064204032653,0.052898724242,0.041254653109,0.029673984481,0.044023518921,0.052780900660,0.045999164623,0.032074614446,0.021846681097,0.024179152237,0.032784974458,0.049462904737,0.084672303848,0.097810932026,0.133625478574,0.170718646624,0.217863746815,0.227596090498,0.170153562519,0.191941673999,0.144654319941,0.126979757210,0.099271318314,0.159869351527,0.384072912192,0.548744599643,0.416826489156,0.272026061813,0.152696315838,0.127601124428,0.135385915573,0.146659617299,0.119744706830,0.067633493676,0.029042796091,0.015081549189,0.008973993352
0.011234056636,0.004296508621,0.004009723838,0.003238539103,0.001785029829,0.000985598132,0.000719078725,0.000775573029,0.000992551211,0.001333404568,0.001813867841,0.002032677105,0.001725370897,0.001107143270,0.000693468092,0.000704567131,0.002501304311,0.011769067881,0.068238157682,0.163320535658,0.188515826010,0.118492150969,0.068643925526,0.050322879592,0.048175017498,0.059888620994,0.040174289561,0.058900458809,0.071078420959,0.055463215194,0.030463341201,0.014886879178,0.013104215914,0.016201019042,0.027419277455,0.051950373713,0.069012977966,0.082624413326,0.087910891774,0.101432107088,0.109644056658,0.107234020980,0.145817350359,0.123300818570,0.101476066809,0.081052591432,0.090025608010,0.134102005612,0.247734572405,0.434147349990,0.545408763998,0.438454109699,0.243677494088,0.150707264781,0.110651399084,0.095302370105,0.099554715697,0.087769580016,0.047597985543,0.021926615804
0.018887329784,0.006986303880,0.004683125926,0.003396742593,0.001846789347,0.000830870014,0.000605855333,0.000756580845,0.001150337008,0.001720772344,0.002529213051,0.003063265537,0.002721072364,0.001691637803,0.000900756273,0.000717160569,0.001598938225,0.004755962876,0.023154341519,0.066589039423,0.117826575438,0.115967109991,0.086675194635,0.066491435483,0.048109525065,0.048117861103,0.045793839340,0.076668214459,0.097787170333,0.087116409089,0.046033944288,0.017232914328,0.009361887022,0.007756826700,0.012297041617,0.027298634476,0.045649651071,0.062652850001,0.056781094149,0.050307791445,0.045689197583,0.038709893626,0.060416773076,0.073611972290,0.072017188301,0.060118537933,0.089039230809,0.198671777102,0.244868372629,0.176820214330,0.177823271487,0.285450578698,0.528954121875,0.643044982290,0.328855640114,0.136679027075,0.089040783526,0.094955236052,0.059346664447,0.030216246674
0.022366564524,0.009209546601,0.006402849487,0.003560993174,0.001617530642,0.000649282103,0.000414564251,0.000507679482,0.000871547002,0.001514457565,0.002407627257,0.002954415938,0.002694792114,0.001874868443,0.001226787480,0.001356280563,0.003104526764,0.006673783626,0.018052973513,0.028993441644,0.034315874745,0.036412499326,0.037571159680,0.048717695351,0.056694294680,0.069126514897,0.058249139900,0.077293604478,0.092914680772,0.096247545976,0.057749368936,0.023416097446,0.011180195965,0.007372504828,0.008132499362,0.013119113535,0.018765937717,0.030153646044,0.033458772958,0.030829747855,0.026404587716,0.018066112127,0.015404513548,0.017548465055,0.029124403258,0.053804867865,0.098926912725,0.181226648624,0.211490521929,0.137934563775,0.108000226623,0.091938299176,0.133428327232,0.355167519398,0.640749619722,0.588067811101,0.247116580466,0.088038945294,0.058260821239,0.038896060586
0.041001144990,0.016871324657,0.008176903910,0.003267479422,0.001308695994,0.000552887022,0.000335164214,0.000346975846,0.000552823919,0.000993004404,0.001660839933,0.002080346219,0.001906109228,0.001374451919,0.001058251272,0.001634443760,0.004858939314,0.011285387241,0.025312222549,0.026452400207,0.018055828008,0.012908109901,0.011379163225,0.018391653766,0.035203342289,0.064575239354,0.064581922502,0.080028574714,0.078800475629,0.073841845619,0.047199241336,0.023944247376,0.014370913280,0.010548359391,0.009241899988,0.009720308068,0.009175060321,0.011684936292,0.013251312234,0.013486717434,0.012694542245,0.009356565104,0.006995191814,0.007561082003,0.009166178375,0.017653927627,0.049998011110,0.136034427026,0.178581038621,0.139770296803,0.121859647585,0.080637844595,0.053648065543,0.069746432049,0.185878510382,0.551020301192,0.750825288372,0.293561367549,0.056014155176,0.040427515607
0.045220012011,0.032423114688,0.016290396220,0.003838166796,0.001228809379,0.000604624797,0.000391866147,0.000350483177,0.000455728873,0.000695990942,0.001037789891,0.001262058007,0.001200019428,0.000934320173,0.000821181011,0.001474398470,0.005227289959,0.015483012741,0.044363201681,0.047251316201,0.026151331777,0.012586432497,0.007730482250,0.010073633582,0.021776933969,0.050823267182,0.064497206909,0.082058050454,0.067403479258,0.054603536860,0.036845818571,0.022632583121,0.017435802868,0.015312398266,0.013761634426,0.012809505659,0.009134813897,0.007963985615,0.006615252115,0.005593682526,0.005779680003,0.005163606977,0.004336322530,0.004856462595,0.005192983178,0.007724384953,0.025107853109,0.108386966470,0.168299295466,0.128883644768,0.087246877829,0.065812353613,0.058613214500,0.067990671998,0.082868561911,0.172121496349,0.493544232744,0.756604422601,0.305056020054,0.065594067006
0.059577593570,0.031154119057,0.016273208031,0.003611242206,0.001216159853,0.000749022091,0.000529590630,0.000430402284,0.000445647471,0.000529456604,0.000638702143,0.000748972456,0.000760863596,0.000657363095,0.000611949527,0.001006038241,0.003300314439,0.010689947926,0.044342385376,0.071379248459,0.054011258255,0.024703196772,0.011290041361,0.009501284684,0.018051173196,0.043307125687,0.063692544179,0.083473184170,0.059136091453,0.039029608579,0.025903350061,0.018745940131,0.018144227629,0.018565080642,0.018466057577,0.017562753983,0.011229087840,0.007168646104,0.004574765415,0.003208944265,0.003418624909,0.003446926420,0.003216642761,0.003937170157,0.004190062437,0.004925851261,0.009541553576,0.044596749214,0.100735378356,0.106612456513,0.082644921935,0.061012428382,0.056738580585,0.083972365464,0.083344606398,0.069057207807,0.147768919191,0.525389808149,0.766535353044,0.289996120038
0.249910054043,0.031037051869,0.008518985067,0.002339881418,0.001130588832,0.000823685123,0.000676607944,0.000556356673,0.000517600880,0.000481572632,0.000402880663,0.000404613423,0.000405414767,0.000388196832,0.000389182410,0.000578795581,0.001450881550,0.003918413217,0.020938235248,0.062207752615,0.088832179345,0.056895849361,0.026304590259,0.018031483465,0.028554013688,0.054353086434,0.064766096782,0.067846085737,0.041604033814,0.026079561194,0.019449196375,0.017324675507,0.018863206352,0.019596518171,0.021757141056,0.023338409122,0.015064192421,0.007822100369,0.003893126657,0.002454850854,0.002625806053,0.002763450623,0.002616827173,0.003018998417,0.002719553846,0.002485618226,0.003345097127,0.013696770404,0.038108645241,0.065514576327,0.089050058221,0.071012487461,0.042863447062,0.059095428582,0.095173678815,0.097528870141,0.093600319379,0.194159765033,0.553648846725,0.777572303330
0.547883313641,0.050347804396,0.006781583541,0.001917846299,0.001387473915,0.001341052409,0.001401734197,0.001253451182,0.001081764577,0.000906597437,0.000593167660,0.000460264464,0.000432000855,0.000399177857,0.000343229317,0.000368109779,0.000649505024,0.001304916823,0.007329490161,0.039083897492,0.104079934954,0.094093628475,0.046547053148,0.030328895737,0.044696065215,0.058378892448,0.044108267610,0.030910095595,0.016207133904,0.010738261099,0.010305107813,0.011722353294,0.013723834864,0.014334249487,0.018612632801,0.027183290337,0.019726103135,0.008681403173,0.003498806364,0.002424849118,0.003340541181,0.004015668647,0.003692905332,0.003728985452,0.002972532314,0.002080327185,0.001363757635,0.001735502769,0.005948180551,0.028583824716,0.069847413137,0.057136453036,0.025882394824,0.033634713376,0.078502985929,0.108609583780,0.078147881900,0.082309137043,0.247781319851,0.815913135027
0.806206017787,0.083911961048,0.008171002153,0.002487839624,0.001868733711,0.001775934874,0.001835928139,0.001845738573,0.001865541919,0.001699008960,0.001445927605,0.001250877562,0.001168913769,0.001088986745,0.000914577901,0.000749387907,0.000930999224,0.001110209383,0.003768551281,0.026106238991,0.111795973189,0.141944083194,0.075178770243,0.043049964642,0.066332214488,0.065881721731,0.021930762233,0.009379979812,0.004448385033,0.003606950553,0.004947058026,0.007024205887,0.007942217987,0.007067253590,0.010269895303,0.026403393896,0.029173012430,0.014068121585,0.004322881930,0.003044429061,0.005900789110,0.007376247305,0.005312065052,0.004091437013,0.003188039210,0.002330004554,0.001383704288,0.001096870473,0.001839220704,0.006384113653,0.031974741499,0.045817769671,0.018231179275,0.016349970189,0.049625257705,0.097173190604,0.067603677185,0.034916480319,0.087928828162,0.594219692690
0.923931686794,0.117002695804,0.009238647619,0.002519684235,0.001575331357,0.001334952502,0.000967967363,0.001037120090,0.001531845701,0.002147740035,0.002654211094,0.002957594276,0.003213868289,0.003412134154,0.003304917114,0.002610783305,0.002845646465,0.002380621199,0.004567280704,0.023863878939,0.102747946052,0.146375032216,0.077521425873,0.043378765831,0.087756682142,0.042898982389,0.006695626434,0.002385935529,0.001458952220,0.001630111155,0.002698238752,0.003597787202,0.003339529226,0.002409439992,0.003454736661,0.015595803389,0.025864021645,0.015399009666,0.004238310113,0.003020186060,0.006328373503,0.006323833759,0.003475688778,0.002288665556,0.002023686313,0.001712192426,0.001097811265,0.000891696019,0.001897773463,0.010973967403,0.067496904915,0.058671490623,0.014112530271,0.011478452032,0.041136320960,0.079159200568,0.040228126149,0.012821264866,0.025154624521,0.351863590485
0.912565621992,0.141043794628,0.010470525608,0.002499686493,0.001432888632,0.001076504422,0.000764233956,0.000768772601,0.001244305821,0.002510680159,0.005257792968,0.008629506815,0.009954070158,0.008751830263,0.006562186132,0.004362745409,0.004856784504,0.004610691080,0.008566574882,0.030570055950,0.100494437534,0.143209633046,0.095347422287,0.065286460702,0.138614297606,0.045565327287,0.007016276925,0.003323268218,0.002000416476,0.001680185281,0.001792195215,0.001548696173,0.001263636955,0.001021948664,0.001770345945,0.008027994743,0.013128378414,0.009488288647,0.003298422551,0.002705831586,0.004882486084,0.004774518593,0.002957272326,0.002054824343,0.001719742453,0.001721090180,0.001767781530,0.002470973472,0.005848253625,0.027690751038,0.095462426799,0.079499931071,0.033405863709,0.033085540312,0.080155018373,0.085171551326,0.031965031826,0.013381243704,0.030284513975,0.330422448243
0.829926016991,0.086019273701,0.007044352343,0.002803374619,0.001819625239,0.001290275803,0.000891200498,0.000891632912,0.001445201071,0.003133029369,0.007159981643,0.011512830083,0.011263314360,0.007738128381,0.004522325114,0.002704458783,0.003243882546,0.004077151035,0.009618710924,0.030116856774,0.093613214575,0.139726601005,0.097222727555,0.054202028812,0.080169799880,0.041474776045,0.007399194591,0.005674180609,0.004287590278,0.003147387560,0.002247565226,0.001247994156,0.000872588133,0.000883380385,0.002098974688,0.009873782908,0.017304082589,0.015143563439,0.005885344849,0.003916391619,0.005248258991,0.004931389435,0.004220107834,0.004173521238,0.004242885422,0.005048830187,0.005570816550,0.007746442760,0.016112020568,0.061366929338,0.146600718715,0.112411096668,0.061376505904,0.064198038661,0.104072704721,0.080297442458,0.036504898538,0.025418512423,0.072646270763,0.487127097349
0.467857442039,0.040439756654,0.010380106263,0.005923318419,0.003755009954,0.002254224399,0.001349429827,0.001099210300,0.001477612531,0.002854585273,0.006340843478,0.010184344031,0.009695177330,0.006103406037,0.003092277827,0.001781631188,0.002539803432,0.004510594683,0.013628732466,0.036120136030,0.091157707249,0.120113854990,0.078711356894,0.065196602815,0.080855132944,0.026636111576,0.011877900789,0.013826273002,0.011553364374,0.008376655831,0.004935700118,0.002142597059,0.001309500737,0.001539694277,0.004568548492,0.021045161823,0.033948862403,0.031145531472,0.013380020435,0.008957458547,0.010390404683,0.009466780928,0.008538099562,0.008595685444,0.008467859564,0.009947544011,0.011578689470,0.018560779383,0.040722864192,0.094782634184,0.165023461152,0.154438910356,0.113393230206,0.109718084256,0.105625881981,0.065196541239,0.050085099164,0.090307308042,0.310983224583,0.772918804787
0.187590871714,0.052946310546,0.028484226072,0.013405402410,0.007351627792,0.003703394498,0.001690245979,0.001121542774,0.001376165199,0.002756344641,0.006635886959,0.010042250301,0.009486802049,0.005805062590,0.002844616444,0.001730825424,0.002985241830,0.006126110501,0.016750140131,0.030425421854,0.053818329384,0.075966936040,0.076971796807,0.081697703615,0.061997773909,0.041581171571,0.029052860568,0.027495462033,0.018649990394,0.013893631066,0.009116213147,0.004573193143,0.002914342243,0.003660404671,0.009782819619,0.036389905035,0.050520181985,0.048375087551,0.025455689608,0.023788166091,0.032233553080,0.032151766690,0.025696341737,0.018535763835,0.012021094303,0.012521435137,0.026458170271,0.078417382029,0.125133637015,0.153779007308,0.190876163438,0.186528054059,0.148543281341,0.125070620117,0.117758671024,0.126615526227,0.237432095595,0.495569396816,0.618930303314,0.412804825165
0.206162328455,0.131963935037,0.072069301771,0.030722567064,0.015127221776,0.005341196798,0.001508918656,0.000919790651,0.001209380095,0.002483545906,0.005615130039,0.008805991681,0.007528394072,0.004194322077,0.001976073968,0.001192041807,0.001786691752,0.002650802422,0.005121836255,0.009424798858,0.022919020583,0.061963793804,0.107209048736,0.111857175444,0.082480001591,0.052858128532,0.024295143291,0.018140271543,0.013096658033,0.012274757833,0.009920214082,0.005619419138,0.003303029414,0.003670075762,0.008045108419,0.032832087915,0.061309579073,0.064836401557,0.040594207880,0.049687161620,0.076527433689,0.068898936838,0.039966869608,0.020127686693,0.011453276176,0.019709322423,0.068945321365,0.149878847459,0.183906491513,0.181489132183,0.216785872477,0.212742378345,0.139793328319,0.126078923816,0.256571471033,0.536805862621,0.616526274809,0.307501303776,0.153327336395,0.158401657114
0.239360021192,0.157756193031,0.090026686321,0.028971191807,0.009909223370,0.003398571194,0.001545974889,0.001181882151,0.001453518108,0.002440209748,0.004382131149,0.005751514054,0.004559039389,0.002515155846,0.001158442950,0.000615976653,0.000673698630,0.000824986972,0.001568514821,0.004806107212,0.025036658831,0.111194574438,0.205285866214,0.140580997429,0.055475308021,0.022874389894,0.010028761161,0.009815835074,0.010140083097,0.010286769558,0.008205714198,0.004275078741,0.002365565687,0.002667951982,0.007017058897,0.033810301316,0.074264394952,0.099514121911,0.072132586127,0.071746210390,0.090379744138,0.076178920887,0.047284539341,0.027294608349,0.019410047922,0.027258716834,0.085056001184,0.196571869071,0.217970534965,0.184457055031,0.217115197322,0.247915202281,0.278321325521,0.494393507401,0.585158767434,0.311052878894,0.153132284813,0.133320930431,0.155575578134,0.213440753412
0.207562546511,0.079738660325,0.038642901455,0.012290672022,0.005017741410,0.002961299533,0.001987022470,0.001401534772,0.001460141095,0.002699025982,0.004525583187,0.004656255677,0.003463144916,0.001866347915,0.000849618821,0.000466384720,0.000583385844,0.000944929243,0.002271308129,0.008457134199,0.041381400288,0.140252406036,0.203302465422,0.110548243567,0.041838661856,0.018113196090,0.009697423850,0.011391845295,0.011592480733,0.010066226169,0.007642763053,0.004395124139,0.003367946274,0.005655572927,0.018690781771,0.077907906631,0.126937016713,0.122100362263,0.074654113429,0.076611026641,0.128319994826,0.119232107274,0.077701991800,0.044536481727,0.025758586781,0.028016961983,0.078345763984,0.193283490814,0.266841989258,0.319196751518,0.462902009075,0.471450514473,0.412537524128,0.362887016498,0.255267484015,0.171778545461,0.176398905905,0.217398997221,0.257214203891,0.285384669983
0.101776340904,0.023560925735,0.007500477376,0.004474571245,0.003727028346,0.002747529277,0.001682819585,0.001116340355,0.001919836247,0.004642435958,0.004827312428,0.004233382373,0.003048557126,0.001776983009,0.000899280695,0.000576091667,0.000854608712,0.001389061587,0.002893833646,0.007319697067,0.026252697910,0.086544110444,0.142035618977,0.090204416061,0.042207755227,0.022377314689,0.012373843262,0.013114988695,0.012455808620,0.011191515870,0.009515761598,0.006786595138,0.006590626603,0.013976809110,0.039266379976,0.111596407145,0.127120850300,0.103176036995,0.061984665184,0.068370102198,0.127655475423,0.137175993127,0.087064719955,0.050500993185,0.030362151930,0.032481445053,0.088269662297,0.253633149952,0.448237339092,0.466516891755,0.410087505614,0.304529158473,0.254266052988,0.278947114442,0.262525152935,0.216500074585,0.238719149597,0.295869566030,0.257706509027,0.195315878553
0.037471710560,0.022396230942,0.010948587817,0.006178500523,0.004913876517,0.003700502978,0.002491061216,0.001713067671,0.001832465527,0.003411054205,0.006230124753,0.008187040673,0.008071213912,0.005110946677,0.002537836410,0.001458724389,0.001486588894,0.001601679596,0.002515200858,0.006507433302,0.025621286551,0.100004791101,0.202460106097,0.142644692926,0.058743415178,0.025651031168,0.018098731163,0.017611509477,0.017272154959,0.017162851003,0.014720860400,0.010051145109,0.010051287709,0.022998265490,0.062847907935,0.182280799300,0.190464317222,0.124856391997,0.073160441260,0.069511160566,0.107290463599,0.143017130961,0.139199850179,0.099938683394,0.118047191584,0.143713466484,0.204400905896,0.287713408693,0.297333152672,0.272884963508,0.395567739580,0.540902203323,0.445784165895,0.390452741908,0.346082627671,0.287785424557,0.246057666732,0.169472998705,0.090928421538,0.049479288593
0.025384057234,0.016875561333,0.013302360046,0.009633171588,0.006648842044,0.004267026233,0.002702373461,0.002125705492,0.002702310012,0.004602060628,0.009458820949,0.017185139865,0.018342474861,0.010424245041,0.004949508364,0.002680068108,0.004606923168,0.029975842232,0.005932653872,0.009782652116,0.028341770026,0.078220158675,0.138036631596,0.099460094842,0.044711354604,0.020549694984,0.019468557455,0.048326373167,0.040377357579,0.021884932920,0.018047972448,0.016985770460,0.032189894207,0.064509427204,0.121966300624,0.258549063689,0.225725237350,0.135087827566,0.069858560187,0.063627394637,0.135176923302,0.268556104456,0.287385337955,0.133856665388,0.082005658524,0.069931432239,0.121766401423,0.292987041871,0.524749301333,0.393253749158,0.324532175879,0.362830006538,0.460452382919,0.489153772675,0.279715311855,0.101397784001,0.080323567084,0.096528385530,0.075076412792,0.040636180973
0.031832266639,0.019972690115,0.012920063068,0.008911265802,0.007008304367,0.004985926177,0.003283229945,0.002574963494,0.004156588212,0.008783144162,0.016193061984,0.030034576645,0.031753117456,0.018517142387,0.009341846041,0.005747919595,0.006762374186,0.015365323691,0.013452945530,0.019365074142,0.030936933655,0.046724171414,0.056840850224,0.042150368290,0.027760487797,0.017616508399,0.013211072828,0.017264341978,0.025850185187,0.033673322890,0.063165722752,0.071186282208,0.103540267483,0.167754859760,0.204580080307,0.249608854565,0.207783452599,0.183913662953,0.179812224212,0.269298498760,0.318163734443,0.179696995398,0.136101640087,0.118757409053,0.133360295539,0.146327596814,0.179524718072,0.292438909687,0.530509116918,0.564770781710,0.394665018717,0.194073186831,0.134901287382,0.173307132685,0.165231087806,0.080788072623,0.050327997173,0.053250934279,0.050922802901,0.042647151855
0.019982840433,0.015968689763,0.012674430783,0.009999395322,0.007414923446,0.004709121717,0.003078336263,0.002577371414,0.004986095747,0.014890087438,0.026038708225,0.047112707562,0.051898646297,0.028029403065,0.011628192877,0.005861870653,0.005282865292,0.007247897407,0.010804062838,0.013679351819,0.013540302284,0.013823786184,0.013766318520,0.012795112392,0.012957639688,0.010851047330,0.011889867022,0.025843663725,0.052480086120,0.060886855303,0.085746629005,0.120286590059,0.178708315908,0.217911556537,0.237774922562,0.403808748616,0.455768785925,0.354419919648,0.243468861741,0.187517451508,0.167093442342,0.122760990174,0.134759941414,0.170242913470,0.249096064467,0.256884070250,0.340788303463,0.466667748903,0.394521447591,0.189512260201,0.075331695023,0.075342193727,0.122419412973,0.163119495462,0.096227405005,0.029313830069,0.016732311420,0.018311629657,0.019449941066,0.019950959913
0.018148682595,0.018805543712,0.015560487607,0.009673770878,0.005315344084,0.002659364998,0.001405899852,0.001894670601,0.014348379519,0.045465070242,0.036804601096,0.050624853342,0.053103376152,0.022208682052,0.006573896011,0.002366708757,0.002171796197,0.006192586435,0.011926212384,0.013902856992,0.009130745736,0.004504085520,0.004646733299,0.006081662989,0.007418603221,0.008133846914,0.015093368219,0.040371140286,0.061153871870,0.068904879216,0.073945455525,0.099117181741,0.212028770678,0.427324803085,0.584263670224,0.626672464775,0.357099707269,0.193590825816,0.124634750521,0.133310908669,0.172454543621,0.169015527771,0.224821545214,0.256767257577,0.301431206334,0.260066579229,0.218546051817,0.231832927962,0.217340584795,0.110000262965,0.060600348856,0.078606113139,0.075469189589,0.066387276832,0.030784437926,0.009296947124,0.004742558847,0.003742142080,0.005151785110,0.009873925189
0.026387049940,0.027332359942,0.015266556595,0.006382654680,0.003057595450,0.004182134134,0.030083663284,0.051886476806,0.067538745643,0.050461713837,0.025988301812,0.051765592999,0.045338745427,0.015323874420,0.004017047608,0.001335954110,0.001530171306,0.003738064050,0.004772559400,0.005026119431,0.003333571080,0.002527544235,0.003905102904,0.011534400610,0.042943489186,0.054761307112,0.033097008449,0.040543818702,0.061698503231,0.065766095378,0.075193199073,0.146529712154,0.400813026371,0.716709829998,0.655793198165,0.480248937889,0.294747986194,0.223937201934,0.166344636179,0.164130526339,0.251845589460,0.219350788857,0.247804584161,0.307774617631,0.363880881092,0.174402130688,0.116016903598,0.123849665402,0.079335958201,0.038346599464,0.018660122380,0.018079232673,0.026376489307,0.032614483499,0.012396397509,0.002095393442,0.000991799591,0.001167106399,0.003168486886,0.013082431835
0.045002473611,0.041091576737,0.016011536894,0.004261458279,0.001601260971,0.000903998067,0.006705545922,0.024926277182,0.030414942773,0.045492172913,0.040177807322,0.046386964946,0.030139997209,0.008644376697,0.002260153897,0.000799598679,0.000746115378,0.001402841255,0.002477649605,0.003440981940,0.002945359179,0.003282285830,0.009030127461,0.023560102281,0.036725316539,0.017332007210,0.014361169506,0.030735787231,0.044490346284,0.048300912538,0.061639083528,0.173478989198,0.594589698921,0.844614280474,0.537660280565,0.400504033343,0.312622515838,0.271166354286,0.174088419401,0.140714241469,0.185264786664,0.186130096117,0.195090578410,0.128904722586,0.091716413935,0.076351253780,0.084492576136,0.081499071956,0.055509416694,0.032323538866,0.016264228821,0.012036925452,0.009674696474,0.005214168557,0.002038091383,0.000641880174,0.000583891911,0.001098042700,0.003566409742,0.014984940031
0.073834125851,0.050625553335,0.015697553767,0.003784885602,0.001583019053,0.000839449722,0.000746539339,0.001458368716,0.004257854027,0.010111586422,0.027259707397,0.040520749118,0.025511496136,0.007500316301,0.002152332612,0.000846571956,0.000931432033,0.001139458127,0.001482440987,0.002916397917,0.004622797812,0.007799522550,0.011477761836,0.008814568694,0.009568696814,0.014169588352,0.020720293165,0.039864090087,0.047924190809,0.053623581648,0.085437134793,0.224631754698,0.605857270952,0.855102575477,0.563005567731,0.460881675499,0.397404393833,0.353401155178,0.196551943341,0.130295982279,0.155377122702,0.125218459394,0.121794935993,0.082577315650,0.046335577201,0.040556223267,0.044352743998,0.039705791513,0.039137012028,0.033587503025,0.020041850117,0.009630806799,0.003927594023,0.001650030090,0.000831554876,0.000613002339,0.000941585659,0.002285366131,0.008795624640,0.034997154814
0.081342225322,0.072514854780,0.021817631744,0.004371539853,0.001780527778,0.000992435818,0.000773292140,0.001143166018,0.002499859395,0.007612388679,0.019553195676,0.026397238005,0.018941502279,0.009398160251,0.003947077441,0.001621191883,0.001724616129,0.003932094839,0.010593162627,0.015794696036,0.009633767389,0.008323519072,0.009447174497,0.017226189333,0.027278189261,0.017178165486,0.022930892729,0.031577354617,0.034970803419,0.052952177560,0.117854359767,0.290020318730,0.603587994013,0.735380620712,0.630245049425,0.619096116675,0.484198772576,0.334140147329,0.190856257949,0.136851670811,0.155147747823,0.119576594044,0.103729686055,0.063923126248,0.030475421940,0.013662018656,0.011921816305,0.009565202401,0.009232135711,0.015846073217,0.019226292633,0.017452006725,0.032633081616,0.008094737209,0.002089635939,0.002063999993,0.003075747727,0.004595467551,0.009103392651,0.028537465724
0.061962327747,0.075340299873,0.037691308615,0.009828608434,0.003244353572,0.001249782024,0.000600984063,0.000508956131,0.000910951928,0.002626808829,0.007270394792,0.012994552609,0.014401947744,0.011842755899,0.008805560631,0.005629542415,0.004867614028,0.006780077114,0.012463216860,0.020408336787,0.015510179218,0.010032833921,0.009475121251,0.018462234438,0.040185335812,0.021739036519,0.013216187396,0.014425780620,0.024563843298,0.054197878241,0.137435054765,0.280121123540,0.471988031057,0.679027388955,0.681064554464,0.848186844111,0.542153403483,0.273289034276,0.138667407982,0.110920216812,0.103642654901,0.084454546873,0.099427083194,0.086351115770,0.035439798919,0.008100388368,0.006387988435,0.006906061880,0.013816823199,0.041592986243,0.066697000102,0.036634153169,0.018038174688,0.009252187034,0.007525008624,0.007819776726,0.007694357884,0.005824277465,0.006798537503,0.020096737436
0.162473268209,0.146573732167,0.125410923802,0.064775396461,0.029733001137,0.011082626327,0.005697821919,0.004737739179,0.004641306292,0.004031453870,0.006901626502,0.010730261138,0.011069345855,0.014551580995,0.016200709389,0.015878368397,0.014937127577,0.014101756235,0.014443778538,0.017770438093,0.014308668115,0.012205843944,0.017007572799,0.038847171110,0.074066595205,0.055335814998,0.056021476402,0.096797945078,0.087744517092,0.104006462025,0.179160115888,0.298847687645,0.420386218769,0.521366409823,0.561802352346,0.806220751652,0.588013369621,0.357220800223,0.187548294446,0.103728826665,0.070762188428,0.064300516262,0.099808029031,0.132605468481,0.076781079959,0.025605985577,0.016242238094,0.013493462364,0.021415315325,0.051104702582,0.085772153309,0.058972128534,0.027053139859,0.015236587382,0.017468964252,0.019900621419,0.023693933621,0.032069590620,0.056918077342,0.121688972347
0.474053340363,0.223741403977,0.151755495716,0.113158501981,0.098271630547,0.077331486792,0.063041051363,0.052445904658,0.029297235639,0.010637696292,0.005245363246,0.004510536689,0.008017342544,0.010887179871,0.013349941492,0.028850634989,0.046565926925,0.040163742850,0.037717555157,0.044283267702,0.037631807822,0.037418104852,0.042604206241,0.053153739080,0.077436497282,0.184201403140,0.305685216998,0.108992071082,0.063302553776,0.066265659366,0.084743548375,0.164057261808,0.319156073019,0.409979548650,0.438437111903,0.511820707628,0.483811461559,0.501718535074,0.287969355246,0.108778294093,0.066681085461,0.075182146098,0.117405740321,0.109282849059,0.053843588991,0.030881991263,0.025536226036,0.022923840753,0.042864798178,0.058906080517,0.058751655106,0.032619161177,0.019490175920,0.027053831069,0.044214927144,0.048758065667,0.070424876248,0.113412159315,0.226952543422,0.535803397654
0.570218603691,0.377354500732,0.266618960022,0.166089575450,0.113727182177,0.127798247212,0.143187737160,0.124143480236,0.056433928280,0.018162753901,0.005341791647,0.002871700437,0.002748296774,0.008189219989,0.017228068914,0.036778901575,0.062322257534,0.067058120462,0.069123591208,0.080373278970,0.073553231504,0.086798487279,0.118905628125,0.154814427350,0.187244457873,0.244380272312,0.139874708023,0.061981049818,0.050621193969,0.047192526743,0.068942869332,0.118414527982,0.179534526225,0.222682446758,0.205323393665,0.138250131368,0.102261191528,0.153323710239,0.253031292791,0.249623721099,0.234143264096,0.238332073867,0.182357722794,0.080480817267,0.035966983249,0.020799002511,0.019150014195,0.018138339483,0.029735497754,0.053956932497,0.073524602133,0.036417505767,0.032036613446,0.048239720530,0.101755266231,0.224715907200,0.262473218850,0.198218813036,0.285198289508,0.510462359901
0.491055620991,0.358873282819,0.241331829180,0.172124668637,0.119544731168,0.137977411010,0.151955703686,0.159728027236,0.081396051087,0.029205205948,0.007986812846,0.003490121707,0.002254008547,0.003318695349,0.007811669409,0.021954343694,0.043038529234,0.061897520005,0.086369415613,0.117911564932,0.135889119313,0.161713817082,0.161123923829,0.100885533327,0.054921182735,0.033196148447,0.051542706094,0.050558910217,0.037959971177,0.031681398005,0.033896196453,0.041986155859,0.051356042498,0.052019171671,0.042598190202,0.036632353449,0.030571435144,0.043293527192,0.079125727103,0.134832293926,0.259690182878,0.323168737823,0.288444610477,0.125641255694,0.051939885797,0.026806499224,0.023009757028,0.019652182291,0.021927162232,0.029528952685,0.028202582171,0.024463674116,0.022566240538,0.030282752672,0.070230829913,0.198767346024,0.284422801839,0.231094233889,0.247688872612,0.407966715117
0.412027743430,0.251405133644,0.160985491811,0.165304655127,0.155453613630,0.157214841817,0.129648282930,0.116620249509,0.072626755138,0.037468254558,0.016459953327,0.009204685876,0.005222519749,0.004736886591,0.006629736687,0.015318055405,0.040577945196,0.089649938861,0.156175700931,0.180396777789,0.172718375388,0.174454098554,0.154828555140,0.094560027563,0.041601189044,0.015886779091,0.009704882721,0.009007073549,0.013031390722,0.018591760496,0.023421067586,0.024109312221,0.022061517668,0.018317019184,0.017457942586,0.028377395327,0.036353233025,0.049447387027,0.047508997327,0.078165598384,0.179709940237,0.262542606180,0.358808164466,0.286445903578,0.131067505090,0.055814701271,0.046510693656,0.035251963461,0.031732333945,0.034641208372,0.033660775307,0.027997798341,0.024902159334,0.044319254263,0.080009290435,0.123243443942,0.188962636038,0.258232980499,0.364674569077,0.517900485486
0.409182702905,0.254199282729,0.180070217841,0.197051763727,0.201712241520,0.160885977127,0.090142075133,0.064955593130,0.052721644899,0.042512735089,0.026048532439,0.015868727909,0.008644149314,0.007419924075,0.008498971480,0.016041093827,0.045582574443,0.108321898162,0.181685350958,0.178099450060,0.145814138697,0.174158968548,0.236185132591,0.150925687266,0.048155587668,0.009266786627,0.004525720870,0.005360777649,0.011980741272,0.025881560371,0.035794713590,0.028517060548,0.016808015235,0.009853829320,0.006177356182,0.007380677553,0.018341251129,0.027408479366,0.033011014543,0.045088820574,0.080087644221,0.146216059950,0.287566390254,0.368994985694,0.205303153797,0.067113678228,0.049854278118,0.042082723522,0.037177521141,0.038369324663,0.035233555146,0.029957543561,0.026464734169,0.025726731606,0.032666583215,0.074996888526,0.109740825161,0.221552171261,0.347730455939,0.458722292365
0.491188878980,0.344594979371,0.223160469105,0.193896083187,0.190632225152,0.175528663550,0.123090671790,0.079245116022,0.057722864416,0.049581798650,0.037185606423,0.030067921200,0.020690890149,0.017782125296,0.018797066992,0.030957538366,0.071278419008,0.146346945072,0.210532406560,0.177620947483,0.150389685442,0.179932182843,0.269120980277,0.224984379281,0.100965161455,0.021754931374,0.008389330972,0.008722538781,0.023580844233,0.058524110736,0.074787640055,0.044613405749,0.016457711617,0.006508202195,0.004870583331,0.006965438304,0.016378906383,0.038933207679,0.055171309674,0.066176932604,0.087511549033,0.124769289497,0.183654852219,0.262115191344,0.259766674083,0.163161475491,0.110248451470,0.077560495771,0.045894602459,0.033094884385,0.030438162173,0.033767856407,0.037275566080,0.037039910403,0.039411466140,0.065549810025,0.114265328028,0.186499556760,0.295731218432,0.457923881860
0.592239734388,0.419393920094,0.238010093047,0.185656187866,0.180286610143,0.228846729642,0.222699688680,0.118207965131,0.069416918435,0.060284700040,0.051845341578,0.044577557615,0.029389383224,0.024126697486,0.029798475930,0.053396424055,0.110768770256,0.188266999527,0.224699600684,0.183076738528,0.212179943776,0.291830199079,0.335364898462,0.217100417114,0.098189057959,0.030582168734,0.018482693083,0.021612418352,0.051485420893,0.112450523539,0.119798284352,0.055295574293,0.015220854935,0.005589059812,0.005537875550,0.011433537672,0.023997059391,0.042681119004,0.065621123317,0.092588300107,0.121456399287,0.143084317016,0.163199662941,0.208393282105,0.232205272901,0.196442611848,0.164209537751,0.125414172770,0.064083077620,0.035969672138,0.030924571495,0.041466200651,0.053061156658,0.052662884983,0.060691612519,0.106268461479,0.153158406676,0.219059894886,0.308594831508,0.516579636782
0.556904607467,0.423288198068,0.262396036844,0.220142612740,0.235258419563,0.249533781072,0.210268003942,0.138982718254,0.098001265306,0.082233740297,0.060416071737,0.043652312066,0.024718227947,0.018555370817,0.024902932318,0.050561621582,0.119582116371,0.206926671476,0.238264766263,0.177115334549,0.211841186235,0.289900421736,0.289422454061,0.194702318583,0.104000765045,0.033038754627,0.018324064340,0.022630259721,0.059502181061,0.144173841661,0.158321677849,0.070634778103,0.017539338909,0.006790209739,0.007306548468,0.011339901128,0.019321784393,0.028606222521,0.035011176777,0.060360830072,0.102069758101,0.142764329132,0.162011294356,0.175324413033,0.189975901549,0.182478324177,0.165214502971,0.130992372494,0.071530734260,0.045642403890,0.036126970840,0.048284112340,0.063858145857,0.057725253033,0.042862673221,0.040064816852,0.088928926395,0.212775316577,0.366632944897,0.529122853944
0.547539369375,0.480230424498,0.322623923357,0.289801693041,0.279334000110,0.229823496779,0.157245394795,0.109891119723,0.120576181580,0.144190245860,0.096403344810,0.044272825711,0.013239125143,0.008484669245,0.013082926860,0.036459480634,0.121018232587,0.230645240309,0.244065948633,0.165262741294,0.185255332337,0.243019713544,0.205511628795,0.109525791124,0.054018447218,0.018338851694,0.014722580301,0.020650962717,0.059282665146,0.168259498651,0.219289591583,0.087683538443,0.012741890442,0.002880929731,0.003217076345,0.008814629793,0.019129680013,0.027696679979,0.021866895727,0.027082202385,0.055044804650,0.112305735178,0.176905100920,0.163444755199,0.132551114304,0.132328065518,0.163699934091,0.161398179617,0.091624573566,0.046017210031,0.032328566715,0.051229019525,0.074687781734,0.067876348192,0.045500857035,0.030203965610,0.062566688460,0.166008527322,0.252541340293,0.412582536291
0.542555588621,0.606042450024,0.422092804558,0.378846800257,0.300808809065,0.203603355176,0.161403180078,0.119416748447,0.115689875630,0.111882835178,0.062692959185,0.024979796970,0.008939549561,0.007797246358,0.014426560095,0.038705958082,0.106525309653,0.186794580565,0.235215110076,0.196179551638,0.181021542484,0.183008728434,0.116769810709,0.042332854435,0.017931363830,0.008990699471,0.012361680656,0.024042748482,0.072185297167,0.187087458491,0.209006188778,0.072624914802,0.009793081589,0.002926958177,0.005445398561,0.029471377197,0.061529630064,0.054451055245,0.025803274583,0.012936542169,0.011522659550,0.018980446830,0.051387723355,0.120911630693,0.179753627741,0.183612949127,0.192187456377,0.180386676246,0.096577501157,0.043049191207,0.026959684354,0.050091947487,0.080576446795,0.076069328691,0.050005040260,0.028845753834,0.034081719017,0.114503448917,0.219788788082,0.352106774974
0.370864373376,0.673946094158,0.653985187278,0.434248382495,0.238396894847,0.201416101512,0.197141034754,0.129409359986,0.078711514022,0.053640453296,0.026110790440,0.012124121202,0.007638914897,0.009210686421,0.016834608803,0.040337233396,0.087489403979,0.129919224625,0.171677321442,0.176911131346,0.176922826050,0.145138664385,0.066788312094,0.018616977391,0.006462674561,0.003777016861,0.007805283148,0.024175510357,0.072725192571,0.142863009208,0.127208036719,0.049107226716,0.011102829321,0.004993610222,0.008951392708,0.045444212898,0.092847170073,0.047640171484,0.020797322932,0.007325415925,0.003740166343,0.003397186330,0.010907472101,0.069540240041,0.188491473507,0.188477759214,0.147914766897,0.110239322967,0.052699660386,0.025749250124,0.023203385252,0.046054203260,0.071265702243,0.069958775137,0.050254638477,0.033083813498,0.023919940504,0.039934023638,0.095419344119,0.179714405524
0.149194339933,0.621263367396,0.924229999038,0.516991896742,0.189218369539,0.164227253416,0.158483636923,0.082374605852,0.037199950817,0.025806937078,0.019230218237,0.014443305319,0.008830067033,0.007387472578,0.009168452240,0.019717512390,0.055194698254,0.108135327831,0.159647465674,0.152777265761,0.110298052937,0.054497017801,0.015437445668,0.005345382524,0.003277431002,0.003032021842,0.005827963039,0.012948851621,0.029563116776,0.057158917474,0.080047074103,0.065307132663,0.028050659342,0.011891149294,0.011987267364,0.022022549436,0.049560676630,0.032774700821,0.009538321784,0.003067420018,0.001638368102,0.001704140498,0.006322274477,0.045724978576,0.147515400132,0.142995598779,0.073473243700,0.041853487182,0.025323936817,0.019345705918,0.025247496417,0.043047762463,0.056391328540,0.054743747173,0.041933785407,0.029066424325,0.019282454221,0.018110383247,0.021765285649,0.042256288513
0.072894089554,0.532934053661,1.110319092276,0.581098336090,0.181860298214,0.115755069260,0.100395140701,0.062283421109,0.038930036988,0.037157104089,0.030771928311,0.021301215333,0.008661216109,0.004704275765,0.005991470180,0.016067867334,0.049689083812,0.092025744377,0.129560178781,0.133370507111,0.093882573048,0.032159525667,0.005563995905,0.001550076484,0.001026079524,0.001630613731,0.005189072481,0.009330904875,0.016655003834,0.036757377290,0.066461700456,0.090437292195,0.054963755971,0.019377993917,0.011527614227,0.015079272558,0.029314784535,0.037429940408,0.015399656852,0.004730829668,0.001928887243,0.002064933046,0.007004089511,0.029859711551,0.069700554117,0.074461259447,0.058829913100,0.043145440437,0.022821906173,0.013791951998,0.018714348785,0.034085845032,0.044583698437,0.039412743068,0.028231939505,0.020904735751,0.016886624165,0.014737436007,0.013877458463,0.021363478080
0.039232754344,0.544315341340,1.096996557693,0.509012993769,0.171139669025,0.078427957628,0.054551790648,0.036271199292,0.033349909595,0.035554639879,0.020978850709,0.009435311454,0.003657430090,0.002651969928,0.004406525738,0.013602079375,0.039650872091,0.066465929902,0.086362048551,0.078551988506,0.048865719112,0.019575202956,0.006705456892,0.001334665196,0.000366151700,0.000547006389,0.002179542151,0.004789579288,0.010474393233,0.025962317086,0.036600696504,0.056333099443,0.057925945296,0.038437750975,0.027222099876,0.030407364492,0.051723746212,0.045538216618,0.017834933923,0.004505274404,0.001206114766,0.001135710044,0.002861175544,0.007095161061,0.016270640675,0.035869930460,0.065420224563,0.062905698282,0.022560606691,0.007855957811,0.009910827839,0.022794498086,0.032925387581,0.025233423804,0.016610502730,0.014002842628,0.014024143453,0.010480837293,0.005554510895,0.005821293282
0.016469232484,0.348369056418,1.092429972670,0.429489441938,0.080796661919,0.021171880051,0.015056972701,0.015695457806,0.022822554045,0.025100486906,0.009981854617,0.002859190207,0.001124802365,0.001068967570,0.001996293314,0.007921455946,0.035870367890,0.055881352004,0.044428166606,0.032112561260,0.017337833803,0.006030190401,0.002847464111,0.000431899847,0.000086536048,0.000112323229,0.000475572152,0.001930710366,0.006417518332,0.013564493182,0.015137715385,0.030048179330,0.047273876710,0.047582908603,0.033610298877,0.029725800321,0.047156809951,0.054116907221,0.022933345436,0.004810703638,0.000912270734,0.000630671823,0.000926207647,0.001238367582,0.002662980856,0.010565094400,0.041892436487,0.072494870413,0.032912056338,0.009973776018,0.007112310408,0.011757029513,0.014684216596,0.010208905063,0.007256227966,0.008038653898,0.011126010019,0.008122331387,0.003173890747,0.002099567031
0.018587738847,0.336110308656,1.042130878764,0.312836285480,0.042421413943,0.009700059040,0.007297491475,0.007804638325,0.011839824503,0.015005975785,0.006808739349,0.001981430343,0.000906870650,0.001070194937,0.002158447118,0.007828816106,0.025807223255,0.029034330436,0.020148690000,0.014101544491,0.009554410618,0.004261945579,0.001917706656,0.000291949184,0.000059469266,0.000069503018,0.000292272008,0.001663122020,0.005372552223,0.007975226955,0.007313793179,0.017605571182,0.034750003475,0.048628327424,0.041361087322,0.030406820022,0.033500178438,0.040231934851,0.020101044032,0.006504407737,0.002752357668,0.002103109883,0.001462129691,0.000862373099,0.001226446686,0.004987606974,0.025059542348,0.055465236538,0.034299576482,0.013785739730,0.007327632130,0.008115811812,0.008755466557,0.006529874010,0.005178495846,0.005801965391,0.007547717551,0.004384286977,0.001420303947,0.001372512704
0.020487207930,0.470347813110,0.971204751849,0.175911473189,0.022095091934,0.007717205555,0.005925255114,0.006129802611,0.009804212435,0.013106130627,0.006758410496,0.002715650009,0.001565463027,0.002442868380,0.004813460798,0.010607498069,0.017421493395,0.015304501962,0.011420889738,0.009455799816,0.010297044751,0.009121142396,0.004951720608,0.000558632376,0.000083515590,0.000120844854,0.000707123856,0.003927775109,0.006829775035,0.005318828581,0.005749217539,0.019150455093,0.036962741379,0.044778851192,0.038167202959,0.026515023002,0.025483666136,0.026840338414,0.013926751373,0.010114115172,0.008218416249,0.005671979633,0.002641132651,0.001217113248,0.001535890668,0.005347704454,0.021123925686,0.038619494179,0.023526437858,0.011055830923,0.006337202121,0.008496059367,0.009020492742,0.005797984173,0.003868636248,0.004317543437,0.004351696504,0.001528681479,0.000360822784,0.000608506925
0.019247736467,0.554393876564,0.887809859116,0.100748831997,0.015774417570,0.009985727021,0.008889904651,0.006164548395,0.005296846140,0.005125583702,0.003423621724,0.002589280876,0.003048306769,0.005023110111,0.007303205234,0.010679707702,0.012897400423,0.009872762007,0.008562572394,0.009917703018,0.015338676352,0.012615277969,0.005396240770,0.000818373695,0.000220124936,0.000463060951,0.002640313650,0.007750750604,0.006760495003,0.003924637419,0.004491006799,0.014022243681,0.028461270490,0.034814066727,0.031451464422,0.025096891069,0.028627455829,0.022371305339,0.010278522276,0.007027694685,0.006374323243,0.006848419443,0.004977082817,0.003149061329,0.003224960992,0.006741573334,0.017086305404,0.024658298426,0.015209580735,0.008625033302,0.006215918022,0.011453131214,0.011844169423,0.005469772472,0.002672394605,0.004295781405,0.004849033676,0.001408871005,0.000340940710,0.000481865286
0.027072918607,0.597863397850,0.826953869925,0.078891786878,0.010372222557,0.008860315050,0.008153939148,0.004134227268,0.002775470691,0.002342951245,0.001932907256,0.002779597674,0.005185177242,0.008153105016,0.009029889297,0.007656418539,0.006378040146,0.005901442446,0.007489267613,0.011696788848,0.022617634267,0.017737828523,0.006998933846,0.001622245748,0.000774758224,0.001551808156,0.005595644191,0.008205780227,0.004210333898,0.002186641928,0.002786432139,0.009006955218,0.019998192972,0.032243108454,0.035281047159,0.025717845387,0.029728661962,0.029755740833,0.010238392843,0.008119637583,0.008686911611,0.010508822797,0.009465826544,0.009111219706,0.009712083013,0.009690785259,0.011970686888,0.013033325122,0.008196797529,0.005645365678,0.005786109699,0.012187626162,0.013364579881,0.006303158473,0.002891373740,0.004991580533,0.008341665019,0.003730243403,0.001548191783,0.001864912067
0.046808449303,0.678622691471,0.749592711081,0.040999060867,0.005358058976,0.005262708109,0.005623530692,0.003841219488,0.002643427386,0.001719846259,0.001295369534,0.002109747097,0.004750060973,0.008625880378,0.009323789954,0.005194120190,0.003001557516,0.003671180187,0.006873161977,0.010595255863,0.019808181603,0.020340361153,0.010397987906,0.003515030616,0.001777159180,0.002403486212,0.004972824629,0.004951617611,0.002279850735,0.001065677822,0.001322152552,0.005238456207,0.017229273887,0.035322437432,0.028958929914,0.020082902284,0.032885658103,0.027762202469,0.006126103332,0.005536991914,0.007076911209,0.008646269748,0.009173957253,0.010841896476,0.010615323844,0.006301834281,0.003936805280,0.004880469425,0.006058236283,0.006350288770,0.007094664746,0.010906019703,0.010876432020,0.005535195174,0.003184511597,0.004904971624,0.006257580230,0.004293732971,0.003726360769,0.005039502386
0.074972599993,0.762113784471,0.659928941359,0.032360410455,0.003771179658,0.003316289775,0.003509141919,0.003260656513,0.003088749343,0.002457161095,0.001731168287,0.002180682066,0.004211105493,0.007753517685,0.008122632328,0.004208348392,0.002297089779,0.002594856464,0.004561885111,0.007438318419,0.016456965131,0.021874140286,0.014051019356,0.005333672687,0.002456097011,0.002117397858,0.002533293923,0.002461333460,0.001834035505,0.001208707916,0.001812866238,0.006960712858,0.018230658886,0.027879720290,0.015003901580,0.014090302263,0.047294614379,0.038255457741,0.006446533290,0.005506175915,0.005410059641,0.004848863582,0.004322051570,0.003894009917,0.002493202844,0.001300467069,0.001725287996,0.004305419021,0.008137170840,0.008121969230,0.006942113775,0.007279365595,0.006968675955,0.006830101586,0.006416577905,0.008596412814,0.009991533313,0.006905942059,0.006493453236,0.009339785886
0.133499653245,0.861935709015,0.512007923208,0.032431898382,0.003438058793,0.002163123927,0.002265199082,0.002353239818,0.002278433356,0.002067932687,0.001927644787,0.002804102560,0.005090370376,0.007056236764,0.005507435169,0.003082958595,0.002028781525,0.001986334398,0.003495600235,0.007625827924,0.018479918174,0.019303415274,0.009815405886,0.003317536281,0.001536750170,0.001064789751,0.000930651895,0.000847852455,0.001155638876,0.002044157273,0.006176009137,0.015505540639,0.015402007181,0.012064901951,0.006810391278,0.008627069278,0.039698541232,0.045525540532,0.005392657727,0.002985201281,0.002020090655,0.001094357877,0.000557955643,0.000394482112,0.000452377283,0.001066760486,0.003327379347,0.007971268526,0.010751336553,0.006600403128,0.004763718180,0.005279859679,0.006001764245,0.006691844894,0.006703620534,0.009633560129,0.016637729467,0.013204845737,0.012364054521,0.020451040045
0.300251830937,0.915327352283,0.309870280066,0.026901482312,0.005311611322,0.003736315719,0.002874525800,0.001853439890,0.001304280638,0.001171949413,0.001478588638,0.002892536088,0.005905886026,0.007237018514,0.005661989217,0.004838103426,0.004349077813,0.003854930129,0.004903737058,0.008834691380,0.018461232842,0.016328053428,0.005646062495,0.001745715053,0.001012581653,0.001008657216,0.001043864657,0.000912654353,0.001385690294,0.003697630489,0.011280266455,0.026262884400,0.023300667209,0.016705418293,0.009880027889,0.018394409726,0.060569190808,0.038266378398,0.005658015903,0.001578396344,0.000625941634,0.000278164336,0.000171452087,0.000210647348,0.000505739946,0.001973137787,0.006043995845,0.010016498921,0.010121535836,0.006884687703,0.006250452703,0.007544031673,0.006992297702,0.005486888751,0.004834593008,0.011881208459,0.030288533334,0.026188779513,0.028967216706,0.065233508572
0.621638287410,0.758469829625,0.179397682192,0.023380131125,0.006644068882,0.004573910574,0.003849578533,0.002458902217,0.001300343066,0.001088156825,0.001678927433,0.003420939019,0.006394807569,0.006973986668,0.005675337727,0.006005735381,0.005559301631,0.004066176499,0.004205579516,0.007018454918,0.014786454301,0.011632498882,0.002668376998,0.000713451836,0.000486193216,0.000739149307,0.001175875135,0.001130951628,0.002052691004,0.010836242197,0.028917217271,0.036594686296,0.016725042945,0.011737399410,0.014924395468,0.048349730284,0.075164201519,0.027486804958,0.005498026966,0.001570352056,0.000727823104,0.000456837361,0.000366385881,0.000521528861,0.001300846759,0.004235605204,0.008517994729,0.008694610923,0.007201313105,0.006363253208,0.008682758408,0.011194937165,0.008618332719,0.010724926055,0.017179624315,0.029252247708,0.039696040460,0.029500103758,0.047923844703,0.196236128241
0.809794485598,0.416182903558,0.069913905050,0.016317851120,0.014861320696,0.011198923889,0.006213173682,0.003431833358,0.001734344592,0.001554401467,0.002338708128,0.004107628839,0.007902954361,0.008715205299,0.006676899721,0.006124990875,0.005129566149,0.004839964212,0.005674953126,0.007110297107,0.009059766955,0.005830235211,0.002094075674,0.001066968520,0.000766608922,0.001124082762,0.002073392247,0.003829307464,0.013440520821,0.020782545015,0.017992067072,0.021052227006,0.015473164876,0.027973804441,0.056212933354,0.084226343407,0.032413501088,0.007499834918,0.003304850058,0.001776927474,0.001467487963,0.001299589862,0.001395880609,0.002029274222,0.003658181290,0.007378808251,0.009837533731,0.010099386971,0.013359128023,0.015089901282,0.017547197466,0.022818692463,0.019664451311,0.026636420855,0.038101773958,0.050359020513,0.064765213480,0.056634270041,0.122502335112,0.448316854200
0.605620474070,0.162706675506,0.030174323551,0.021618033191,0.025496502815,0.019427414279,0.010469045966,0.005489108007,0.002604450619,0.002210942095,0.003090774234,0.004202977734,0.006560753767,0.007296678556,0.007839325510,0.009630487493,0.008726117955,0.006991218489,0.006617544047,0.005378161653,0.004807329588,0.003281284449,0.001911760358,0.001864426258,0.002151890415,0.003937978770,0.007790521672,0.014046617779,0.026300606722,0.030569508387,0.023639803553,0.020603823130,0.020534618181,0.058802011809,0.129624683442,0.081549859074,0.013202199774,0.003314064166,0.002127327078,0.002122800440,0.003013470994,0.004388235827,0.005674058505,0.007458750370,0.009322702796,0.012729555683,0.014276886651,0.016782412805,0.026628516480,0.036049800466,0.038260774564,0.043638305427,0.036774125064,0.054420124108,0.081319119281,0.088199586325,0.108345311987,0.130972370673,0.349234220033,0.734015443942
0.376208589750,0.163922397139,0.057861657590,0.027719605014,0.023699593353,0.020391131462,0.016779096287,0.011493678731,0.005560220443,0.003605545055,0.004153334685,0.004748063044,0.007328669302,0.008305105129,0.010859715827,0.015456630193,0.015371327143,0.010023013433,0.006097249891,0.002417400325,0.001405057128,0.001196201074,0.001519367285,0.003888314775,0.009134160829,0.021350320530,0.030045617907,0.023088730488,0.021083056175,0.021962437896,0.025159597420,0.041719333057,0.081099509207,0.155788119982,0.114832131545,0.047149853144,0.010525311900,0.002154109256,0.001648338749,0.003071885913,0.007301012656,0.015951541252,0.019889848279,0.020261413251,0.018610350539,0.024185041306,0.039435894055,0.049822753060,0.053635632456,0.056260206380,0.062407390638,0.083354959938,0.082439467581,0.103052515889,0.140263085063,0.167411511578,0.296281591030,0.429577839009,0.619152077185,0.498435610909
0.338689335917,0.208765715334,0.076304413587,0.032563866480,0.031223587355,0.032051779824,0.032992573815,0.025907690112,0.011856851232,0.004390908022,0.002768955848,0.002579709774,0.005710032501,0.012211338465,0.023099494851,0.030934185112,0.020441818324,0.006871837376,0.001977188637,0.000525596678,0.000445673853,0.000957191922,0.003064135014,0.012558616427,0.030918855162,0.062249570846,0.066538562575,0.031643028538,0.029394530005,0.030440999544,0.032356745681,0.057489480313,0.085385205171,0.103653734128,0.086493376647,0.055990435857,0.026402591280,0.004902943984,0.002394434265,0.004491461503,0.012721475499,0.032905574466,0.040918204003,0.037944666368,0.036102069162,0.051816988184,0.103904150444,0.128238496381,0.121343096104,0.086181848660,0.071413244501,0.094772926101,0.139997304947,0.227628279043,0.323910386970,0.397539221073,0.529250293304,0.424014735836,0.384527530034,0.319345046517
0.239521256970,0.195948467988,0.101539283731,0.057910555013,0.062060759588,0.066379971046,0.050237208383,0.031789109147,0.013097202546,0.004707491066,0.002856656243,0.002618711299,0.004712675605,0.009863693425,0.017464072277,0.023438030846,0.015475187666,0.005538166953,0.002488937449,0.001505818143,0.002805378626,0.008081130914,0.015418337571,0.024771365240,0.034956095115,0.060072757500,0.076408166485,0.046392338810,0.038187516608,0.025978785399,0.014942079816,0.025953673223,0.047393013324,0.087048653150,0.079768893052,0.060828696655,0.027625589685,0.008631626936,0.005830977031,0.007932414429,0.017558106978,0.041450169851,0.062787273420,0.068063945678,0.076733168621,0.096374193196,0.146576352188,0.167643171333,0.183113401403,0.171580051509,0.158339030165,0.207628643053,0.289995121009,0.409745160653,0.379623902697,0.321057984042,0.366503725210,0.339494867412,0.275882180384,0.208659915174
0.125561620568,0.085684511693,0.085947960434,0.078715346736,0.092882865171,0.087678723100,0.048334519494,0.030866747438,0.014140125461,0.004456676941,0.001902464025,0.001145195632,0.001223017137,0.001980613280,0.003635958084,0.006973080142,0.009687414535,0.009046805729,0.009742146351,0.008951360550,0.013980255069,0.022265316309,0.024264300813,0.030686949376,0.046441728202,0.054264475409,0.059699155829,0.046310215989,0.035320132446,0.046124351772,0.030600499386,0.017555392437,0.018204531160,0.034843435978,0.033272821081,0.029613005580,0.028477216613,0.021531394226,0.014874063622,0.013106527264,0.019635194887,0.034896077086,0.062674349235,0.093216017216,0.125466350794,0.156798772879,0.158881581878,0.150798302690,0.222022784448,0.390715774066,0.415089375044,0.292064283323,0.193854938157,0.240156679348,0.299663588038,0.291658597259,0.243765513718,0.199563398044,0.212054408771,0.185268603620
0.052030017937,0.047185422038,0.090525504517,0.100903593303,0.109267485980,0.096212118343,0.039840625373,0.013233418791,0.003476130011,0.001198578579,0.000715746801,0.000399008139,0.000371749616,0.000707682827,0.002293671545,0.009438500037,0.018909321150,0.016637368591,0.012800511352,0.009102548773,0.011939811049,0.023855416555,0.035494076449,0.047728348483,0.056649739866,0.066935476227,0.082033842343,0.065483581417,0.038549793982,0.024854009055,0.017703989334,0.020336955462,0.029114890254,0.045539392659,0.040075777641,0.034412319041,0.033582687435,0.028066348487,0.017906687355,0.011628131198,0.017035480886,0.040347376610,0.087659732970,0.139985226303,0.223995605404,0.304257093977,0.380224729603,0.260765963474,0.245743801228,0.316861435030,0.323512312177,0.251242283409,0.158373712381,0.159790887646,0.215104770364,0.195239070383,0.198960112744,0.238230145710,0.219758124255,0.126285259457
0.053478547912,0.033854746786,0.061908225179,0.093358323861,0.096365442623,0.064073993348,0.020110164567,0.004834585169,0.000846809352,0.000267770048,0.000180301012,0.000165377943,0.000219284334,0.000517995567,0.001792115510,0.005898019783,0.013701038464,0.017886023489,0.013791714030,0.009927328195,0.009693127744,0.010695407599,0.024208196251,0.058872124411,0.079769946042,0.065417456746,0.054627779088,0.037603652544,0.022601596113,0.013965475489,0.011383085910,0.014498623501,0.017837449156,0.026642484162,0.037994804244,0.051292337109,0.047654527352,0.032009477004,0.017236092648,0.008671707598,0.007945542993,0.009962907122,0.030218285150,0.155480066955,0.486834952157,0.508918671545,0.369490724836,0.185253060043,0.160573524953,0.212927844467,0.275280568116,0.278167933244,0.123424935340,0.064477643776,0.058556452064,0.061578577516,0.074679970153,0.112762259675,0.140903802850,0.107378848778
0.036570481339,0.045222852469,0.065240248010,0.082222304597,0.091472122571,0.051077632417,0.011052200384,0.001863596118,0.000366425768,0.000228737211,0.000186553651,0.000163940638,0.000186411816,0.000449788188,0.001840145014,0.006111165721,0.011717062156,0.015975162530,0.014198805212,0.008937149819,0.011427946918,0.018464870477,0.023654350446,0.048130315334,0.078941703005,0.081773657151,0.055834775606,0.024053801930,0.009354381244,0.005459823874,0.006485442762,0.015028517189,0.030643121489,0.048119200220,0.054301408867,0.055600313755,0.041865282911,0.026517484159,0.017380590614,0.012860929770,0.013923790342,0.018689400701,0.050092800297,0.155284003406,0.382269562931,0.481194871196,0.528591548517,0.322674056227,0.243446097115,0.193161954089,0.179613738970,0.167820866247,0.101077792973,0.062192668023,0.050313384309,0.035709104884,0.037533273095,0.047708249647,0.052851977840,0.043701267417
0.040290367668,0.068289255545,0.058723193386,0.092314028701,0.090521830161,0.028546851743,0.003085529050,0.000525179576,0.000310188440,0.000285870120,0.000234946401,0.000210915141,0.000291277806,0.000895546254,0.002918771857,0.007557981426,0.012335343561,0.017937288761,0.020841674563,0.015251028006,0.011562585468,0.010995891763,0.013191135314,0.025975191650,0.046935493945,0.067901761093,0.054661501779,0.021198228475,0.007681606912,0.004504660283,0.006686747966,0.022642074326,0.052828149443,0.071380449172,0.077964569920,0.073368453382,0.043911205122,0.023267878796,0.015209769929,0.015373857828,0.025939501241,0.048671953473,0.123226363865,0.234679859134,0.368864274552,0.352900540563,0.455039767268,0.413950848764,0.365356612280,0.252257520680,0.175726046572,0.131158834140,0.075551864623,0.041167318778,0.027917799565,0.018913075931,0.018717124680,0.019045692184,0.020321216039,0.021754104733
0.020564964339,0.036239384763,0.082052361052,0.105306016989,0.049286502720,0.009571850754,0.001269392453,0.000551201295,0.000489071038,0.000469439952,0.000454635751,0.000634746235,0.001495051717,0.004638382733,0.009578767474,0.015331761606,0.019737911465,0.029157770918,0.039550129219,0.025257483685,0.016865093758,0.012978191885,0.008211099683,0.012903472465,0.029628393426,0.066999912360,0.099056711550,0.073699201628,0.031581087024,0.014159261417,0.013884393597,0.028150235283,0.057125827948,0.104686775363,0.116334093335,0.105886252577,0.060496575725,0.030468091653,0.020352877898,0.023409811266,0.059908877203,0.159298441648,0.264337429544,0.287230907019,0.317884699456,0.296028362469,0.377910157237,0.377388735017,0.384416653958,0.324713827172,0.190376405869,0.129244563849,0.081435628427,0.050389054904,0.026795487837,0.013630072411,0.013038949467,0.012755517176,0.012781219803,0.010881657008
0.053208943369,0.228163508259,0.202149503647,0.074451618791,0.025073544921,0.006645471467,0.002441301457,0.001589240107,0.001335018916,0.001327304263,0.001563936164,0.003059848230,0.007987642626,0.020020906337,0.030800666692,0.038292096931,0.043093319150,0.065594351022,0.058316863987,0.024445921944,0.018604150277,0.017681963841,0.016838859164,0.020804374436,0.033243996278,0.087243399748,0.192086816425,0.188983448562,0.073642564169,0.026249853670,0.016032150345,0.031222259729,0.085799947356,0.164139875298,0.158822565952,0.157315387541,0.168366455938,0.144850703937,0.116855533728,0.092410105277,0.117965544902,0.191775137460,0.251616005082,0.234414846909,0.208201092918,0.283514161103,0.526914523964,0.409141703114,0.282227122835,0.225401393448,0.143026598210,0.106905990822,0.066894331279,0.041409127776,0.022852798826,0.012119834695,0.013705175114,0.012620390389,0.010307028343,0.007230998847
0.161822485845,0.571341913523,0.466440220899,0.086931556745,0.025601371944,0.009770915754,0.006422417785,0.005194192314,0.004080278360,0.003794295238,0.004505222377,0.008206929604,0.017834860231,0.039962441600,0.053755621600,0.059467301568,0.068756797872,0.087073977034,0.048799815415,0.022112024823,0.022928480558,0.023444957777,0.021829286334,0.025052969465,0.030212910775,0.068224643023,0.169202417332,0.187058830525,0.081269844645,0.039805626648,0.034325558082,0.076619539241,0.149808286004,0.172129665098,0.139136062949,0.164169297859,0.198430474859,0.226704899369,0.195650191655,0.127862363348,0.120390692411,0.141131713526,0.157865466364,0.145022391213,0.156081978727,0.284457965653,0.540546992815,0.305953785130,0.137666273752,0.083937848222,0.047905066739,0.032216155983,0.020209517963,0.012524553275,0.010621216135,0.009691373385,0.012468165557,0.011265833006,0.008401709493,0.021258730794
0.246511841432,0.607600567774,0.595167922795,0.186374440796,0.046167544847,0.017078937145,0.013280610502,0.010256831150,0.007421638657,0.007412101534,0.012826510308,0.024992220539,0.043280840924,0.075985540861,0.080572763117,0.065189291421,0.051404933274,0.054412983371,0.046580596909,0.032356203869,0.027338381437,0.029918545410,0.036673871283,0.043632751994,0.043030834235,0.079738528842,0.172082662711,0.176176494169,0.091261091090,0.060679619536,0.062645782635,0.134711361595,0.212983403004,0.170299981124,0.121078031526,0.164540402089,0.270922802946,0.360273213940,0.263120188555,0.107160329631,0.068590570131,0.091695152660,0.154987805911,0.199754416801,0.199533921233,0.292517687589,0.377875307863,0.149299744963,0.046921807007,0.031423410871,0.044119211121,0.047158599767,0.023967155573,0.010236008943,0.007755661851,0.009539383100,0.018324990264,0.022246420743,0.022052058462,0.065504915773
0.143308436292,0.490098892869,0.709335137229,0.369916745109,0.133717648163,0.043234702006,0.026873071826,0.017987932229,0.012536307724,0.012120539988,0.024055927097,0.054112541161,0.096825976189,0.130439646886,0.082848741643,0.036909634394,0.019434275666,0.025892503839,0.061359181120,0.070781313532,0.054228218571,0.059648578219,0.070177436758,0.078007197034,0.061553939050,0.091789007176,0.177595873932,0.177481136473,0.111511201051,0.085535742586,0.080212879839,0.142595397456,0.193893475311,0.154155340652,0.124123902295,0.163472433470,0.297709247484,0.426058293075,0.291010577204,0.096042500850,0.042463185739,0.055759921079,0.142118945473,0.251209461600,0.245495400905,0.238385565042,0.173106077700,0.058631216935,0.015697080885,0.014207601352,0.036599653935,0.052451739155,0.025393689454,0.009147615288,0.006880075246,0.011727789726,0.027292457345,0.040607680724,0.048474128691,0.052521388136
0.096722873470,0.495939866761,0.820883883891,0.324143192456,0.132534877851,0.066157123276,0.040728926036,0.021806791395,0.013933344000,0.012636945666,0.021678228188,0.048276793593,0.110998824466,0.176842571691,0.099355632946,0.030243490120,0.012440804575,0.018576762893,0.067904093619,0.119268224557,0.096248141479,0.092327427409,0.094015928493,0.099843777607,0.077249572813,0.073548945212,0.124655569786,0.151670816696,0.129073203824,0.105791674409,0.078367080211,0.108783804800,0.127584076124,0.119520830463,0.119662397444,0.158947511913,0.260260811137,0.291351933498,0.197293640282,0.087276560009,0.032325872900,0.034473813189,0.085088916128,0.177925223404,0.211285628136,0.124150530632,0.045802504596,0.017002098827,0.007967589777,0.010873282497,0.034175230147,0.071843709417,0.054744710550,0.030651721506,0.020264112764,0.021054401887,0.029706119607,0.035825413538,0.039027837891,0.041220859709
0.152146831654,0.747444624729,0.664712755726,0.202038379170,0.150817081476,0.121499597433,0.081275892542,0.034631590952,0.018979907845,0.016449098195,0.023554948890,0.041353110098,0.089371138015,0.144751827871,0.090820403801,0.031087248789,0.012174075570,0.014839555093,0.038537815235,0.074861454950,0.117283661357,0.122717246749,0.091024052637,0.078780557808,0.098329065460,0.093905290089,0.076006177252,0.072486291979,0.084183651467,0.091025530397,0.064717241197,0.067481545802,0.072616900302,0.099676812974,0.170096120639,0.252621598327,0.267038536124,0.183989444929,0.091882518971,0.040139120937,0.022212639369,0.031565271392,0.071151854015,0.125655948378,0.135716805672,0.061713321253,0.018126063819,0.008271215764,0.006954671748,0.014170863829,0.038920739527,0.086632038097,0.081211291060,0.045540047753,0.027626203292,0.029217996605,0.036556792301,0.032910222542,0.029320787160,0.041163058585
0.323033344996,0.771408985703,0.514725171969,0.153470297995,0.125210339303,0.131492456176,0.116142243345,0.053497281300,0.028707289177,0.028036007713,0.034328703028,0.040851932925,0.061803330627,0.077436034279,0.051585956566,0.024622254416,0.012648566878,0.014004358774,0.031239301712,0.094499067007,0.178897846148,0.129183627766,0.079499984238,0.068216428579,0.108624135304,0.122767987709,0.057098950165,0.027308118632,0.037933599690,0.067491636572,0.061604589048,0.054845842572,0.041120920840,0.058617798658,0.178806668520,0.361493241689,0.229376391441,0.136017817597,0.080492749792,0.049017437457,0.033101238153,0.040257732161,0.046390135497,0.047694694421,0.040737440410,0.022527550667,0.014380934603,0.016347831539,0.023069936197,0.041575891078,0.060750710424,0.070878437635,0.068306506665,0.051476084583,0.032837853795,0.025160410209,0.020786323355,0.021375414421,0.032127657580,0.073327700848
0.620970685288,0.725568689488,0.358521690942,0.144862544353,0.141908080468,0.164118084045,0.131237719520,0.056052132070,0.031638403335,0.033307018523,0.036887389217,0.035610036754,0.042700734762,0.046883514147,0.035877047098,0.021935577146,0.014937723900,0.017994219803,0.036176931991,0.080922968263,0.148822398128,0.111727556471,0.063704438371,0.055569809447,0.053666716172,0.038632924566,0.029214499529,0.020974179454,0.036546508685,0.095553463684,0.103046595578,0.078094511431,0.045125466876,0.056100045463,0.153605815424,0.373762640445,0.287072487356,0.124788996613,0.064956780591,0.050666960087,0.042587687120,0.037481932640,0.023942191531,0.021832261214,0.027380747644,0.021654757032,0.020289388190,0.030123156855,0.043210476492,0.072931497652,0.096506027360,0.093942573628,0.070943998923,0.053131194543,0.033310768706,0.021930708907,0.019432712861,0.023549657491,0.051794083019,0.192110251045
0.783075646302,0.591909065426,0.185719961453,0.103797761435,0.127179427100,0.131070646659,0.079966604130,0.036713447582,0.028777870809,0.042896043429,0.054121335966,0.030518039317,0.022751120131,0.024716745527,0.021995952730,0.016281695239,0.014103854253,0.019083302287,0.033597487084,0.058954052929,0.114413437430,0.108311505234,0.057291164871,0.033745435459,0.027194296704,0.020838755801,0.019088988757,0.028097578884,0.076773079430,0.141940186384,0.127217937468,0.116200878251,0.070248988879,0.074350457775,0.134428784275,0.238369957123,0.214285393243,0.167481648577,0.107021053480,0.091558164767,0.076300537601,0.041768656568,0.011508993880,0.006442386392,0.010476045070,0.015486906455,0.027204304498,0.044609661628,0.053801646779,0.067720775513,0.077902928693,0.101931462525,0.101586098161,0.069748557360,0.044185248365,0.042951580108,0.069346379040,0.084428569598,0.097123467941,0.293369730876
0.660306520536,0.701663232332,0.275726392696,0.110961955999,0.095340983649,0.091123480089,0.061239560060,0.032047083629,0.027278622176,0.056439116652,0.120619406728,0.050835252248,0.013978393667,0.012519354989,0.010815979110,0.008394816285,0.010058396117,0.023405333301,0.043629850421,0.053685064681,0.064906310245,0.065443493405,0.058738476680,0.049813015550,0.037736038177,0.017131820747,0.010463485864,0.013366825387,0.035390688913,0.120313543532,0.137645437051,0.113957284606,0.083188763264,0.111076533917,0.177899164479,0.283749121188,0.262000445895,0.206283053931,0.176594743445,0.196738015508,0.133626174923,0.045059762597,0.006399807765,0.002148676330,0.003185228691,0.006991146470,0.024069785880,0.057439140807,0.089924949042,0.135793417895,0.102016497149,0.077834108685,0.112363369246,0.163766231313,0.121723997205,0.071567798032,0.054996037627,0.071142215543,0.143146466643,0.320511181214
0.442598317122,0.640154811738,0.354529599505,0.169379205082,0.134817730570,0.098603689149,0.047197857731,0.021147771782,0.016817407166,0.036499571268,0.132299245557,0.137619478476,0.022539261561,0.005995167974,0.004389346033,0.003650609538,0.006878848630,0.025037535372,0.048743536800,0.049361138711,0.053161904562,0.082182224582,0.137664956255,0.112469475606,0.070549663336,0.027615863489,0.015839477897,0.018174782486,0.039445524472,0.089020903949,0.108147961281,0.114411567535,0.105901527524,0.162727223882,0.222914740970,0.297332064061,0.286473199131,0.244729250629,0.210514918964,0.200930222842,0.120177501294,0.069687431253,0.033392129967,0.019337799446,0.018834972032,0.018023187634,0.039417340696,0.089977137019,0.148125581297,0.143659456245,0.072569383399,0.062558035452,0.128069850677,0.224370343164,0.124915506882,0.071808685768,0.080773719302,0.161581578737,0.249795583143,0.289391352759
0.284295343709,0.436132735234,0.408231716949,0.279848653526,0.227016509467,0.108382172401,0.042000423501,0.017045496012,0.012243048101,0.019398123684,0.053480623038,0.090908424467,0.036195588818,0.004941377605,0.002354623755,0.002120566625,0.004966293863,0.021704629815,0.052830571639,0.044280677193,0.035466877545,0.033732884264,0.085993484500,0.200028738034,0.104674672113,0.028785121520,0.027091262521,0.061497284108,0.099135951125,0.064771211799,0.040660584133,0.051522726047,0.081917105657,0.210347956001,0.360191884316,0.392326058780,0.340110963542,0.266890657401,0.176930563748,0.149416292337,0.077650278676,0.036932162132,0.018563324193,0.013789675691,0.010792576247,0.014391366297,0.049922617149,0.153561692700,0.214986648680,0.094145269975,0.031922118834,0.044233159892,0.115507579599,0.181915612086,0.104713775729,0.065884522721,0.105090365399,0.217606912655,0.298600542794,0.234479666241
0.254610318532,0.418457468145,0.480472826927,0.301283460198,0.177728682477,0.086049510765,0.049804415415,0.031796083586,0.025761351095,0.023526249319,0.029122614605,0.034028062850,0.018286309410,0.005577767744,0.002465384497,0.001425969029,0.002476549813,0.013861918839,0.057676648366,0.059457505904,0.049032337916,0.042732919992,0.075567073487,0.154021675898,0.073144315200,0.024706214536,0.036258410826,0.123878722177,0.178189415685,0.061977160103,0.019985922240,0.017854179121,0.031561979433,0.102647569190,0.206628765837,0.388343566007,0.533426257399,0.429977972749,0.232839266983,0.105443105669,0.033947479720,0.018494374168,0.022367011825,0.032085538702,0.017261170438,0.009416013098,0.024730238659,0.120033945189,0.240607296218,0.113381938520,0.037109812159,0.052353106024,0.166877620284,0.190135772402,0.059203587645,0.027030258011,0.045110759059,0.151705597202,0.310623451218,0.221232681965
0.209698098723,0.435034105309,0.564623348390,0.306360679644,0.156159743640,0.066849935853,0.041239747369,0.032127228689,0.027918597640,0.023769684297,0.026190293243,0.032907217828,0.021986793298,0.008709242724,0.003311122137,0.001232376066,0.001306743308,0.005708194178,0.033651339584,0.069559644311,0.109795899795,0.115168418021,0.122313184930,0.109673572798,0.065000234967,0.035278657765,0.071809487578,0.229401928984,0.205227713653,0.054493018547,0.019331013113,0.024703157746,0.040295485672,0.086867125667,0.137818150034,0.304217022629,0.666009976512,0.463527603281,0.185416139506,0.110358149461,0.078762683617,0.097764520549,0.077595181603,0.025065515983,0.007289807305,0.005251720549,0.016405431505,0.093454560114,0.251546609843,0.157895173554,0.055075156295,0.065906508002,0.187874266228,0.269971115398,0.109104954563,0.051043047448,0.066263233810,0.158772647271,0.211083840561,0.143806633622
0.160862403273,0.566472748975,0.691650172021,0.298044241418,0.149692374782,0.083004750945,0.051225901597,0.028929780335,0.014561857953,0.009522720179,0.010654029263,0.015426478020,0.016897590095,0.012602248015,0.007042770434,0.003097177846,0.002530595539,0.005623695596,0.018818797389,0.043148329468,0.084930336383,0.124567066400,0.150570764625,0.154460407515,0.137997677441,0.039720783563,0.089591129606,0.241474857561,0.172438601580,0.063655794676,0.024472971754,0.018909885253,0.017655758059,0.040014948659,0.097605265916,0.311352021127,0.545234488875,0.272619795440,0.090109633647,0.070296129216,0.133763113303,0.255418767824,0.073163458854,0.013077102971,0.004422003476,0.005122187180,0.028469835576,0.128504462022,0.200946489209,0.116134947031,0.039153746236,0.046980101596,0.130337930670,0.279838199061,0.206514063102,0.129744975378,0.084105737036,0.050711079391,0.049108969857,0.055750553442
0.312973386221,0.703173299116,0.608823107327,0.308671967405,0.227777309595,0.148520328764,0.083499882052,0.028354128615,0.009308116681,0.006255298489,0.005588815881,0.004133614367,0.006474890522,0.014369989650,0.022526506795,0.016212469427,0.009620084689,0.011905353211,0.022857223683,0.044390095146,0.083004146014,0.076699978087,0.062902149632,0.051039241413,0.056741687177,0.076759711576,0.178582599179,0.298092855721,0.193720521588,0.086485924521,0.030513316416,0.019122195977,0.015160543411,0.041599166890,0.136516038623,0.412052554901,0.475199742842,0.212515134519,0.090940619253,0.087584174641,0.125353123928,0.173814714881,0.084980580087,0.037833332507,0.064153268308,0.030608243650,0.035554180994,0.132341866929,0.218846143651,0.166387796181,0.047085790863,0.033489703357,0.090765885430,0.202930163677,0.194722227549,0.124099752829,0.053501068520,0.029139476294,0.034928924121,0.069504131895
0.284421420021,0.650325982171,0.769101654934,0.577928082522,0.306912166927,0.124318904911,0.056612831456,0.016211335507,0.004788933056,0.003552060773,0.007820199875,0.016560282829,0.015908322236,0.014662023357,0.025294561191,0.028141743617,0.026244494588,0.033533740514,0.048576472685,0.054422989300,0.057610983255,0.040391240031,0.026998829471,0.020130300609,0.025297134814,0.073390650104,0.202280744981,0.327486659512,0.281337447278,0.157354023575,0.068590283317,0.052899150664,0.038450081771,0.070436436885,0.152439549927,0.328965935307,0.341763573224,0.149565425364,0.120368891760,0.191886073788,0.254098691859,0.254557183913,0.104648002542,0.041849848038,0.032051097776,0.025393556695,0.039369201209,0.095014990959,0.164553214210,0.132596506508,0.048190804454,0.038550819829,0.082604901042,0.148589093573,0.147220851782,0.089849315373,0.048923851370,0.045191319308,0.079761098827,0.108753611489
0.324143179025,0.694888924016,0.733753355462,0.622818008342,0.459518188555,0.189060183487,0.058117312382,0.009499313934,0.001681643483,0.000967605502,0.004740212047,0.022545503085,0.023357745478,0.014395974093,0.022830846762,0.029294324457,0.033255208074,0.049394882940,0.079377723758,0.074636720207,0.054729108091,0.029801064291,0.015993814099,0.007373192991,0.007304552768,0.039372179690,0.210019706496,0.282748700830,0.268195786695,0.167421499817,0.087810461007,0.060947867977,0.033464276154,0.068314158391,0.147282463893,0.235034930665,0.220071670058,0.097239556238,0.074494456870,0.090215641131,0.185145693953,0.296292049549,0.104125085630,0.030380368338,0.029336855361,0.034074105265,0.046659588666,0.074279321569,0.119040949086,0.115259269373,0.056309049329,0.046489187050,0.061357263385,0.049636726808,0.048277245391,0.084071272883,0.091802903210,0.064095259525,0.091567869201,0.131716420034
0.260792571642,0.795778260063,0.800602786557,0.407102742151,0.253499629250,0.212330133339,0.138133894957,0.019689875281,0.001680825585,0.000335522161,0.000509559231,0.003606332504,0.018210998690,0.028170034058,0.031676217746,0.030734730560,0.028042690082,0.031046763023,0.043801021630,0.055173313965,0.061096022054,0.039904772637,0.020935320848,0.011150834127,0.031389796317,0.066315861322,0.111358417595,0.128993845081,0.143940878180,0.127225129633,0.061464554250,0.047427886889,0.040351914186,0.058134413713,0.087258945052,0.131380666758,0.145918636087,0.079459781016,0.045531394516,0.043021448742,0.067383996460,0.174073279652,0.136012438052,0.048188126524,0.035737896913,0.047796824473,0.063262608450,0.075264170279,0.129610973151,0.177117631205,0.087420681268,0.049024876863,0.039409846804,0.029626141568,0.027840159562,0.069711514991,0.143263549384,0.063192988086,0.027111897507,0.050668924922
0.213704327253,0.900408756124,0.808043805288,0.304585196351,0.214477238842,0.187687297998,0.155670759453,0.039222094793,0.005080581927,0.001007050677,0.000877946741,0.003241987643,0.014526323334,0.025028654757,0.022823102116,0.019730475183,0.020326123588,0.021250264277,0.028192127129,0.037994991474,0.061465544477,0.057655184377,0.031605592247,0.010893485051,0.004170338177,0.009574624308,0.031756846682,0.048638154288,0.068450345122,0.092665644011,0.073953675139,0.071740729247,0.049737898751,0.070219909052,0.124707154698,0.185739290535,0.157758411273,0.058387977021,0.017237509488,0.011451444996,0.020523382942,0.095314306995,0.162505785003,0.083946336590,0.034091335398,0.035754603884,0.051279692394,0.065964395630,0.100303967555,0.187785529128,0.190676989839,0.094154641704,0.039842631248,0.035859191670,0.034106750136,0.053606852454,0.083894096925,0.030263783291,0.013583722096,0.032237031034
0.154652120463,0.829532330654,0.997402628030,0.430988765499,0.218487803572,0.125981636816,0.104419979786,0.051516406522,0.014900216477,0.004953843498,0.003577082864,0.007001961165,0.014995283154,0.017750362837,0.013412664359,0.012398861003,0.017304090465,0.020609478228,0.026558112233,0.031486810386,0.059833211011,0.070466262180,0.042121987680,0.014284842213,0.003797247644,0.001878361858,0.004087069047,0.016864717782,0.056834417669,0.115327155272,0.086748921270,0.053664954880,0.021959361968,0.029135242033,0.065913500254,0.164087842713,0.178999302281,0.044604265225,0.006648434054,0.004029012686,0.012128411983,0.110100665878,0.179683961117,0.024172954884,0.013241850150,0.027382764516,0.058866006389,0.095459900953,0.111964404886,0.178560607157,0.186332071307,0.155217645474,0.072556145730,0.055372913340,0.047909298420,0.043239760413,0.045136327365,0.013847027109,0.007313142193,0.020678592972
0.181978113074,0.842526253595,0.912291739507,0.480981504841,0.279494840268,0.177542536615,0.103101732164,0.027820379435,0.016725673144,0.018883447854,0.024479300783,0.031112572235,0.028788212383,0.017110646129,0.008399835656,0.006721062618,0.009341703568,0.014884012942,0.024021102743,0.032348232818,0.066851889408,0.090278745489,0.055373841083,0.018118960007,0.004559482910,0.001691814097,0.002560575465,0.014415333417,0.069820525588,0.126141230851,0.079446790937,0.050155545702,0.036583609942,0.091598617747,0.141493391176,0.160444826198,0.128777881819,0.062366553261,0.030789287868,0.027034643649,0.041306078872,0.094734606052,0.058275209701,0.015080283270,0.010067438871,0.018814291862,0.043269505203,0.100017491053,0.146751788597,0.178094421027,0.159890309010,0.108560754984,0.070264090173,0.057029577967,0.044999138408,0.030476846006,0.048780680041,0.067096330571,0.032340958917,0.031195047629
0.257269452940,0.838062554907,0.909771542433,0.482495159837,0.276697823100,0.192141787605,0.140963146120,0.048149201984,0.032291712261,0.050087057742,0.075937765126,0.056842901369,0.024211891920,0.009724978753,0.006059163436,0.007006396258,0.012513541042,0.023308859611,0.037379364046,0.039034857730,0.060168123881,0.096424720731,0.085338185840,0.029779239710,0.006619891202,0.001987584874,0.002780296513,0.021701843702,0.139659476777,0.247891665843,0.112974843603,0.049788019280,0.031356214238,0.068098712612,0.145575501502,0.225559227776,0.214587645758,0.102803075633,0.035192026568,0.021902119120,0.032329562464,0.076403118836,0.057345370400,0.015011249552,0.005311864568,0.007160004329,0.024052565718,0.113338254216,0.246925592343,0.198111915743,0.097099488986,0.062505772769,0.033523760111,0.037244816419,0.057703230047,0.076651907277,0.098936981260,0.063029482117,0.047192039730,0.078215041211
0.323763392590,0.651768793564,0.764863373995,0.488740177303,0.214800829885,0.057735364404,0.033006588673,0.032105288741,0.068277113779,0.112928069343,0.106526519141,0.037566405269,0.008809208528,0.004334250229,0.005621266304,0.010651058059,0.026022415454,0.061181757555,0.072763546466,0.034074845906,0.019376047622,0.020077254856,0.038597415835,0.044664994841,0.017116902048,0.007033862321,0.011167341666,0.060962116006,0.308111225026,0.405657014291,0.088812794182,0.020722036883,0.009803812664,0.024015784969,0.092290978853,0.286114048910,0.306868562508,0.091014131729,0.014341996646,0.005276341136,0.008637604633,0.040142519565,0.079069806211,0.030315406829,0.005869970561,0.005207648263,0.022621772025,0.147902069594,0.341571375974,0.216447486330,0.076287934741,0.032340836079,0.015644564869,0.026087706365,0.071269282219,0.174730372168,0.182286845327,0.100585128149,0.074206741784,0.121701152249
0.308086412509,0.525723091408,0.744503128377,0.516117143850,0.174734567265,0.027565005430,0.008801595263,0.016268245582,0.069743480667,0.197353110870,0.214279545282,0.040955506194,0.006371433035,0.004025172736,0.008405618825,0.023380204508,0.050045196146,0.061222781726,0.045487352131,0.021055919100,0.012212148002,0.014006029265,0.042622143828,0.068692300711,0.040583007611,0.026635425206,0.042511366667,0.129862860110,0.395228920613,0.477865374073,0.136516075838,0.028762299608,0.010737529394,0.029910943042,0.121562163512,0.309529937453,0.251529204316,0.119164379231,0.030769246708,0.006915305299,0.005570656443,0.020300073443,0.060374931761,0.045436247940,0.014513692229,0.013655369210,0.037205385306,0.162353635858,0.324426580529,0.211493610894,0.089456793466,0.059312595389,0.043170347421,0.060383646140,0.138339972758,0.235386696338,0.149855817530,0.100133555720,0.094337954283,0.154742714546
0.200809007668,0.468617293272,0.768492212232,0.561303028896,0.213568067208,0.037332965579,0.010527074883,0.013024977391,0.048868651047,0.118369487954,0.140676676668,0.061632913645,0.025862671226,0.013363537015,0.013045638430,0.023399453507,0.036741014077,0.041058100765,0.044525689480,0.032069486654,0.028917028379,0.065634077416,0.170724255959,0.124449686395,0.036499060056,0.013533618137,0.029415236259,0.136998586531,0.483424790240,0.533323085201,0.115750756488,0.027919511759,0.014183395355,0.042984071736,0.172255225827,0.351550940679,0.183560699136,0.071071162805,0.045110121129,0.036743694525,0.037627341962,0.065281671285,0.100966539908,0.065783827355,0.021632839265,0.015590225519,0.038576937260,0.151845024539,0.302327709137,0.249053461900,0.137723719471,0.107672032222,0.091463225415,0.109564490937,0.108415648621,0.095321571509,0.080153027676,0.084980042951,0.099135232198,0.109751315798
0.218941193945,0.533266059594,0.637400329833,0.414953983458,0.181306201094,0.061301246193,0.025285401142,0.019906458455,0.047261651395,0.087282691720,0.112212206582,0.099761459257,0.086783226751,0.044494533747,0.020731700278,0.018833719936,0.021968375159,0.025935439641,0.032616665759,0.030828607750,0.050041861825,0.152459670745,0.306749909915,0.265735907703,0.068043160358,0.032760341188,0.081049430189,0.251162666172,0.403200293856,0.251015181067,0.080876880458,0.044990692502,0.026249936513,0.050057873415,0.136263999958,0.246720714288,0.156984052604,0.090115984771,0.098766916829,0.180730963511,0.193342090633,0.142674100703,0.118636180852,0.071927669654,0.028794059401,0.016599231234,0.022044153742,0.076169330393,0.183811628196,0.206220171455,0.179559883114,0.210881518192,0.310418148705,0.281637239949,0.099975830937,0.032223978895,0.020613373736,0.028119237915,0.058648154068,0.090109459922
0.155297262484,0.439627126763,0.512694803478,0.348923477763,0.204464479335,0.059052703923,0.032591283065,0.029254129988,0.037914829713,0.045730634073,0.058937797166,0.072619151894,0.086808622419,0.065831753794,0.037353375945,0.027480310948,0.027983565206,0.025892796420,0.024042065933,0.018291478291,0.022930889162,0.064494658006,0.258503931946,0.479633996691,0.251750324555,0.097592021832,0.120075003649,0.226131765514,0.283472805875,0.204797960399,0.083866037311,0.043515049120,0.023165380181,0.038695666843,0.102025310851,0.186939134593,0.178139972965,0.095453489746,0.051397697843,0.057284127525,0.087174950001,0.148921898319,0.200860107301,0.105629662110,0.045045947747,0.028833676729,0.028102485140,0.039093342949,0.050564901542,0.076292235836,0.155952159692,0.234125356237,0.189785167205,0.173501582721,0.151172795993,0.112209428482,0.051331441201,0.030038901267,0.032689688148,0.053586243051
0.205364175203,0.442819000491,0.526885926724,0.349543154379,0.161840184360,0.099176524702,0.102639439615,0.091413429153,0.061241608828,0.033415296122,0.027549078839,0.031466999297,0.057162790396,0.081752914715,0.082719891901,0.072450761901,0.051546392865,0.025099391441,0.018626290837,0.016384682483,0.034713485265,0.110007342309,0.257188459708,0.333379998300,0.197259581341,0.097485651605,0.150153034808,0.302058410989,0.333664286139,0.214138663244,0.078917026977,0.043345148517,0.035661459433,0.068418168723,0.159315208525,0.229509219222,0.202751166605,0.118311123529,0.060488051504,0.047417493264,0.056853247444,0.101646109801,0.223247376497,0.217255981784,0.123004356781,0.080396820911,0.070101093913,0.080052855639,0.099622652182,0.124694816505,0.129875216715,0.222209249894,0.275813324670,0.207127166307,0.159685948623,0.158648033825,0.138614991851,0.109358038605,0.078214396526,0.094733649953
0.273136008288,0.412624964398,0.499378551625,0.501370985186,0.347063190588,0.163619604149,0.119793375305,0.113498893899,0.059789227204,0.013639670034,0.005080135622,0.006125493510,0.025118182768,0.087579726630,0.144465272500,0.141154270658,0.091993360421,0.043474142679,0.030692828401,0.024248271816,0.051188528500,0.061328750455,0.069467221854,0.133256702561,0.146404806689,0.112486363682,0.103586130129,0.149469330290,0.240684727184,0.254564692165,0.136192568701,0.069492833064,0.049940974870,0.098399496375,0.246668088705,0.304128112394,0.205537067350,0.100506968281,0.055206188733,0.030505040176,0.020339633196,0.030222615119,0.131058141132,0.286792387929,0.272634976904,0.186105274556,0.143396054915,0.148839577282,0.131122782958,0.068370689562,0.029714549281,0.046482783082,0.143224517569,0.256718480462,0.203426748794,0.226116734642,0.244026480711,0.170288427561,0.143750121872,0.188938602472
0.286822512522,0.517152119352,0.567587609469,0.526166838887,0.340701308733,0.200856092729,0.129021968161,0.064779337330,0.027912830561,0.008590678948,0.004317866800,0.006068869942,0.022845717998,0.084719312657,0.144848587678,0.133426448818,0.080764837496,0.047965742423,0.051367889739,0.050506692953,0.057929320116,0.060925179804,0.090967844981,0.097532544653,0.044804233972,0.021056920485,0.029832556456,0.067096721389,0.108944373872,0.119496575029,0.115757645436,0.112991367111,0.120462263438,0.170733250779,0.225942837160,0.264230527044,0.302410372868,0.186109790554,0.052466211555,0.010848306671,0.005242179586,0.022953203267,0.117520007472,0.300003442443,0.305163908755,0.164901868002,0.110020377729,0.159207052372,0.205802376156,0.088459096552,0.026117442322,0.033225628925,0.067353546948,0.127483138078,0.156703581169,0.184623872969,0.166498335744,0.118084890655,0.101536347828,0.142613668747
0.279901801874,0.643443446852,0.667609675614,0.379441994459,0.225856597541,0.135522679025,0.129952574646,0.093391217465,0.051919407780,0.018642162096,0.009921621934,0.013574367446,0.036480235257,0.100849072476,0.163228600068,0.146071042567,0.102346733879,0.076050228715,0.091372729876,0.102122053927,0.143389884874,0.199984313635,0.233788259842,0.169744658417,0.090574838120,0.050717311750,0.073086864124,0.154824128759,0.166341356075,0.092830544522,0.080341908866,0.113854775088,0.191208514145,0.293108063174,0.240201483555,0.286133571170,0.304499198836,0.170930764199,0.044840751709,0.010793381065,0.004087427717,0.008532052093,0.043841104405,0.168490145474,0.239994589335,0.197716840366,0.150448514768,0.217457114529,0.287430875014,0.104552091831,0.024817583591,0.025191948694,0.047955139158,0.090946920815,0.088494228085,0.074214364065,0.081423549712,0.074503728575,0.085303737436,0.133745963914
0.290218173683,0.429720274682,0.345291712177,0.183651448354,0.150796841512,0.128829042569,0.089057237899,0.084377128817,0.100118993313,0.061476236318,0.028923650656,0.025817283733,0.063992823123,0.158604810848,0.242323425673,0.211509356921,0.170141606583,0.146078529026,0.132615674027,0.111550178730,0.207596241007,0.376933985750,0.380750561643,0.291197488278,0.237949134503,0.184247411783,0.223281593130,0.295494996986,0.259160100432,0.156814460468,0.112564508881,0.133980001573,0.195830747357,0.273548241037,0.259196023789,0.368960490578,0.409946942985,0.128573068334,0.020577293676,0.005708199763,0.005993824385,0.032566991469,0.030216368936,0.052821256811,0.122151830796,0.164458575856,0.123272248649,0.117754938740,0.123028102116,0.051844075061,0.016713391498,0.017749254315,0.029244628781,0.039733648415,0.026423465769,0.016761556725,0.017719876666,0.034130927279,0.067474749095,0.144113149755
0.294003470904,0.275294698286,0.194267568777,0.126989434686,0.099642970798,0.083632982576,0.073441393215,0.063209493056,0.065194890690,0.071591813612,0.078857976889,0.090756332779,0.122784247133,0.175937854755,0.292110094737,0.394221907529,0.274216101930,0.114404883029,0.057589802633,0.072885050522,0.258532398872,0.486944611687,0.299722914507,0.155268589364,0.147768991801,0.173078345794,0.261467336465,0.249154442285,0.229005747606,0.214364146848,0.153536861824,0.121102453929,0.107092304082,0.137268239965,0.216977685323,0.365947625627,0.402935511011,0.223774822031,0.091879619424,0.046390669100,0.030050091369,0.035546659603,0.033554162337,0.029130802971,0.069327441351,0.162884631626,0.188327793566,0.133284153578,0.082720135905,0.074363007344,0.049548202439,0.034012885844,0.031005139787,0.037313944015,0.031670920839,0.031883403165,0.033176966851,0.057267978792,0.097068828239,0.183808150884
0.339638726266,0.274844490779,0.197470546342,0.140751343701,0.161469960527,0.154858462887,0.101934646748,0.075979884755,0.080913014157,0.110612035485,0.133549497471,0.142374322675,0.146139341590,0.171864238152,0.255695907642,0.385758738995,0.362006080790,0.224018401823,0.134149734728,0.172263761076,0.287620002286,0.222298215235,0.104350440369,0.078960432945,0.129607181770,0.212120199480,0.270660894780,0.207686673738,0.201643260761,0.193232724610,0.160838080958,0.123834159653,0.083096027196,0.088762006608,0.173086197056,0.238777098027,0.170788947329,0.105285084752,0.073761963323,0.056945834081,0.019004598665,0.022314014271,0.037893011143,0.052219123637,0.105833740585,0.185922944542,0.199284667505,0.159539275554,0.144577587985,0.194648291534,0.145224808165,0.072869722396,0.049783297253,0.049897565609,0.054809180354,0.071763505131,0.068412813632,0.098144766050,0.122485738482,0.197792311082
0.340355838755,0.275760957167,0.231651267720,0.208682216179,0.212293292029,0.226456745656,0.141127893738,0.094673604309,0.079262374922,0.089931942800,0.093165194998,0.112789257326,0.166393385356,0.269976859198,0.306277285471,0.259229553569,0.192664245462,0.193767906398,0.198475900119,0.259215860195,0.329451351356,0.211275494184,0.101105028164,0.069694305868,0.083770908584,0.111022780958,0.128816888476,0.116171681533,0.154136388011,0.174308114774,0.171854277580,0.154842915233,0.124389686586,0.103292272657,0.081343268810,0.052160228483,0.038953311513,0.030384033288,0.030174995553,0.034553574921,0.019786201926,0.030871317790,0.062099001457,0.092793002093,0.166048682357,0.211978659488,0.210849449541,0.199474679739,0.216172042402,0.265988571792,0.206816333562,0.114477312191,0.079106489026,0.067215882856,0.070754523938,0.098943398327,0.101827927633,0.159289534176,0.189596892884,0.234974504551
0.292211259408,0.303426301846,0.294219749466,0.274072727232,0.218480884240,0.212194614436,0.141651421104,0.092488324573,0.064684067160,0.063620780469,0.062779451562,0.076538093306,0.104755176859,0.185707922057,0.230573980332,0.211792910047,0.168231631531,0.194175285697,0.205839911520,0.240325184772,0.214201466777,0.137883887147,0.076305440136,0.038012116447,0.031839177306,0.034411148744,0.050358559391,0.064808009838,0.106198063311,0.127604166349,0.133680255458,0.130142735807,0.112485440572,0.083828226500,0.052119232508,0.031089458794,0.024399974021,0.020828546608,0.018920596074,0.023514098486,0.020679587128,0.024396661389,0.051539148977,0.089267545907,0.181885919249,0.246338174922,0.274838421504,0.279478317803,0.288654666009,0.249319664142,0.139521682308,0.071947893060,0.051617473640,0.054738412145,0.074806430319,0.143145645003,0.174821802052,0.234864427619,0.210322155243,0.215341140463
0.226152823512,0.255409588622,0.282576856945,0.271085795166,0.204426757260,0.190586414345,0.114386666596,0.070422167837,0.049885007656,0.044415439510,0.032979300222,0.030559628217,0.039043521675,0.088141158563,0.175899120100,0.228107394348,0.194776403431,0.192993703952,0.145419614663,0.127938044165,0.085224801086,0.053673974062,0.035023539793,0.028753119089,0.022488839313,0.016372398077,0.018989251825,0.027927104810,0.065377093926,0.108751067971,0.123537963134,0.093226171171,0.058436678461,0.036248224725,0.021355817505,0.012728064259,0.009845755218,0.008744856315,0.009249121683,0.010424219255,0.009556974224,0.012196399250,0.027172181060,0.062253508925,0.175733494087,0.280332615499,0.310940630574,0.288413370654,0.265531446480,0.192603031546,0.090680048220,0.044056392216,0.029523278430,0.026935020615,0.035716592220,0.093443261559,0.202444396612,0.376920686877,0.272710041737,0.199786795412
0.258393077013,0.214317400793,0.224591560057,0.227032006813,0.189954229824,0.179960424321,0.115863328255,0.079069843363,0.037529274717,0.019942891423,0.012728334021,0.014714235103,0.029496405261,0.080185418598,0.163198271873,0.218899276770,0.186481918909,0.157290007865,0.092247116788,0.074246964777,0.078848805029,0.095582854441,0.107242478685,0.115046912173,0.094208351934,0.045499810518,0.021263862711,0.018569364348,0.038117033377,0.077731951879,0.112327195439,0.103027367082,0.052072597555,0.015538628766,0.005544133480,0.002982884307,0.002812571489,0.004073475496,0.009856638699,0.019105821467,0.028157712254,0.035030431887,0.046919614271,0.070650804411,0.144945664346,0.246402021878,0.288346574026,0.258617123595,0.218239984497,0.144255487628,0.067678119709,0.033264286481,0.023251292248,0.020467454495,0.030014596330,0.078699289494,0.176142064739,0.355521536357,0.350346141315,0.285703846413
0.250779958079,0.196717117269,0.192402923823,0.187494414814,0.160270927401,0.160549596270,0.124291586736,0.112318512524,0.053404748893,0.020508848303,0.011667150305,0.016644428047,0.040235540634,0.100741387335,0.161374446170,0.195938525635,0.180043430940,0.171559591189,0.117554765390,0.111518988834,0.144002243274,0.174954258957,0.199312083898,0.191577019444,0.163573548639,0.113222139170,0.049989083101,0.019743553982,0.019927845397,0.043375637434,0.084438276632,0.114594828441,0.090175446351,0.028122614832,0.006789609729,0.003366381742,0.005496611543,0.018110849061,0.045695874829,0.068135504957,0.102537808523,0.121870664714,0.140368409180,0.138528756292,0.170539299866,0.239545881446,0.266321732709,0.259642796296,0.232653757655,0.148310496447,0.066375619201,0.029200927692,0.021010921044,0.020296443000,0.032263880089,0.079200886146,0.178261190564,0.348731615087,0.371762022060,0.299446963246
0.238568532426,0.186595705479,0.186649326236,0.178064493133,0.153621765836,0.165056875660,0.132943388446,0.088594632262,0.024488119020,0.008869725432,0.005873721142,0.009952321474,0.033560499416,0.107702623238,0.146740422260,0.133172771005,0.115583005594,0.129542104394,0.105286632974,0.099965369031,0.108977886343,0.132409164339,0.171529395392,0.195988824940,0.180032514586,0.100407155503,0.020291046972,0.003399604717,0.007393784250,0.022541525340,0.051964012906,0.090937222677,0.105539392794,0.043203812022,0.009338926680,0.002976178062,0.003471127576,0.007179339241,0.016049807690,0.026519949255,0.049279852575,0.089803094453,0.116037148957,0.099352524979,0.140743176789,0.200991719790,0.208793469506,0.196977081803,0.197273645615,0.132206485497,0.059451608503,0.024717396706,0.016542458205,0.016832560297,0.031315559716,0.082567335645,0.204984552049,0.395391940698,0.406879743892,0.295791794058
0.315026835305,0.200022777657,0.154332915211,0.137543636489,0.138805046959,0.173295935495,0.121724784542,0.069750175505,0.020026546284,0.007545214911,0.005436654713,0.009726188006,0.032534598334,0.087076920399,0.101475650433,0.093293263356,0.094078704508,0.128142568744,0.105442558248,0.087315079223,0.098228007577,0.124944758875,0.139567232938,0.125296166993,0.075282511906,0.017178125240,0.001696126655,0.000714398320,0.002831413426,0.012250633305,0.031810923929,0.063700597152,0.093801858491,0.043499945653,0.009193185322,0.002537423100,0.002495807054,0.004379994408,0.007139366922,0.009161973031,0.017095849259,0.038515498337,0.073080697561,0.086446274057,0.133321594881,0.178344048061,0.208478841804,0.234612471632,0.271894520951,0.171029931381,0.060600303811,0.020419538982,0.014727340674,0.019376897179,0.043125584225,0.102892012621,0.201886850689,0.346729931014,0.412842122661,0.371005212822
0.413391336628,0.224335926168,0.124070686194,0.096492329384,0.098775792333,0.133680018966,0.091925776899,0.045778255232,0.015623420700,0.008250157471,0.007918568511,0.014923191451,0.034596515310,0.045529149293,0.033621816456,0.036682972553,0.066353683269,0.139857699929,0.127899481491,0.094804217478,0.076132047146,0.063961764089,0.042291363081,0.020990215633,0.011285674755,0.003417063468,0.000514355323,0.000251726329,0.001090914765,0.007000722575,0.025626508031,0.049541834199,0.055350044204,0.023466898794,0.006439844691,0.002979839894,0.003103797669,0.002805601009,0.002792362941,0.003673018262,0.007571766960,0.020715271593,0.055593551251,0.087156177159,0.140433290604,0.177929692402,0.234492399391,0.301277762886,0.338727000352,0.176399778176,0.053073753124,0.019422678666,0.017379531401,0.027100801963,0.052859373592,0.100886318324,0.157642106171,0.268146446635,0.380110790690,0.447340110574
0.435387914699,0.210643257671,0.104412985405,0.075160652182,0.073132599868,0.110762719232,0.082722884385,0.038464463502,0.010843957964,0.005877695341,0.006417367031,0.011525255825,0.027770022433,0.052736861656,0.048150709630,0.030892247980,0.040258215934,0.095946262345,0.122122807919,0.117612231717,0.081058527061,0.044933923963,0.017662042323,0.006562048488,0.002202691380,0.000581275903,0.000228822029,0.000166415959,0.000601126132,0.004401127244,0.026711013631,0.054027225679,0.032686973032,0.009138362008,0.004102101789,0.004658146994,0.006829574641,0.005166743194,0.003213555445,0.003125505571,0.005431113861,0.015606527664,0.049479076031,0.081664971906,0.143615307940,0.201511473894,0.291558219347,0.335398668828,0.295116544079,0.144290628876,0.059468299847,0.030982108287,0.033677400365,0.045827554608,0.063730513284,0.097503622848,0.128294780924,0.226142891458,0.366952452593,0.493385262624
0.323337267717,0.152264660784,0.087593230718,0.064263930280,0.059074253110,0.115205007125,0.135164266025,0.045592984167,0.008265463464,0.004715009152,0.005974041174,0.010015005228,0.021666482958,0.028453040117,0.020084240521,0.018821973828,0.034319200876,0.098594317412,0.127379494608,0.093706708377,0.049068910398,0.030321578920,0.017299255313,0.010750220062,0.003974241905,0.000759316836,0.000209304797,0.000153228315,0.000506803726,0.003298177061,0.022167816629,0.043805055145,0.021267700652,0.011609239905,0.010127053802,0.009900902508,0.011743581994,0.017438158470,0.012310082469,0.006632704605,0.007915688401,0.014008220464,0.041228987639,0.078032424827,0.160702842060,0.246280147712,0.364902875682,0.368201432028,0.269278668574,0.124068094829,0.065040211914,0.050286423036,0.069394980608,0.077607737223,0.069912797675,0.083446129831,0.115048383823,0.255077046239,0.443004981932,0.488072150758
0.240041625488,0.135714390812,0.088902871404,0.073544532343,0.068121013902,0.113244508358,0.096359849569,0.034122643502,0.006875439855,0.004077521990,0.005545099439,0.008231708940,0.009675910766,0.007671968446,0.006342831318,0.009241649604,0.025684357388,0.100084329655,0.102100409631,0.052211987670,0.027300983706,0.025476180224,0.020334080213,0.012352173032,0.004888584483,0.001329891049,0.000311943463,0.000203880900,0.000620298678,0.003044048866,0.012942948398,0.020893787264,0.011144858858,0.004826128975,0.003486466825,0.005050642132,0.011120072565,0.020247501414,0.018776643197,0.015527603632,0.012141943302,0.011717485661,0.034054397417,0.076187517847,0.170838590861,0.276982973236,0.445621449077,0.434265095477,0.254532689275,0.099598586741,0.057093590424,0.061113015203,0.105360405264,0.116572011970,0.082659427153,0.082296205782,0.113371222893,0.272957197542,0.447537725929,0.400940785986
0.252108864568,0.166778240169,0.106919859324,0.070369020826,0.044786009902,0.065641110469,0.071531254234,0.031883709911,0.005633360956,0.002782438708,0.004500545560,0.007657372885,0.008159452134,0.004959872846,0.003328803370,0.004232198209,0.011590687918,0.044793259867,0.065971284272,0.056021012455,0.035703302507,0.019907248181,0.014106766372,0.010682883813,0.004320604351,0.001485225260,0.001211902739,0.000771072513,0.000929295730,0.003438409297,0.011768297663,0.015286139812,0.007218570011,0.003265042333,0.002922844995,0.004868468019,0.012778491927,0.021308445918,0.015446118691,0.008695714817,0.005299093949,0.008417585615,0.033577275367,0.079387761677,0.156772397098,0.256366941290,0.502012441395,0.489190574516,0.227364420378,0.081332845320,0.056688881800,0.091315988373,0.178269461858,0.145937836217,0.072273216726,0.062063938911,0.085160445956,0.210229477526,0.369461697886,0.375520827157
0.255456057789,0.199802693285,0.133581704936,0.078967334609,0.045424270427,0.060776279554,0.071093092866,0.024283762129,0.003743525198,0.001896041949,0.003563430471,0.006607376565,0.007322780605,0.004415318676,0.002770482227,0.003120328037,0.006502426484,0.028740188282,0.051900899980,0.041855751078,0.030004231823,0.020838336902,0.013914819427,0.010274652049,0.004506676960,0.001164282472,0.000572353588,0.000553832445,0.001055064136,0.003868487685,0.012120915737,0.017586066219,0.010622705460,0.005210477107,0.004262167000,0.005866404416,0.015154466796,0.023983944433,0.017487722590,0.009021182015,0.007097573096,0.013277273740,0.047097354929,0.093396744050,0.154403812327,0.250554281566,0.500254375851,0.532506360292,0.266868311832,0.096395702420,0.067918746343,0.106762375825,0.191111344853,0.152380983077,0.079504544774,0.068102961908,0.089490492128,0.191811423598,0.299438819455,0.319552296802
0.223501799696,0.182270019064,0.142076541153,0.090982506964,0.045293990071,0.038090596224,0.041010090126,0.026267424027,0.005227664926,0.001562690231,0.002506988161,0.005021697398,0.005927749473,0.003505350745,0.001959332979,0.001996630706,0.003571040681,0.009481222427,0.021237620373,0.032395518535,0.025109886837,0.012595891098,0.008708167127,0.008416312157,0.005384870390,0.001873963037,0.000914644957,0.000831029569,0.001999677535,0.007050786426,0.016654484009,0.022890997032,0.016214198993,0.009607274361,0.008589119642,0.010749393212,0.022576730877,0.035090922905,0.027361182852,0.016303066678,0.015113136789,0.026897817453,0.076238515289,0.125458546301,0.174084558959,0.272675790734,0.490760692835,0.560025827206,0.301539472644,0.108908247196,0.072302985131,0.096304214712,0.161571160522,0.142547708800,0.092537221967,0.086189420422,0.110986802532,0.189225202771,0.244872880585,0.254432181191
0.193323609376,0.130322523941,0.100023235345,0.076223982059,0.048634602071,0.039133843234,0.035186064195,0.026617744360,0.008799573335,0.003619028395,0.003147575739,0.004722742588,0.005474898712,0.003447884410,0.002042353515,0.002108345904,0.003053912315,0.006149462078,0.010099284658,0.015519252616,0.017731227376,0.009815947098,0.006352085352,0.006910783978,0.005691619065,0.002455016044,0.001148911277,0.001055965190,0.003682200739,0.013999465756,0.031587690575,0.038335091386,0.025725973575,0.014202804516,0.011349714380,0.012388003075,0.021418329632,0.030869300176,0.028295656777,0.027709522769,0.039098137831,0.063406994342,0.120572469094,0.152864952168,0.194050649593,0.304342942420,0.499623864338,0.542850190572,0.294755535018,0.113912800214,0.086958123426,0.115254280224,0.158224154653,0.117419229452,0.082287265720,0.081682866665,0.112505994257,0.172158325092,0.211785408180,0.228091475857
0.172897444590,0.095968419715,0.064109214326,0.052607370333,0.034712492932,0.036150739039,0.029288409529,0.016855049061,0.005181784792,0.001921991010,0.001900832812,0.003962421507,0.005455199615,0.003921265515,0.002273352531,0.001916210091,0.002895426405,0.006178579934,0.009670921829,0.010989791908,0.007499727463,0.005190689434,0.005513924022,0.007255103743,0.006514292890,0.002825374172,0.001217108501,0.001251584606,0.005042145415,0.019354353739,0.050452448351,0.078764717347,0.055037400675,0.022655011149,0.012864500777,0.012222481972,0.016874125395,0.020147329515,0.020176651376,0.031605839042,0.070021234748,0.120515845870,0.163392583802,0.170761507833,0.201210167427,0.281052837162,0.460066358491,0.558425403422,0.359873639774,0.147167088746,0.123833214876,0.145429466206,0.136304758422,0.075491371982,0.056345017768,0.061694201066,0.099424955415,0.147049128218,0.181176796907,0.210386640724
0.139553846909,0.069732015326,0.047241323865,0.026420812556,0.014568375708,0.020142511905,0.025895819609,0.026456746509,0.011908301759,0.004083747177,0.001958334655,0.003180755935,0.005068182530,0.004462715162,0.002733547792,0.002734078622,0.006110925051,0.013933883036,0.018379827462,0.014377967323,0.005990236875,0.003613908708,0.004260759809,0.006468296382,0.006997867833,0.004011988322,0.002150953573,0.002405444105,0.006409099234,0.016615721419,0.044247314590,0.095916214210,0.113811819087,0.075749493890,0.043079976984,0.028392750814,0.023905729310,0.021993792151,0.025984473203,0.045563297193,0.091178526300,0.135620296275,0.151340756322,0.142700490300,0.176559428453,0.262379320681,0.452896475452,0.559501900999,0.365487186491,0.163411712602,0.161393860316,0.177781437688,0.156400840122,0.082955491180,0.050472074180,0.042229260300,0.074316210937,0.136054084152,0.219215460967,0.226859586876
0.091430061321,0.062051250748,0.033566086603,0.018455503987,0.013524406300,0.025942340061,0.038937245218,0.022853933073,0.006968478953,0.003293615340,0.002002161892,0.002950573005,0.004872558098,0.006075865882,0.006485706986,0.008140060888,0.027267297532,0.061495431807,0.060962909792,0.034521321037,0.010068151192,0.003627020901,0.003193302060,0.005609853264,0.008047367893,0.006908206751,0.005505666898,0.011900616647,0.028569150701,0.039023452701,0.052934864065,0.099633150663,0.146175806455,0.131962151455,0.096226114054,0.073088180723,0.063051164720,0.049847037428,0.046147450951,0.056016458605,0.084453001097,0.110562140636,0.120891765110,0.109255117159,0.128071274898,0.208940714590,0.436559904013,0.566641992878,0.359505947973,0.167132660784,0.199983336229,0.253207885832,0.224133430155,0.126674173827,0.069052690607,0.049100010297,0.086160022266,0.156802267976,0.225845298827,0.166891575317
0.047663163174,0.043236110408,0.037485944319,0.033106459814,0.028992458665,0.041687558372,0.029819586502,0.013065684700,0.003395811189,0.000771352153,0.000848361437,0.001858428778,0.003470092965,0.003795378959,0.004677028645,0.014346173999,0.045861375767,0.081890332975,0.092694977183,0.055452272212,0.016756146060,0.005764586302,0.003571177172,0.006146607355,0.010608752477,0.012491956316,0.011714215122,0.012806494160,0.018045608644,0.031643882107,0.068445331847,0.128878397792,0.176268919841,0.142363214522,0.116686977154,0.120085362636,0.127879512840,0.101859271268,0.072109224248,0.058413854902,0.072311332725,0.086548028417,0.096458991438,0.095321931073,0.112229196579,0.176384271836,0.374026712213,0.497250919923,0.382861245779,0.188428797541,0.209872299523,0.291555163400,0.369976890405,0.323852559408,0.201832733723,0.111607702957,0.128799869788,0.157451530493,0.150369416392,0.082003334901
0.045868779642,0.047376543873,0.049937374007,0.054081070413,0.045322360596,0.039220586596,0.019249276703,0.005232016478,0.001131002184,0.000499004011,0.000560835951,0.001005057404,0.001754936756,0.002299241640,0.004437590339,0.017086027750,0.054910848699,0.078343968820,0.077098189340,0.045233042181,0.018917719008,0.010485443996,0.005213300091,0.005585123219,0.008118482041,0.010575770687,0.012144491236,0.015711191130,0.025270346456,0.048639358730,0.085852845267,0.110237526488,0.126607089309,0.108041669989,0.107758730630,0.136599351475,0.176582971528,0.157415833865,0.076002195827,0.036994782042,0.041029826407,0.052373129933,0.065284994128,0.069091561820,0.086881188369,0.153927997070,0.283855463476,0.350119324885,0.334604777938,0.211246607181,0.251008563278,0.375276215410,0.472734001450,0.533434772622,0.406488943859,0.178486343603,0.095778392065,0.076343840925,0.083189056198,0.065885096223
0.035481911529,0.041884861218,0.044641825778,0.040230859570,0.030027331407,0.020437890359,0.010313158621,0.004136619344,0.001279580352,0.000485206838,0.000384907843,0.000579229661,0.001000587939,0.001687455485,0.002869367498,0.007002650792,0.020059786847,0.035326210594,0.053981161748,0.039533443925,0.025325840868,0.022090128859,0.007539781768,0.003163277294,0.002975236544,0.004221965561,0.005979571552,0.009064532607,0.016391605944,0.039857779689,0.072204654862,0.069417511071,0.062994868170,0.055227522200,0.072838227568,0.124862402347,0.197456948514,0.165787077978,0.054088183716,0.019531511882,0.020248748036,0.029233778039,0.047337686392,0.050369474932,0.056875503776,0.101741040128,0.170057026395,0.229604551819,0.236417462326,0.166060571109,0.264462974354,0.456217115740,0.582092345993,0.615167053669,0.324633657652,0.152597476177,0.105382863106,0.073397608241,0.067228119993,0.050493376170
0.023882883668,0.026507287619,0.021684225161,0.017559013309,0.017265949748,0.014525140540,0.006824794984,0.002310430389,0.000785001294,0.000348424055,0.000286142137,0.000493934385,0.001023310930,0.002105372894,0.002966903683,0.005285181549,0.011671979647,0.015654408089,0.019197459371,0.013763850759,0.011192297947,0.015287763453,0.009070626466,0.004671101973,0.001984937634,0.001675025523,0.002220798187,0.003359973153,0.005876114053,0.016449167646,0.038653498560,0.051550816210,0.058256326814,0.053688388139,0.061187870892,0.084825309884,0.115411173074,0.113462678324,0.055348843496,0.024917519646,0.023620961829,0.030421955751,0.047074108163,0.038545579242,0.036388360379,0.063791904900,0.105679657123,0.166238786126,0.186791642751,0.114987015039,0.211929803528,0.442724482296,0.635033814205,0.539523870269,0.293659457805,0.210384631843,0.195829480443,0.122169403998,0.076628246132,0.039246611501
0.019688994961,0.013624455933,0.006593781734,0.005099663956,0.007752640305,0.010294096071,0.006236806040,0.001997262553,0.000538420265,0.000230619040,0.000209519898,0.000476682967,0.001429510820,0.003329845179,0.004700925325,0.006725972578,0.007645926870,0.005173521763,0.004711806454,0.003821141828,0.004137932420,0.006634823534,0.004678875858,0.004517094996,0.003471888681,0.002258028376,0.001401040101,0.001320020786,0.002212899642,0.007380710752,0.020735638300,0.037601282522,0.057578773860,0.062402675924,0.068389018594,0.069156687967,0.058762598229,0.049509050700,0.032725888999,0.027086138872,0.041498390217,0.057850215375,0.062127630094,0.029886398470,0.020831471651,0.040700572586,0.074338054651,0.120720136308,0.132837807763,0.085163070683,0.149332687041,0.325389891375,0.578290455344,0.527353458156,0.326607583851,0.305541412757,0.297706024112,0.156649561866,0.083898876538,0.038962112673
0.050845781573,0.029147777006,0.011305297688,0.006314933811,0.006124766145,0.004995391373,0.002714007653,0.001041404419,0.000352120887,0.000171511821,0.000186007259,0.000530378505,0.001836358778,0.004492086023,0.005761805900,0.005504964048,0.003763999704,0.001709039823,0.001467073275,0.001310636357,0.001732493491,0.003679607012,0.003406663152,0.005015196000,0.005766029121,0.005176668200,0.003354152191,0.002724741906,0.003474984173,0.008668881550,0.017457880606,0.031974715488,0.057625005815,0.072723871737,0.068760994722,0.049482582968,0.024725679856,0.017800620779,0.015542688950,0.022620745001,0.053270480791,0.079923843940,0.070531667225,0.031073223562,0.018117246898,0.029014364839,0.043988551140,0.074946862129,0.098775444387,0.085256985556,0.098676778873,0.172816424499,0.415998076689,0.532276109238,0.399964964505,0.366156879229,0.317806435098,0.226076586787,0.158205388385,0.089159017070
0.132328159201,0.057538548293,0.016547718608,0.005884789983,0.002904840444,0.001216233377,0.000612880208,0.000325566181,0.000218669780,0.000169863569,0.000197467744,0.000410664903,0.001044357526,0.002515899760,0.003890156302,0.004316045653,0.003968428527,0.002273659028,0.001647463737,0.000947831502,0.000790579395,0.001336628397,0.001349903861,0.002341150231,0.003185143465,0.004142073812,0.005450263495,0.007821624281,0.008740766315,0.014210970737,0.017792621406,0.030150030040,0.057191758541,0.076642061925,0.057326731033,0.033510643989,0.013538470778,0.009756054052,0.009318884316,0.015535168289,0.039803851351,0.064635419383,0.065167484421,0.039481173574,0.024135028918,0.026964461410,0.026717902653,0.041265853485,0.069783220404,0.090515097926,0.097808309972,0.096731409362,0.189641731028,0.339887236780,0.442473505164,0.511425534030,0.373161402895,0.264002585813,0.211722118523,0.167583544414
0.248009191180,0.084957688578,0.016893872349,0.005351774709,0.002428965626,0.000732613107,0.000291466121,0.000148718570,0.000116263281,0.000095708754,0.000092068354,0.000133867305,0.000293213064,0.000865976200,0.002045053989,0.003525979541,0.005106443937,0.004974046493,0.003166088340,0.000953255647,0.000273693349,0.000194875427,0.000162742087,0.000401261990,0.001146974385,0.002944412437,0.005601331932,0.010454024575,0.013120968142,0.020353919367,0.020627316183,0.030351669968,0.052158728798,0.071041150056,0.051967756711,0.028557267182,0.010422134807,0.006882956345,0.006438837301,0.009794688876,0.024339013193,0.040455317471,0.051550638983,0.045868163115,0.033974805140,0.030731504896,0.021798330201,0.026959428060,0.045437112194,0.063214553782,0.075575169751,0.072052711744,0.122237483238,0.185988638279,0.260370077367,0.430363955325,0.507793227046,0.362861586173,0.273435788781,0.239685354828
0.284643477380,0.168542667661,0.072818673437,0.012650236154,0.002888603385,0.000575481852,0.000184734186,0.000093760109,0.000070773478,0.000056420325,0.000050140824,0.000058979136,0.000096099876,0.000303603962,0.001029801291,0.002939850966,0.006112373137,0.008035960109,0.006258315379,0.001718338283,0.000305856921,0.000110940312,0.000065020873,0.000093417982,0.000256038848,0.001266567270,0.004344213276,0.010850542345,0.014944027653,0.020396250659,0.017188554700,0.023503850782,0.046609583181,0.078567907799,0.070338296687,0.036849911159,0.010290976453,0.005234829225,0.005034797707,0.007728758319,0.021061256861,0.033157171656,0.044798719837,0.042009799129,0.032041905053,0.028191637259,0.021300963963,0.025143448178,0.034579372486,0.036343934807,0.040166387883,0.042689239249,0.078452528019,0.125653282107,0.157751971813,0.200260461356,0.325534268139,0.449962434289,0.516419601050,0.323204643417
0.466497530156,0.238380257287,0.147834688342,0.030274389356,0.001686529752,0.000169579055,0.000082582690,0.000064166995,0.000057144657,0.000051246213,0.000050000000,0.000050000000,0.000053889350,0.000132519098,0.000459400754,0.001585254939,0.003900527225,0.006914018354,0.008545528645,0.003397249056,0.000701047399,0.000199503289,0.000088551380,0.000080876315,0.000115774956,0.000316038193,0.001334075404,0.005475286154,0.012208925997,0.020035837984,0.015967491102,0.018639060641,0.035749129605,0.063530126955,0.071078339866,0.044847639917,0.014917663561,0.008193238692,0.007278827444,0.007685030255,0.016037588452,0.021486990588,0.034417026786,0.039313370656,0.031407787032,0.024195462029,0.015725658347,0.015511040172,0.018602927049,0.017468414081,0.019404913030,0.022903680083,0.041292606232,0.088396646998,0.121404851617,0.124180631500,0.138184568974,0.212755681552,0.468267361024,0.558112585503
0.689589344265,0.498617448957,0.178978470424,0.024349965972,0.001061705968,0.000063071971,0.000053639616,0.000050969567,0.000050000000,0.000050000000,0.000050000000,0.000050000000,0.000050000000,0.000066316330,0.000171121530,0.000707954012,0.002585333225,0.006075488140,0.008513372599,0.004919208563,0.001973229396,0.000812816253,0.000278586647,0.000143410198,0.000121313946,0.000156032771,0.000396630795,0.001685165280,0.006198004792,0.016755068919,0.018181190662,0.019745989436,0.029586853688,0.040455683829,0.047281475193,0.037095887405,0.020732574580,0.017754773761,0.015758027637,0.009835015104,0.011389127011,0.010468533363,0.018466176621,0.026863075465,0.028063807581,0.023416493497,0.011383553986,0.007107992357,0.006107967594,0.005416731074,0.008367476416,0.015163719726,0.028316071550,0.051106694455,0.062217179497,0.077489273882,0.092980929180,0.103319159614,0.166616166171,0.379608938543
0.535125865602,0.739928009534,0.309171393680,0.047621912530,0.003540873231,0.000127444196,0.000050000000,0.000050000000,0.000050000000,0.000050000000,0.000050000000,0.000050000000,0.000050000000,0.000050000000,0.000069188317,0.000230614349,0.001122269628,0.004052197745,0.008735212412,0.009515086595,0.008494197732,0.004717608414,0.001164066867,0.000365032778,0.000210833136,0.000189562606,0.000327647146,0.000918841591,0.003208336489,0.010057830186,0.014145007913,0.016296796547,0.020472158419,0.021655859060,0.028191915920,0.033893388025,0.033804742019,0.032833633172,0.019669919910,0.006481378961,0.004456823562,0.003905832323,0.008618546736,0.015882575360,0.017301004867,0.013902883723,0.006587926515,0.004127490394,0.003493857134,0.003535082791,0.005890801799,0.013143506928,0.023995086750,0.030419352781,0.029125388602,0.039509888683,0.051502398077,0.054580303879,0.072990782172,0.198160189330
0.269225744985,0.771078700425,0.556589984940,0.090180278918,0.004656733721,0.000132700842,0.000050000000,0.000050000000,0.000050000000,0.000050000000,0.000050000000,0.000050000000,0.000050000000,0.000050000000,0.000053060801,0.000105372596,0.000567700697,0.003732878887,0.012141450148,0.014236959017,0.014648268596,0.010004536139,0.003237949717,0.001195614142,0.000608871501,0.000385124211,0.000405698199,0.000706715128,0.002103139724,0.006244737547,0.008792955054,0.010262065446,0.013446461609,0.015525611295,0.023218146377,0.031273055357,0.035159983095,0.034717944852,0.017749141573,0.004851725005,0.002742810251,0.002339518406,0.004506972985,0.006795527575,0.006152091557,0.006014824479,0.004625357153,0.004393407623,0.003840718053,0.002737532515,0.003454914404,0.006595770995,0.011731509894,0.013831000721,0.010831417408,0.014197532347,0.024171673243,0.028572873721,0.036955292942,0.090962241546
0.123555017312,0.536508826004,0.806693283281,0.208349256663,0.011470688612,0.000203331977,0.000050000000,0.000050000000,0.000050000000,0.000050000000,0.000050000000,0.000050000000,0.000050000000,0.000050000000,0.000051209261,0.000101249821,0.000692716431,0.004971548197,0.012536753431,0.012006329129,0.012932306713,0.012167240338,0.005636875219,0.002668561009,0.001603634921,0.001078249556,0.000927434368,0.001142032475,0.002377824126,0.004658199699,0.004693566225,0.005497102532,0.009359400914,0.014559131696,0.021203114379,0.023103205102,0.022445312438,0.025862936761,0.016422045000,0.006038094727,0.003821823887,0.002916271818,0.003311380149,0.002870306378,0.002069585916,0.002645567202,0.003618068321,0.005602566899,0.005168759611,0.002502920471,0.001822293916,0.002305118515,0.003465086871,0.003820127909,0.003126009322,0.004356396559,0.014313345090,0.025017056603,0.028771301706,0.044019115024
0.059313017473,0.307991155256,0.897310091501,0.316466622828,0.014621567989,0.000221479279,0.000050000000,0.000050000000,0.000050000000,0.000050000000,0.000053178700,0.000053307769,0.000051896692,0.000050450432,0.000057856169,0.000210669514,0.001557558751,0.005779921688,0.007988651731,0.007306561470,0.009210420666,0.013605394766,0.011922934783,0.007135274528,0.003657195983,0.002060322955,0.001850150612,0.002598929124,0.004049404071,0.004977039187,0.003734003306,0.004675528098,0.008747139773,0.012412847611,0.014073225846,0.013323175644,0.012370517663,0.017861110823,0.015713922055,0.008468997243,0.006429347869,0.004267338714,0.003102846123,0.002065954447,0.001549864041,0.002200949792,0.003094104206,0.004280091511,0.003870730984,0.001930183192,0.001277374732,0.001373415023,0.001622935416,0.001515567407,0.001646896661,0.002050622393,0.005427065107,0.009782402289,0.013081746826,0.019690183264
0.048119241631,0.180911038581,0.792554084473,0.590018929872,0.026340118444,0.000208230698,0.000050000000,0.000050000000,0.000050173281,0.000055866587,0.000060386011,0.000060282894,0.000078701519,0.000139050146,0.000278709604,0.000863052089,0.002245352988,0.003983647389,0.005049101303,0.006710293786,0.009382793186,0.012028505368,0.011256218232,0.009562563890,0.006986720160,0.004676371215,0.004175613310,0.005263676089,0.005292442747,0.004466798461,0.003305364821,0.005041312539,0.009521666755,0.010536040981,0.009045797481,0.008089643359,0.006984882716,0.010081817304,0.010238078686,0.007382436300,0.006596945529,0.004053748450,0.002737388477,0.002764189972,0.003390083746,0.004523327200,0.003956797358,0.003842882059,0.003382151310,0.002197998333,0.001667041687,0.001451548067,0.001193398393,0.000824840466,0.001110760805,0.001501706399,0.002457468055,0.003243835511,0.006145449034,0.014771192566
0.025930942128,0.122360259280,0.783619820631,0.639271242230,0.022823922813,0.000227309561,0.000056750975,0.000050000000,0.000050000000,0.000053949398,0.000060639005,0.000074386148,0.000150011874,0.000420838784,0.000803272279,0.001393202320,0.001896739532,0.002917469838,0.004264776072,0.007157827265,0.009353249509,0.010794686534,0.010850067218,0.009291165881,0.007096461776,0.004531659712,0.003990039336,0.006332551369,0.007966713746,0.007321700952,0.004573984074,0.004503272235,0.006014099442,0.006533968112,0.006271116199,0.005811672847,0.004050923469,0.004307558996,0.004776237451,0.004189743561,0.004638363849,0.003018366977,0.001925876896,0.002174971458,0.003519540644,0.005849581348,0.005092559843,0.004135415521,0.004222501327,0.003789486662,0.002610743473,0.001454166641,0.001041911122,0.000993887092,0.001884869857,0.002234963934,0.002175667244,0.001929953194,0.003605644231,0.008425946532
0.016354429811,0.102316925555,0.812113776895,0.611929371272,0.025316780960,0.000406384874,0.000081489325,0.000052567695,0.000050000000,0.000050000000,0.000054601089,0.000079623754,0.000177090709,0.000472228744,0.000916492844,0.001317425456,0.001337069226,0.002029937392,0.003626289244,0.007538837251,0.010381706037,0.010289188738,0.009767168848,0.008564813359,0.006375637935,0.004242209518,0.004056546018,0.006565102442,0.008407819510,0.007683812862,0.004227192550,0.003243813173,0.004187068801,0.006137835109,0.007186905234,0.005648258236,0.002761752634,0.002500282253,0.003202751234,0.002596259884,0.003262447804,0.002861835536,0.002115021141,0.002152996514,0.002959413563,0.005059201185,0.005850958081,0.005817293715,0.006573813275,0.005358798406,0.002526162092,0.001085386019,0.000953112514,0.001505973537,0.004021965204,0.004438064028,0.003645598476,0.002922145350,0.004174407038,0.005949379577
0.020031693256,0.163579297167,0.914947271408,0.440079882860,0.018017589962,0.000439352864,0.000100850472,0.000052087091,0.000050000000,0.000050000000,0.000050000000,0.000057907713,0.000096395421,0.000194873973,0.000369748485,0.000478197628,0.000469674105,0.000908022626,0.002458031757,0.007105825302,0.011431217230,0.009645556455,0.007699835043,0.006417560914,0.004992506605,0.003632522579,0.003519308262,0.005168782763,0.007045512484,0.008221005443,0.005693824388,0.004697693206,0.005854922759,0.008614927420,0.010403792358,0.007885174284,0.003606846204,0.002894085699,0.002713469742,0.001906971671,0.002507573535,0.003050512208,0.003339992109,0.003871160908,0.004331590858,0.005455620860,0.005839318477,0.006432396891,0.007137920315,0.005271362690,0.002068811276,0.000871681100,0.000893773936,0.001786797718,0.004872921155,0.004678648119,0.002560483718,0.001572686307,0.002324584576,0.004440153613
0.026433638227,0.264854210698,0.978970916332,0.251519416842,0.008486097558,0.000430419836,0.000151855756,0.000065513957,0.000050000000,0.000050000000,0.000050000000,0.000050555732,0.000055791977,0.000090688314,0.000148585166,0.000182171520,0.000214035239,0.000555928482,0.002001629090,0.006324560744,0.010375612595,0.007938841606,0.005964858966,0.005056180004,0.004338771067,0.003568297749,0.003577878904,0.004961751786,0.006446359657,0.007857632702,0.006172068378,0.005943641410,0.007442548868,0.010541579975,0.013055652984,0.010209088618,0.004335686071,0.002814322273,0.001816949890,0.000995752600,0.001810199556,0.003989530244,0.006271267693,0.006383643497,0.004521823940,0.003918955068,0.004114044684,0.005754845921,0.007911387083,0.006161294197,0.002069224570,0.000730533967,0.000774367378,0.002000790377,0.005727110275,0.004553781102,0.001703460324,0.000798767351,0.001239532317,0.003470945231
0.036214627810,0.431749548184,0.974118360318,0.116557853668,0.003270974910,0.000390528663,0.000255368669,0.000130579867,0.000062087564,0.000050000000,0.000050000000,0.000050000000,0.000050000000,0.000067042888,0.000112163885,0.000132349491,0.000141583862,0.000396111865,0.001783575491,0.006364487127,0.010378207711,0.006462439578,0.004045116159,0.003595048989,0.004064911305,0.004241572996,0.004206302281,0.005085146284,0.005919994805,0.007340953416,0.006391856630,0.007021428195,0.008662131658,0.011381094126,0.013914759186,0.012388840228,0.006133151326,0.003705139365,0.000924216127,0.000437648952,0.001141826972,0.004313183250,0.009455820674,0.008764407865,0.004122539188,0.002387813588,0.002254132494,0.003861240357,0.006935059833,0.006591319955,0.002418954381,0.000820059927,0.000852195360,0.002396778489,0.006790743896,0.004362743325,0.001012334531,0.000326380397,0.000480064873,0.002172820449
0.045801554056,0.556074388026,0.917248574442,0.070638692980,0.001597290298,0.000233314889,0.000135162586,0.000071295359,0.000050000000,0.000050000000,0.000050000000,0.000050000000,0.000050000000,0.000060436644,0.000096508765,0.000108084091,0.000107400034,0.000291338196,0.001547020526,0.006403974506,0.010691909406,0.005483428439,0.002845792407,0.002496548479,0.003672148073,0.005518735472,0.006257154173,0.006518775884,0.005206680044,0.004759309789,0.003967293716,0.005747388612,0.009219932690,0.013261551397,0.015194935153,0.013571730647,0.007017754357,0.003296682777,0.000468772276,0.000311592946,0.000984600716,0.004476441738,0.010259107390,0.010008974818,0.004380716583,0.001737588145,0.001022532215,0.001604758570,0.004002502425,0.006268229028,0.003272932472,0.001144932940,0.000992648889,0.002223009277,0.006669663171,0.004899935061,0.000938798127,0.000210656701,0.000250557068,0.001463324641
0.038237594290,0.619332647837,0.883089897702,0.043328546036,0.000689933271,0.000105239774,0.000068599837,0.000054158303,0.000050000000,0.000050000000,0.000050000000,0.000050000000,0.000050000000,0.000057624724,0.000084454940,0.000100142767,0.000118503151,0.000301145735,0.001268435596,0.004204348045,0.008371460624,0.006448393082,0.003674410419,0.002621852671,0.003254370890,0.005860130758,0.009103490814,0.009466588624,0.005564967323,0.003880564315,0.002926859127,0.004984488268,0.008408073063,0.011550707444,0.011969864837,0.012383109712,0.009596677246,0.005633559578,0.001053513469,0.000629398685,0.001216950234,0.004003994314,0.009810719111,0.011147988921,0.004520183080,0.001402470031,0.000545762140,0.000689944551,0.001809223348,0.003922823232,0.003956739517,0.002225035265,0.001722634107,0.002203406469,0.004322437856,0.004612102177,0.002188262747,0.000681668768,0.000611277174,0.001750866742
0.049535179969,0.673130369668,0.843616438427,0.037278413100,0.000404126147,0.000064435899,0.000050000000,0.000050000000,0.000050000000,0.000050000000,0.000050000000,0.000050000000,0.000050000000,0.000055839560,0.000079074467,0.000118903238,0.000194701280,0.000413593182,0.001008474198,0.002617780805,0.007200245953,0.008613250656,0.004879594808,0.002806083050,0.003158346511,0.005915068382,0.010599573911,0.010609436090,0.006162837826,0.005104540867,0.003729063701,0.004881173719,0.005394548683,0.006445965294,0.008519918570,0.013241313785,0.014331577286,0.011086387902,0.002137923644,0.001143981209,0.001754810721,0.004536799976,0.009714186911,0.009066714525,0.003320151706,0.001148879754,0.000409106495,0.000375666904,0.000839619023,0.002402371121,0.004769155187,0.003833936420,0.002215491675,0.001929809691,0.003161203778,0.004861488042,0.004818896372,0.002031215108,0.001607808234,0.003619201587
0.106072378023,0.837949113813,0.671467576984,0.030102411978,0.000587303453,0.000108069074,0.000111494090,0.000076500954,0.000052895486,0.000050000000,0.000050000000,0.000050000000,0.000050000000,0.000052962532,0.000087695948,0.000196621495,0.000364828093,0.000573476267,0.001385574680,0.003515284897,0.008247714561,0.008858424365,0.004256453499,0.002690934515,0.004000472372,0.007721853405,0.011258120850,0.008431947540,0.004517586808,0.005218040622,0.005116191137,0.006294731809,0.004481259911,0.003452454978,0.005383538581,0.013635945270,0.022074482161,0.017427100449,0.002607724663,0.001296008782,0.002229178246,0.005200668457,0.008472810420,0.005477393210,0.002010171732,0.001012858246,0.000512197176,0.000411553778,0.000739717049,0.002212667139,0.005447009664,0.004735171442,0.002192780229,0.001824704887,0.004020224729,0.006636817531,0.005165068373,0.001540866326,0.001250548118,0.005750532151
0.199662872921,1.007612046558,0.396029157290,0.020782797051,0.001078013053,0.000200325270,0.000180631384,0.000094501583,0.000052089312,0.000050000000,0.000050000000,0.000050000000,0.000050000000,0.000060890628,0.000128030301,0.000333612774,0.000547821576,0.000606468311,0.001383828274,0.003434176974,0.007776863550,0.009626549323,0.005550680077,0.003821924840,0.005549657417,0.008741446162,0.009775490474,0.005310955737,0.002275833150,0.003251545768,0.005413713365,0.009252846543,0.005536206248,0.002395661743,0.002818589395,0.010740488403,0.033353224321,0.018774862874,0.002965535431,0.001018912287,0.001552704361,0.003624807988,0.006875697351,0.004672121171,0.001544446247,0.000742306197,0.000449112897,0.000443381038,0.000945638872,0.002775446072,0.005648194159,0.003806713483,0.001250498880,0.001027557406,0.003510303027,0.008719407310,0.007270405415,0.001957279828,0.001454858510,0.010197479428
0.299385028241,1.031060124024,0.281995014531,0.009057805175,0.000264292315,0.000069198364,0.000070316209,0.000062625605,0.000053435460,0.000050000000,0.000050000000,0.000050000000,0.000052839100,0.000089894951,0.000241020269,0.000658179369,0.001013147821,0.000820796430,0.000916863475,0.001950841609,0.006831209136,0.012781371296,0.009925107671,0.006642681725,0.006967397405,0.007416339999,0.006391522473,0.003138702275,0.001585796548,0.002980489121,0.006169966636,0.012557817761,0.008484742406,0.003265735313,0.002816060130,0.011319261673,0.038238722514,0.019762214152,0.003207533703,0.001145054638,0.001488138326,0.002652776497,0.004429118266,0.003217941481,0.001072782526,0.000496458857,0.000323577494,0.000363052343,0.000721901046,0.001815253960,0.003625046047,0.004090847058,0.002239027775,0.001738089028,0.003645327205,0.008170038021,0.010977834380,0.004729263897,0.003806338878,0.022454753359
0.535138152505,0.962134030936,0.133104492069,0.003217221582,0.000097424151,0.000050000000,0.000050000000,0.000050000000,0.000051238736,0.000050000000,0.000050000000,0.000050000000,0.000051009415,0.000094004276,0.000292392049,0.000887975638,0.001716733753,0.001707233399,0.001508158958,0.002129354017,0.006223472578,0.013613268836,0.012098195738,0.006588561007,0.004260993268,0.003652248558,0.004196021305,0.003413799063,0.002047161358,0.002778418931,0.004281425013,0.010094908871,0.012829927064,0.007789084204,0.006160844866,0.023696351512,0.050677028053,0.012500290509,0.002917845128,0.001291787340,0.001474708474,0.001752138860,0.002434206355,0.002470770294,0.001276278914,0.000577614145,0.000231712074,0.000163694360,0.000227512114,0.000596244365,0.002218539536,0.006719494527,0.007712951123,0.004973717025,0.004593173575,0.006972433943,0.014583448031,0.010549281207,0.010525161701,0.057789312142
0.777036749019,0.808919676027,0.082584125603,0.002167189732,0.000084156270,0.000050000000,0.000050000000,0.000050000000,0.000050556430,0.000050000000,0.000050000000,0.000050000000,0.000050000000,0.000067485015,0.000187943998,0.000683765569,0.001681234850,0.002061913544,0.002102848032,0.003076876352,0.008196034477,0.014875721441,0.010736714280,0.005221636760,0.003321726221,0.002619570207,0.002665026904,0.002185682612,0.001580704526,0.002436243465,0.004190525189,0.010176162847,0.014574636524,0.011939432200,0.012850566847,0.049256240024,0.051561107931,0.011707488327,0.003561645790,0.001359690660,0.001120970260,0.000996614610,0.001514064483,0.002395732313,0.002137957568,0.001458460392,0.000474013047,0.000193642234,0.000156142595,0.000278353151,0.001444584740,0.008066474582,0.013862211277,0.010913037612,0.009408696464,0.013288167416,0.020001239258,0.017085203450,0.031487434811,0.171219078477
0.975050112093,0.483865406766,0.047785490445,0.001836032824,0.000099572865,0.000053367998,0.000050000000,0.000050000000,0.000050000000,0.000050000000,0.000050000000,0.000050000000,0.000050000000,0.000073080125,0.000241007128,0.001113444264,0.002745018082,0.003037218810,0.002939614196,0.003881401515,0.007503048584,0.009840645964,0.006589587697,0.003327747718,0.002172983525,0.001681436587,0.001757190934,0.001984585201,0.002149216896,0.003414550181,0.004616651648,0.008274888942,0.012875650524,0.015681951237,0.023173180956,0.078772287074,0.034609886373,0.006082238926,0.001930726593,0.000945846159,0.001126149617,0.001324957884,0.002267632417,0.003873459299,0.004222439745,0.003647158813,0.001567994690,0.000782240786,0.000592257223,0.000727578446,0.002015133802,0.007423866155,0.014485872535,0.015630423396,0.017496312993,0.029365707398,0.040998932125,0.037192983413,0.071855126745,0.336736628469
0.928109704864,0.261146081938,0.020107109495,0.000809663333,0.000166126748,0.000101200400,0.000065224503,0.000050692194,0.000050000000,0.000050000000,0.000052649682,0.000061033409,0.000073233132,0.000131216438,0.000449547226,0.002023849144,0.004643215947,0.004950971814,0.004903197139,0.005670806004,0.007478154522,0.006294858176,0.003384730651,0.001653660301,0.001176986671,0.001028472995,0.001334877066,0.002251579942,0.003397132817,0.005262403170,0.005186613892,0.006533179440,0.010943635780,0.018995443339,0.038111314874,0.087000699386,0.020851704998,0.003531637500,0.001096494038,0.000521838128,0.000684304012,0.001058053385,0.002493282149,0.005745605444,0.007193933572,0.006085837478,0.002602118557,0.001355168442,0.001192269909,0.001716883266,0.004212282238,0.011561444148,0.019220806372,0.023114504696,0.026798914496,0.040558554123,0.056977716016,0.067169366170,0.157514540870,0.567116055155
0.587290446065,0.146623521260,0.023521286990,0.001965689053,0.000348528985,0.000172804990,0.000093133013,0.000061729485,0.000053722109,0.000056407306,0.000085368735,0.000136356906,0.000205603927,0.000391256207,0.001095018660,0.003738963942,0.007315498809,0.007807458926,0.008027288996,0.007317455680,0.006257871500,0.003671363222,0.001765128028,0.000968159261,0.000818049731,0.000962458974,0.001815577298,0.004610265197,0.008153313483,0.010801142528,0.007173941983,0.006353051782,0.010544645723,0.029045182571,0.072966527511,0.064952406773,0.018122476169,0.004459817885,0.001568798589,0.000669601216,0.000655743421,0.000905447088,0.002290937094,0.005894131997,0.008097052721,0.008495186508,0.004658961231,0.002684150396,0.002614806800,0.004121231152,0.009946349345,0.021065218472,0.027236950609,0.038411658317,0.053107205930,0.062439222613,0.081052591557,0.128610383624,0.375661037497,0.825860257559
0.291332152426,0.070300712648,0.016015027462,0.001919461778,0.000580230093,0.000260503194,0.000141590352,0.000094405084,0.000080024232,0.000092585018,0.000167282686,0.000327213779,0.000656891348,0.001360288965,0.002941199704,0.006742165735,0.009926148492,0.009219760047,0.008583265765,0.006631146040,0.004431593440,0.002373602761,0.001344431861,0.001072765983,0.001263481268,0.002043677838,0.004260072090,0.010664884883,0.016128372446,0.019378399705,0.013333994453,0.011054341514,0.019111441829,0.079026139798,0.099907328778,0.034959759340,0.008428769143,0.003227443624,0.002022983062,0.001268688530,0.001220001520,0.001253007934,0.002155999528,0.004858579013,0.007083014788,0.009137437025,0.007504695698,0.006227071195,0.007985775084,0.010830168517,0.018186693728,0.029301246768,0.036037314615,0.061771496485,0.099165901854,0.099374166176,0.128926204367,0.234831487129,0.656638821128,0.764986790251
0.154481449725,0.033186441937,0.006577302521,0.001217102900,0.000521584236,0.000241213154,0.000144392387,0.000116508742,0.000120362986,0.000149137820,0.000291145345,0.000618962731,0.001398490822,0.002722269574,0.004971045157,0.008700305237,0.009877209906,0.006719987330,0.004642486909,0.002987022775,0.001870977029,0.001250507096,0.001087724618,0.001640393046,0.003088718411,0.006623461110,0.011960130898,0.022785021581,0.026413406245,0.025856824926,0.014044542068,0.016106142092,0.060510562481,0.123865651650,0.064791048410,0.014438691281,0.004442094198,0.002760079141,0.002754330224,0.003013798340,0.003695553950,0.003103907522,0.003194771225,0.005127253503,0.007339282618,0.011628584549,0.012633957852,0.011727350724,0.015418110207,0.018813403768,0.028478511072,0.051569685627,0.073089543492,0.100480445909,0.129963533625,0.149510417794,0.313267042175,0.515682984990,0.723819743087,0.465879936623
0.092799964321,0.011949783028,0.001443239437,0.000498528421,0.000381884166,0.000234046306,0.000169762589,0.000182294647,0.000244262838,0.000304782722,0.000598867675,0.001129483559,0.002298618517,0.003645077847,0.005559884414,0.007552328041,0.006363856111,0.002602663606,0.001182436980,0.000671834366,0.000510848467,0.000586864446,0.001003451278,0.003476513671,0.010972472610,0.024541069461,0.028591777121,0.032958723813,0.026790083328,0.020676613769,0.023379201379,0.056667468907,0.080161714825,0.060520446482,0.031786439042,0.017168822162,0.007218589079,0.003982281644,0.003607606560,0.005062653650,0.007728067955,0.006742015204,0.004523112683,0.004718712594,0.006311290945,0.014428755016,0.022681714981,0.023924849518,0.031261926509,0.034812669506,0.046123298771,0.076271615172,0.116444771598,0.156812542585,0.202866132690,0.302181103087,0.638951389961,0.553119209220,0.458665888754,0.286537221080
0.101892618026,0.014241216473,0.001216046768,0.000296298862,0.000232203500,0.000186264011,0.000193443072,0.000279336662,0.000496054113,0.000673777245,0.001204630157,0.001613783999,0.002426278699,0.003129468597,0.004199814873,0.004369774494,0.002360536350,0.000597793924,0.000246921893,0.000198071354,0.000264844267,0.000602899040,0.001698253520,0.007740857552,0.025753587378,0.051688900810,0.045408505801,0.037210798816,0.033114011483,0.039977181284,0.076227119645,0.083801775846,0.034166827392,0.023879804582,0.024308637576,0.020264765616,0.012815579617,0.009610106722,0.007825398049,0.007600014035,0.008304433114,0.008138618208,0.006659290264,0.008149741228,0.010899181734,0.023038170241,0.033628280633,0.034480199167,0.044684613775,0.061638826450,0.098593242535,0.139211959138,0.146868208533,0.208854476225,0.403827608694,0.640919978537,0.641237000796,0.281020389572,0.212632226695,0.214301975808
0.080819751023,0.035202500852,0.003381262591,0.000334992274,0.000153096932,0.000126687535,0.000176085194,0.000357613282,0.000892379076,0.001340569929,0.001871205498,0.001625266006,0.001664129826,0.001410680566,0.001198439281,0.000772628949,0.000367136695,0.000134400499,0.000094885024,0.000112916276,0.000326921821,0.001508420780,0.005235792541,0.017866831383,0.041977879433,0.070468402176,0.061136452302,0.041944501982,0.042064589695,0.057133226712,0.047863642752,0.026901881950,0.014062830095,0.013878678252,0.015692340362,0.022825100425,0.032560352808,0.023155160517,0.015453563954,0.014116499341,0.013035580628,0.013502844030,0.012412316180,0.015091298032,0.016735287976,0.029528196757,0.047194837590,0.059779743348,0.074559801904,0.098906577859,0.147278891377,0.222981584058,0.262286033643,0.420059074364,0.666615481151,0.611400492590,0.319120154332,0.119305442135,0.077336751667,0.081016721885
0.025411025281,0.022612890327,0.007347001357,0.001146539998,0.000369602074,0.000247490729,0.000326850190,0.000726722344,0.001570827279,0.001848440874,0.001792904015,0.001236242780,0.000852516604,0.000381410135,0.000171942085,0.000099898235,0.000086949378,0.000076007358,0.000099034441,0.000214092675,0.001015421422,0.004516863676,0.012151678089,0.027255260368,0.046050389934,0.070142712794,0.072640478895,0.066518335023,0.077858768885,0.055602238481,0.023268085413,0.012210564613,0.004203643980,0.005307023816,0.012114446965,0.025862834045,0.028253173405,0.020181195946,0.014963672011,0.015063464003,0.018310512185,0.026786028412,0.028152295902,0.024960025027,0.019545720429,0.029189848518,0.060245708596,0.101813643198,0.112361566520,0.134832472252,0.218942983934,0.453421931005,0.536048080328,0.550742041681,0.380245218903,0.286227623589,0.207510790391,0.088992000237,0.040175718614,0.024490761645
0.017207804312,0.027927860277,0.019199021771,0.003114050984,0.000699602616,0.000401740263,0.000474299438,0.000953640773,0.001517470406,0.001481267186,0.001082746788,0.000426135418,0.000137017763,0.000066527748,0.000055399657,0.000053876758,0.000066311885,0.000113134872,0.000447099993,0.001436405774,0.005485742342,0.014348764533,0.023904461063,0.032518732258,0.039060270407,0.061381353702,0.089705420782,0.051673100426,0.029278504632,0.028871070768,0.008505759729,0.002273206163,0.001167025302,0.002897177282,0.008808849731,0.023977665229,0.037590602549,0.039691163367,0.015985851321,0.011294095059,0.016156364314,0.033821747348,0.054235426639,0.051683033771,0.035784841105,0.044992472687,0.082498801917,0.128109728401,0.166099814883,0.276618300356,0.429977271237,0.654462378752,0.430067753539,0.273682133527,0.203771136760,0.156513444364,0.106232931693,0.045660478650,0.019666381565,0.012059809744
0.016486008118,0.017002889238,0.018130783376,0.006467004867,0.002664421722,0.001653808476,0.001188211132,0.001107217508,0.000880633710,0.000491634363,0.000230451606,0.000081458900,0.000066487545,0.000072258213,0.000074660728,0.000073176555,0.000126596454,0.000536943778,0.002762069488,0.006598806872,0.012171806292,0.017073127842,0.022458990096,0.030246345861,0.049586179041,0.046287276408,0.029354852519,0.018748583910,0.012548692941,0.012613788412,0.011807587025,0.007371342075,0.004780840395,0.009283420422,0.016851450709,0.035153838922,0.050672481679,0.036627800109,0.020058008745,0.012722141820,0.013725026766,0.028802052465,0.061433113737,0.085205844342,0.075260404101,0.081399360034,0.111661039692,0.162512071737,0.330088382886,0.595303582036,0.527903841382,0.344946726200,0.204303610499,0.142892677957,0.113908255016,0.081257197612,0.062035832377,0.036855318223,0.023877627461,0.017223070757
0.031531189065,0.020230811308,0.019330573137,0.008456731522,0.005504194124,0.004531209186,0.003142590038,0.001672743318,0.000443544736,0.000094361419,0.000059787448,0.000070272988,0.000087269815,0.000105846830,0.000118478433,0.000156611161,0.000635387181,0.002363746289,0.007181078615,0.012439854172,0.015469878010,0.015145049337,0.018666150792,0.030616014076,0.034991909844,0.031482915341,0.020459804150,0.011248101680,0.006147914497,0.003849502474,0.001792138414,0.001816991090,0.004439830334,0.023280054219,0.059061517811,0.053183016116,0.036117200482,0.030438370457,0.025992217769,0.018275276510,0.019602820192,0.046939823649,0.076845151407,0.079042471079,0.074676744922,0.109667336022,0.252275449375,0.414845719554,0.585675988870,0.490660151183,0.287019481221,0.183386400992,0.139749462708,0.103003398813,0.096754291141,0.043039445135,0.015251116995,0.007073273855,0.009921866314,0.019890673143
0.012014633282,0.017791447696,0.027516678478,0.019695678286,0.017421689930,0.010473775754,0.003164936278,0.000561552447,0.000068744914,0.000052432613,0.000062634196,0.000078855585,0.000105609985,0.000142537362,0.000357283261,0.001575591003,0.003126311191,0.005598113545,0.011366147552,0.016973378939,0.019090410080,0.016944004771,0.017903255032,0.025639959328,0.030430559731,0.036812632629,0.017954092426,0.007859412157,0.003760430532,0.001973747117,0.001651654958,0.003695658421,0.016006087547,0.068463106565,0.092035831524,0.059751330556,0.048851972049,0.047364869692,0.041878302307,0.024893949826,0.031732901275,0.072336159109,0.114089206398,0.108668723931,0.151725216728,0.265068664622,0.586990492731,0.523440464763,0.385553352827,0.226563333085,0.172019729241,0.132534823484,0.109490698705,0.096381232506,0.093688374109,0.033454336688,0.010740084545,0.003203709404,0.002647545833,0.004304116334
0.012837034306,0.009650339731,0.029834910789,0.038856934771,0.031828967157,0.009020472985,0.000675267421,0.000067703523,0.000050508578,0.000060956955,0.000080583288,0.000107628832,0.000167127532,0.000646388469,0.002168446222,0.004572183552,0.004667817461,0.007894302713,0.016336108866,0.023144364344,0.024154270730,0.018029142046,0.015078021087,0.024156721209,0.024760393153,0.017928548135,0.010546358137,0.007884451947,0.007007999911,0.008528185192,0.010785421386,0.015125218949,0.035982166035,0.097444131112,0.141682182550,0.134173149114,0.084415545412,0.067610499310,0.056101538888,0.021550098001,0.029554142562,0.097312773816,0.258220912997,0.348039371839,0.491571627772,0.440407398125,0.380154698099,0.256900761221,0.245936597894,0.209057399488,0.157400581738,0.099517891601,0.064540711255,0.062786309104,0.058819566235,0.036191499392,0.017654374791,0.009858225937,0.009124904358,0.012964790491
0.007215651230,0.006730931924,0.032948668744,0.043424975203,0.018219539898,0.001907999596,0.000081241392,0.000050000000,0.000050976742,0.000062171702,0.000079462816,0.000107692631,0.000379324381,0.001466838216,0.002656691062,0.003503293203,0.004860668655,0.007492777225,0.012406020205,0.013921347567,0.013982974513,0.011777537601,0.017653693622,0.031914895343,0.026760567293,0.014359534351,0.009423434121,0.009689511147,0.009072138103,0.008371802134,0.006035138604,0.009075470189,0.036854294839,0.128843904493,0.165298360680,0.173347383175,0.111952684891,0.040974811751,0.019085611496,0.017645477802,0.045220831304,0.154825651818,0.496205551446,0.628691416227,0.412235590360,0.152169849476,0.096977391559,0.109888383959,0.175461202394,0.169526620883,0.089041940095,0.055167247446,0.058732842153,0.057360636698,0.028335406233,0.012311674382,0.008033500287,0.009764361861,0.010360234205,0.010724362728
0.003061429839,0.010771916376,0.038373500281,0.027870970582,0.005071812436,0.000334846775,0.000050000000,0.000050389503,0.000060936326,0.000077841809,0.000154321384,0.000479537709,0.001196169145,0.002544236315,0.003553022604,0.004602576921,0.010295087114,0.015863778691,0.008907123501,0.007074830750,0.008155805147,0.014322679584,0.030643717612,0.029903811000,0.012796407700,0.010089123989,0.011363571395,0.013570453948,0.013208949687,0.013501731166,0.014701145318,0.026766327773,0.086704417138,0.172238141595,0.143004615765,0.121062400769,0.083473653266,0.042580285816,0.042352542491,0.076501155075,0.191632790659,0.444324007493,0.686080435919,0.387299197520,0.177016422628,0.080818476677,0.073256572554,0.107193822817,0.149834905800,0.118851199760,0.060517911413,0.059847879781,0.073582290027,0.035946155577,0.013027043124,0.009360261751,0.008354445476,0.007793665193,0.004380249219,0.002171397645
0.009280571939,0.017508355812,0.025596008203,0.009747454329,0.001149657358,0.000147029256,0.000110379066,0.000136016767,0.000188681865,0.000367067709,0.000835159148,0.001091751992,0.001460022683,0.003028113460,0.006255651760,0.029674150914,0.037688349278,0.014881170745,0.013245623728,0.022407371752,0.035542121495,0.025331111678,0.016349650979,0.014789578406,0.012044849143,0.010241542220,0.010828798052,0.014899248221,0.017973307251,0.022900012368,0.030619225419,0.048224613348,0.131928683348,0.127753648815,0.083752108600,0.071608749054,0.041945997222,0.037882000841,0.115759582951,0.317080272889,0.631987791668,0.545716796333,0.333749870868,0.169990461431,0.115730075586,0.082025010634,0.080731031581,0.087112494102,0.091666423124,0.081445841605,0.058761553864,0.041925833298,0.029935518560,0.018204871805,0.011231556718,0.008468743265,0.007482935728,0.004565967897,0.001961538233,0.003198014729
0.014493446712,0.009011256273,0.006388718342,0.002281248869,0.000948788149,0.001160699490,0.001347906126,0.000795765278,0.000750439407,0.001126965385,0.001351154458,0.001104221509,0.001596233719,0.006945170134,0.024816392844,0.014514943699,0.007072139801,0.012820781141,0.025871275222,0.033103607721,0.026300471021,0.012400667887,0.011891175223,0.015671925340,0.011835434864,0.008877300942,0.010387857188,0.016440170783,0.026517825611,0.036013297344,0.047909778565,0.047820208096,0.060627723983,0.068730914157,0.074903499014,0.063149701393,0.037315800518,0.070048514505,0.316061457519,0.750268007639,0.573479688282,0.206055401408,0.117805078233,0.086354324592,0.075961261077,0.065158602429,0.073052406580,0.083745210351,0.077552449949,0.037633464550,0.020581924090,0.019623002602,0.022404233110,0.016622932987,0.011863597231,0.007664634575,0.005167843304,0.006127885548,0.010335746087,0.014196022022
0.007427637301,0.002790295912,0.002920629722,0.004818830072,0.009358291756,0.010568035191,0.003663827982,0.000893584324,0.000826383653,0.001230776260,0.001336362096,0.002417262353,0.007597095138,0.021591911305,0.015442865787,0.006525809082,0.010305784809,0.037410401983,0.043968428631,0.022850352182,0.009668164522,0.008858414699,0.014626206180,0.020580431153,0.013815118390,0.008376359045,0.008857919049,0.014603898251,0.036419021163,0.065930162413,0.056544082859,0.034895792392,0.033582507863,0.072989851420,0.105452041913,0.076912864977,0.121114824469,0.309582722791,0.750634400988,0.663923549666,0.262592450528,0.109739482758,0.082261318671,0.058551806805,0.040796401218,0.037304592367,0.070550107321,0.116327646274,0.074622561999,0.016059416713,0.007502316455,0.009323357438,0.016576998270,0.014464193628,0.008093643293,0.007612780700,0.012203447295,0.023198447257,0.031575847439,0.019666311598
0.005716070019,0.004348096175,0.007467325236,0.013021768905,0.014881123268,0.005359960835,0.001504993986,0.001002788033,0.001226699067,0.001403700173,0.003652254109,0.015227031513,0.032647480872,0.021335802817,0.005433221098,0.004552887926,0.013101289603,0.046981900714,0.062168221646,0.017052579568,0.011043829187,0.016748694292,0.017994391653,0.016628991803,0.012021154855,0.007871442089,0.007482528951,0.011249775159,0.036796262732,0.095859300175,0.068491575240,0.048610007814,0.050830290164,0.073736362200,0.083847141469,0.108672688112,0.336290678139,0.838843166134,0.697025063693,0.247686320822,0.086625229707,0.061446219380,0.064544069366,0.053600114265,0.045722493993,0.033851515556,0.045031117875,0.055373816267,0.037498903677,0.013137767896,0.007102045800,0.006562319538,0.010598474984,0.010804300077,0.009168007779,0.012732435816,0.022747009809,0.036632088297,0.032116816161,0.014950422617
0.005065108157,0.008943396827,0.033717528267,0.058041417080,0.022828227902,0.004634134980,0.002636478055,0.001771400712,0.002413603876,0.006492639689,0.020174265621,0.032615453129,0.012459709253,0.004662806177,0.003806308345,0.009613437695,0.023493793225,0.033750872646,0.018495968845,0.013651828938,0.027333416376,0.032270285216,0.019291123744,0.013731554357,0.014953456873,0.011996624177,0.009884403559,0.011567508326,0.024510666827,0.055282624862,0.072448754710,0.078418626748,0.061714910404,0.063954672917,0.102882856337,0.299368018538,0.833342663477,0.839203956231,0.257265457648,0.101412199350,0.063139900658,0.067835784426,0.067364523492,0.051054140985,0.042841160214,0.025041735092,0.021257817532,0.019326867621,0.018527441628,0.017070163651,0.011971371787,0.008250933726,0.008674788160,0.007153667999,0.009359191152,0.018464891842,0.035387407037,0.042951063833,0.023928172253,0.009276559313
0.009206933366,0.013944497047,0.043960026194,0.059844816168,0.024437133769,0.016461019790,0.007619117769,0.003103172435,0.005113457565,0.011655110720,0.035964638551,0.027460999821,0.004415020623,0.004879714513,0.009723562095,0.018172702568,0.017530013270,0.013924113696,0.009261815669,0.017708621816,0.035228413051,0.036449871913,0.024094294596,0.021552960827,0.020108854725,0.012812567207,0.010636192532,0.012109628339,0.020852476266,0.043191048775,0.067232070399,0.081902914326,0.072613375979,0.108649374546,0.327852130613,0.867720307218,0.838027568034,0.293166146818,0.086143415075,0.063410876193,0.064016102306,0.072649050785,0.061819577546,0.045088096869,0.031177788030,0.012807676318,0.006344341601,0.006332999336,0.011761013177,0.021216495794,0.021366865217,0.014377295382,0.010503642178,0.007891487337,0.010598472941,0.019525305694,0.033769099396,0.039600533293,0.021974775757,0.010851012945
0.029291784717,0.030748319500,0.029537890801,0.018860213628,0.029068687616,0.047129732213,0.021454827076,0.005503183094,0.006590119727,0.025151377403,0.066053610223,0.030054130893,0.007215595920,0.012629556802,0.018714123864,0.018298103460,0.013705549948,0.017847142957,0.025567960995,0.035422654022,0.033772655729,0.024950942324,0.015870493426,0.014486460300,0.017236683030,0.021005298931,0.026433244091,0.036994035120,0.038863227165,0.042449859404,0.051481506124,0.066870853044,0.109984555188,0.314088848932,0.808215022560,0.956330539017,0.318681016931,0.088860235144,0.055914229285,0.075577445500,0.073258021906,0.057660149592,0.041434876091,0.032777876054,0.020993309970,0.005416058397,0.001812484903,0.002766384578,0.010688110958,0.029715818833,0.028900377844,0.017806727055,0.015212918371,0.011377570642,0.011009583632,0.013969323126,0.019349207128,0.026687139185,0.028206211499,0.026555347018
0.016967431832,0.011325000070,0.012757551160,0.020037947704,0.042588971480,0.066607980891,0.038989427259,0.015868732138,0.008580482826,0.033935476741,0.049032755566,0.017855929296,0.015287269894,0.018294430167,0.017730342096,0.017005729163,0.014200382845,0.026817724271,0.045033661549,0.041412164553,0.024079347533,0.015468695129,0.013123926648,0.016425381459,0.020088498942,0.040189553102,0.053311128740,0.048086237703,0.044071947863,0.037636609964,0.035422696535,0.055765473959,0.199108333710,0.743680248385,1.046462477590,0.409127986413,0.114449622674,0.050969638868,0.039288551058,0.046741149685,0.052607078760,0.055768595534,0.053077073719,0.027934565274,0.008579868690,0.002136110350,0.001339483833,0.002763718389,0.010081175628,0.024897385218,0.026555564207,0.018934654859,0.020933840515,0.018819620283,0.013488435764,0.010625256535,0.011934983379,0.021894211814,0.028108176898,0.023074726209
0.024383432615,0.029306463495,0.036002623314,0.030824695936,0.029530286935,0.040497075150,0.045383097172,0.055392038886,0.036081597068,0.029243799040,0.027521485672,0.030136805829,0.036767600731,0.028983517759,0.021783463490,0.018850596675,0.018805882356,0.032385844655,0.041270506181,0.032913681160,0.022040147821,0.018419530733,0.021071057360,0.029394841970,0.029338666478,0.037517131897,0.035106236276,0.022192088458,0.021263324930,0.027773631763,0.042307782147,0.097614560632,0.403220101539,1.015986262461,0.745925424380,0.206371490448,0.089014881833,0.062757269845,0.041698254345,0.026712499812,0.019185803396,0.026330131471,0.041833379863,0.023478089877,0.011905409687,0.009237608819,0.010656023493,0.016806270061,0.026876591446,0.037368155823,0.039012742493,0.031868721316,0.036422371936,0.032388063886,0.020370449426,0.014181878817,0.012711239367,0.023309137407,0.029125061978,0.024732251590
0.051500096835,0.093761109397,0.106948126811,0.050571620683,0.024893258725,0.026772465191,0.031317459019,0.057527776856,0.069137795980,0.063908416858,0.058761569833,0.036007836074,0.025319438253,0.020281059616,0.019149184002,0.019392918792,0.021921833537,0.036635056234,0.046693870148,0.036408838302,0.022596205098,0.015292351976,0.014200854461,0.017415418570,0.017471655686,0.016669973236,0.016326477484,0.012161457400,0.011908493766,0.015259636112,0.028463364912,0.103279442548,0.527916280185,1.056566913794,0.369769574964,0.114339793606,0.092555768039,0.088572953487,0.045826548041,0.023778535456,0.014293590604,0.014341060318,0.017901768886,0.015849171911,0.018225695242,0.022264796655,0.032115798925,0.045428008492,0.051737806764,0.048180504531,0.033144449958,0.018847450178,0.020312208261,0.023528355877,0.022474583576,0.021703949038,0.018945118361,0.033661577364,0.037737499086,0.034387016523
0.106618216021,0.132654696028,0.112472826350,0.050490295980,0.027088672837,0.038804127434,0.056352817129,0.101163072696,0.097943301302,0.069724789016,0.053113415901,0.031091174329,0.022712543723,0.015314246704,0.013523125071,0.015481037164,0.020441002599,0.037821176615,0.052125677771,0.039094341359,0.021060329087,0.011302863600,0.010135891463,0.012293658892,0.010246140220,0.009959431300,0.010719841927,0.008325773225,0.007975528158,0.008070757967,0.014336550383,0.080242471364,0.539605490036,0.950843756050,0.270982732761,0.078160416221,0.069777339978,0.097680166628,0.076580840723,0.031578204916,0.013967633505,0.009932386685,0.012693238398,0.017069694468,0.030740667494,0.048420072855,0.065253224106,0.052796364424,0.027693375858,0.017140882126,0.018415638189,0.023315167484,0.033033344061,0.026704266893,0.016126875761,0.014083700991,0.015486266954,0.038353427542,0.063397585862,0.074755467920
0.140263481843,0.137757060216,0.117099781851,0.087122930927,0.069096378981,0.113025535356,0.139138388732,0.154071460875,0.093695270561,0.067042532118,0.070407616136,0.055939564293,0.036717428191,0.017809854590,0.014531774136,0.016880258782,0.022350629720,0.034130899615,0.036051697978,0.038442417581,0.036407221150,0.019907216829,0.014199593912,0.016397612881,0.012995268129,0.012020527791,0.011847886734,0.006648203631,0.004921935829,0.004529108549,0.009130617777,0.070281262053,0.578573113769,0.842148097055,0.234825161526,0.067051750032,0.057002863643,0.080034534008,0.093164551227,0.054590713029,0.025414466422,0.016049793091,0.018996618357,0.028066039533,0.057974357230,0.088589885196,0.107233002864,0.075003628097,0.032748434974,0.015351877707,0.016940235949,0.031855879735,0.064357919478,0.059454632187,0.036603062800,0.032304150335,0.032979974417,0.065468987821,0.104047071901,0.124606653701
0.230467044188,0.196931180266,0.134436925683,0.108253527462,0.105495106081,0.204270583957,0.255819267430,0.227091544190,0.117725752036,0.081683932199,0.087302907053,0.085389116076,0.061686090081,0.028517483003,0.020039834183,0.020210857831,0.023883708823,0.032795242792,0.035702310130,0.055165658877,0.066959324468,0.038793196891,0.027495125524,0.029388838094,0.025497893599,0.022634571552,0.012490151967,0.004110046899,0.002734340142,0.003024264096,0.010411113774,0.103225224902,0.594082909120,0.634264775058,0.187302003767,0.059025337818,0.057071565229,0.084047380807,0.110313378263,0.091778668362,0.049389370495,0.026447391785,0.026357282385,0.039471626011,0.087157453706,0.142468498738,0.162286654702,0.121610299013,0.068556488451,0.044878092550,0.053523968018,0.078374530944,0.112148033071,0.093017060693,0.061440987512,0.060627848893,0.063502429991,0.099710667798,0.152101269293,0.201420104819
0.343906990711,0.258519824320,0.142024653554,0.106275660129,0.123089325284,0.260904880158,0.334467419072,0.289819140833,0.160684142302,0.107804281650,0.089488144834,0.069453997441,0.046478557641,0.029448707579,0.031350785711,0.031468123993,0.031463777802,0.037455934961,0.039091398459,0.063739237260,0.086256741328,0.060220860543,0.043208912874,0.043220928444,0.039692387493,0.037401127212,0.016531551111,0.003887796358,0.002057987665,0.002532831953,0.010325257567,0.087248941997,0.418001134964,0.432037516170,0.155495446129,0.068385165257,0.070042334332,0.092913466135,0.117623069709,0.138578189620,0.099802592835,0.047428691314,0.043787042692,0.056193443671,0.110176415489,0.177336739171,0.219409801101,0.198443202938,0.141271457347,0.108565584448,0.126834177515,0.147097442624,0.155004153283,0.120963080751,0.085050906329,0.086777182112,0.094993436099,0.132686237603,0.208820484173,0.301281391578
0.363230517173,0.290781427604,0.160220677709,0.109417371142,0.125686521873,0.280351039981,0.389004811912,0.317950304481,0.142862907454,0.070870669150,0.053300702539,0.057585651451,0.058238105209,0.056344053545,0.049068564571,0.035458987871,0.034573239796,0.042459548386,0.042433076986,0.066392885761,0.105497367043,0.097293011610,0.073840404861,0.065082453317,0.052780956256,0.042479723560,0.015222600618,0.003080442841,0.001567537307,0.002038797825,0.009068993619,0.073388617781,0.308530362259,0.275139102510,0.113698395529,0.062627321717,0.069552929754,0.096745793859,0.118599124700,0.110494071904,0.076858485977,0.055663384904,0.065160966173,0.076236459242,0.119804437386,0.167314101624,0.195830761113,0.189476643388,0.180687412660,0.164693837316,0.193282696903,0.207348856978,0.177294039506,0.114697780302,0.076298303107,0.093081714379,0.137075730275,0.198752221396,0.277321589292,0.335587616459
0.354815694963,0.337800885194,0.214087955657,0.134969406564,0.121612636173,0.232409343585,0.347074619044,0.335355249826,0.147079072711,0.047184226361,0.024862042643,0.030186266514,0.040976980992,0.041334993216,0.036531084349,0.031390527735,0.033869583084,0.045108515181,0.046756482591,0.071134347085,0.107257880584,0.103215703692,0.084143382580,0.077853031978,0.065160877305,0.051254418760,0.015317778856,0.002210980839,0.001070825425,0.001441545471,0.004564525683,0.032379140850,0.209144428373,0.215243501383,0.068738138230,0.038517464969,0.051421325437,0.075055731424,0.094716656390,0.102298913883,0.080253516300,0.054848486059,0.066037182957,0.075658752465,0.109272360701,0.146194881902,0.189628034719,0.213133309161,0.230179176824,0.201505837239,0.231539376465,0.243076379497,0.191439568141,0.113711427615,0.078782150383,0.114880232065,0.194670679039,0.261798667248,0.300207663096,0.314769024857
0.359319360321,0.350076366697,0.238537136112,0.150088125590,0.119299101736,0.204921530445,0.293694286414,0.275961447256,0.137236307935,0.038900904077,0.014544788778,0.016683517699,0.022657860583,0.025260422778,0.027560755202,0.030838970537,0.036603648432,0.048715912877,0.051560003431,0.076254684742,0.112711080549,0.105423766609,0.087485425480,0.084616812059,0.056693210526,0.030127774816,0.007891979531,0.001530158087,0.001023237182,0.001411758302,0.003835774951,0.018670361180,0.101113336286,0.139180962417,0.047148861416,0.024839569087,0.037767585059,0.061339403985,0.072429778097,0.073089842558,0.060165133913,0.049824839514,0.069298818060,0.087088648909,0.124242429320,0.152180413596,0.193071126539,0.212997339581,0.250510509486,0.237214225236,0.278535933759,0.295189549167,0.206548844410,0.107658254248,0.076707663512,0.130801662435,0.234629667952,0.300967143812,0.317230987864,0.319331107851
0.318573467066,0.314086085252,0.239955794420,0.171638568690,0.139417379796,0.219310413967,0.250520052628,0.161402016026,0.058815964369,0.018124260411,0.008048544501,0.009108825854,0.013858834893,0.018548433929,0.022476233772,0.027694931083,0.035183217779,0.050570126490,0.075332946788,0.154811242014,0.178181122102,0.094303734848,0.062855346740,0.059801104027,0.033386255461,0.013086692696,0.003921003465,0.001133105535,0.000956625749,0.001252895549,0.002863528755,0.009649600775,0.055589706820,0.106512256849,0.040996908159,0.021784813684,0.028313372044,0.043373530111,0.051341991932,0.046577696979,0.034425612039,0.030419909361,0.059380289949,0.097654942700,0.146919868486,0.160040271040,0.192175020723,0.215366472020,0.265255877887,0.271201414825,0.305099489364,0.306517708797,0.217099506967,0.120122752895,0.094097063692,0.163906610728,0.259297908385,0.299802936478,0.298490399558,0.293123375812
0.271003674699,0.285441291825,0.240322449783,0.196267030375,0.170961513609,0.224480694078,0.171395513755,0.067570199965,0.012501191883,0.002828930497,0.001418957772,0.002838566126,0.006203193172,0.010307164483,0.016982300609,0.026370310580,0.036901998248,0.054429461514,0.078993831395,0.153811693961,0.201483422390,0.094094598124,0.037870277324,0.032114942312,0.019747037824,0.008065815249,0.002823391538,0.000913887276,0.000822419404,0.001085847108,0.002420769302,0.006540946036,0.028122378192,0.090169223637,0.083532000341,0.049948414693,0.037319866198,0.038781769430,0.027615230630,0.023126843765,0.018975362551,0.018986837260,0.050067845769,0.095998834428,0.153287087918,0.179897608839,0.260683562227,0.304784453167,0.311866549263,0.261163980423,0.253015099873,0.250043809625,0.210637678767,0.148101694981,0.139679754814,0.231241312621,0.290015440288,0.281174141379,0.246914878450,0.240403785724
0.241123290495,0.287336826848,0.249205554268,0.182598991673,0.141114518420,0.160485108460,0.092664147611,0.024952199973,0.003916793808,0.002367940156,0.001610140647,0.001683891168,0.003551084597,0.006103333899,0.011555424806,0.022219052362,0.038412912263,0.065327993342,0.083669491171,0.112154588933,0.139804145235,0.092468037577,0.033917228004,0.020253011881,0.012993636585,0.005280131022,0.002216054470,0.000791670056,0.000672130199,0.000884936622,0.002314690180,0.006575022429,0.020032496778,0.062086930742,0.105834622837,0.100303431017,0.060631965094,0.047279574733,0.026048739979,0.013949694790,0.008645279793,0.013052359716,0.043794724295,0.088051536767,0.150616850103,0.210224192735,0.351031419738,0.372356477505,0.312800421922,0.248959831447,0.235693326739,0.213800174992,0.176149443501,0.137163103883,0.159674233291,0.277941995761,0.296678132803,0.247332157076,0.195518639213,0.194421646195
0.252087297726,0.302946485397,0.240194192547,0.151008977973,0.094098501283,0.094662624844,0.053434516003,0.017692306027,0.003830004429,0.007259146145,0.006125053861,0.001380002926,0.002578427920,0.004437061409,0.009059730400,0.019309754191,0.036866074440,0.063288648309,0.063373083472,0.062772512019,0.064167192140,0.045578647591,0.020140199147,0.012197580191,0.009617306491,0.004931023023,0.002427809359,0.000980882434,0.000746529785,0.000826477216,0.002357468162,0.007503863843,0.023792909497,0.080992111866,0.165933204177,0.145953102458,0.072062190669,0.071971602308,0.041781637406,0.017004271942,0.009272100500,0.012787057753,0.039473908400,0.075836103350,0.148288005044,0.233371973737,0.382658779917,0.391103868531,0.329937682613,0.273064380048,0.239014741787,0.170474297942,0.133318348937,0.123544734770,0.175015260246,0.289763757206,0.243387608617,0.177546008021,0.146575765171,0.177475544547
0.256954306645,0.315531433741,0.220427536592,0.110152596108,0.054111180691,0.061713784991,0.056984394157,0.042034206240,0.014788885853,0.015214032986,0.005518669931,0.001779368848,0.003003560505,0.004823996450,0.009657321530,0.018670265904,0.028413754459,0.042169482448,0.046160683395,0.052833882767,0.042674996432,0.012954058772,0.004148287521,0.004441959379,0.005892767208,0.012652225133,0.015299535288,0.002643497210,0.000850385157,0.000845706134,0.002805598895,0.011600958265,0.046382348600,0.144913854148,0.249474799105,0.197933742112,0.109059140771,0.111647857113,0.074951921873,0.028090592876,0.011782725522,0.010469673754,0.028308547946,0.052981027237,0.117007048696,0.226708301199,0.394220995326,0.403996537737,0.326731799165,0.262594749731,0.235203871123,0.148101585173,0.117049205492,0.117630993690,0.183766893774,0.276303590840,0.177373811241,0.111238266147,0.097063870463,0.147860958336
0.245667295164,0.295287903446,0.187995866482,0.088272236891,0.037653842947,0.046755589480,0.058023924740,0.065271799776,0.033171946061,0.049966164726,0.013875215842,0.002480116306,0.003511793770,0.005519381219,0.010312732890,0.016051748732,0.016903683960,0.015882564328,0.009724050453,0.007989838351,0.006280400733,0.003005994641,0.001565946660,0.001933409523,0.004254224095,0.013111533315,0.023511454714,0.010801092755,0.003057268634,0.001600480917,0.003005477411,0.008198196829,0.030637839869,0.128156590194,0.384695234207,0.335364684012,0.154946925679,0.149208940309,0.111969373568,0.036756714487,0.011050857712,0.005926079020,0.012672662488,0.030818905781,0.091816234722,0.221857974609,0.401287365092,0.401493371807,0.295219207445,0.215391581572,0.192328843830,0.117208861306,0.100595411165,0.108759262503,0.168564117858,0.240373138300,0.129244338070,0.071818161687,0.068630906703,0.125353090826
0.215441911593,0.259583521875,0.176123108959,0.097420673444,0.044756531371,0.054059749732,0.065277106757,0.083836664760,0.046152954792,0.086994771177,0.045900150436,0.005509536383,0.004509385107,0.006881371597,0.012370013768,0.011918742603,0.008492811462,0.006077753158,0.003516402033,0.004269458774,0.005539514093,0.002466061851,0.001011264005,0.000872309830,0.002317344814,0.008366515578,0.025583869976,0.037832924809,0.014877704807,0.004854602558,0.004192068372,0.005419323219,0.016179702597,0.076672366741,0.361348542077,0.495269292915,0.270552246305,0.196847358156,0.151956397915,0.053455633118,0.013700731187,0.004769095182,0.008382155922,0.023907837885,0.078306851578,0.203590267405,0.385662327841,0.430231830557,0.291117623374,0.168357334545,0.128035227931,0.080760284017,0.080067883985,0.087812493288,0.115158406828,0.176088504972,0.106035671594,0.063308802658,0.065204526345,0.114746436082
0.194520142536,0.192634439410,0.114713442813,0.069960177126,0.046064532096,0.076546342105,0.097027400398,0.102431331458,0.043269209079,0.030411909588,0.040457881603,0.014092224558,0.005096672272,0.006850115382,0.015053753104,0.013552408335,0.006582332002,0.005394385603,0.004500018554,0.006221296337,0.006123278351,0.002478921922,0.000934973700,0.000480734922,0.001049680096,0.002902226806,0.011743274715,0.045307554741,0.036633041573,0.012159679884,0.007593711236,0.005400660001,0.009474173171,0.030124372041,0.175596579150,0.670306336661,0.601932701764,0.209338507853,0.123888203812,0.055455114855,0.022764022261,0.011169026162,0.019084922155,0.037648222098,0.087625573183,0.170472981731,0.312193842550,0.390696059514,0.269069496629,0.128728710380,0.077616464100,0.044443751740,0.044461067263,0.048699593993,0.056586661055,0.088786770441,0.073636762401,0.062556380551,0.073899978891,0.119562384748
0.152307018914,0.138025961147,0.081849316097,0.056579962519,0.044052979916,0.076746730992,0.087772806622,0.074614716644,0.031882167151,0.016111068084,0.017222041133,0.019456083379,0.005284771471,0.005129218531,0.012663457263,0.024324120456,0.017115189797,0.011950370288,0.007476875420,0.005756832497,0.004712763144,0.002910825679,0.001558024295,0.000561550394,0.000563438771,0.001131298288,0.003790734076,0.022737740409,0.032770487273,0.008982467832,0.004705856266,0.004299325893,0.008340007482,0.024685130037,0.119070414940,0.629890521454,0.900877751091,0.217061160703,0.088983809592,0.041361559561,0.024288359595,0.018705672871,0.035910375260,0.051753431526,0.082507477514,0.131601987742,0.234531836939,0.314231023553,0.202389812471,0.076441285952,0.039628210259,0.023924088950,0.024835435006,0.022318818794,0.019401255508,0.029525273754,0.034979676402,0.045098746667,0.067257948051,0.105451402080
0.124390040395,0.115085395065,0.069060837547,0.048041343582,0.034459805388,0.062160984729,0.080773141140,0.043027760803,0.019834088504,0.013573868168,0.012027340649,0.014696537112,0.006252072070,0.004013559120,0.004900417466,0.010538336555,0.019416757984,0.026519629873,0.015620732901,0.007398238291,0.004158274333,0.003348669333,0.002618380351,0.001027843729,0.000491179565,0.000534734178,0.001275149852,0.004891447747,0.007385298345,0.002751214435,0.002843616374,0.004609119899,0.009422157721,0.024963764244,0.089641542495,0.504905162936,1.144467738588,0.244836252800,0.072942210721,0.037523437445,0.027536681015,0.026694589128,0.047780973936,0.049243268248,0.059388529631,0.093343255693,0.172430055664,0.228539849686,0.126833588870,0.036368672720,0.015651991754,0.009731181447,0.010635710166,0.008520334632,0.006107213201,0.009322425854,0.015223528453,0.025656455814,0.046303032217,0.081016557326
0.123080674194,0.126796731783,0.069821220814,0.039368921597,0.026976553137,0.054243334151,0.063255214035,0.021229552312,0.009115236612,0.008818297534,0.010671587620,0.013575674796,0.005582819057,0.002921209847,0.002876216909,0.006518442173,0.015316913116,0.026844718607,0.019872371586,0.008495726565,0.005123641034,0.004653085904,0.003125062346,0.001063925419,0.000474202516,0.000411200472,0.001023376437,0.004465674032,0.007114034182,0.002310879376,0.002075298596,0.003792846531,0.008405572399,0.021477561446,0.073417475079,0.507957401256,1.202117090953,0.245569694166,0.073476099543,0.039255813304,0.027708574676,0.024235883033,0.036548943126,0.032467884872,0.039311093220,0.066490904693,0.128147517351,0.154818147090,0.074761645044,0.015711383032,0.004938792081,0.002768154310,0.003287048682,0.003121752858,0.002625575589,0.005127565327,0.010978215457,0.017689900378,0.029575199149,0.061484708784
0.108848498949,0.134131370373,0.085579712793,0.044202418557,0.025167984652,0.042097186789,0.050759944394,0.014871613531,0.005204485833,0.005462017488,0.007584029234,0.009163811958,0.004665149226,0.002382373940,0.002282140759,0.004221277102,0.009745864691,0.026220319692,0.024538815741,0.010260539175,0.007356536982,0.009592220518,0.008011424705,0.002245543178,0.000663274925,0.000441258332,0.000850694076,0.003563955147,0.008502488702,0.004384328132,0.003913050931,0.004855207490,0.007813572434,0.016638759900,0.059287706846,0.547300939395,1.209188732423,0.241400019754,0.070654540438,0.034141553007,0.022319440219,0.017761860186,0.023646708711,0.019441223112,0.026498392459,0.048246607507,0.095390621363,0.104735971567,0.048294019042,0.009985779052,0.003034801168,0.001705225703,0.002186358440,0.002297571163,0.002023549039,0.004924201795,0.012744565434,0.020556104945,0.029614245248,0.053075571502
0.080619039743,0.127784897717,0.108481638136,0.061548047383,0.032893323031,0.038205226161,0.021877645989,0.005429404996,0.002445557170,0.003525016032,0.006131973964,0.008581587773,0.005035628911,0.002742507704,0.002363725423,0.003413237483,0.008081949640,0.024138813831,0.020985756027,0.007716741753,0.005241699696,0.011910162142,0.014112209741,0.003519219463,0.000766610484,0.000466294739,0.000651741771,0.002719417956,0.009999279258,0.009268268319,0.008281767726,0.006055515446,0.007614507919,0.015752455047,0.061505431463,0.548814485635,1.181552878669,0.258393904134,0.073063400798,0.027818347231,0.014295003085,0.010089314824,0.014353894275,0.013323700603,0.019552614736,0.037658164206,0.071262771206,0.076912951332,0.040180762330,0.009681216184,0.003072734770,0.001540434525,0.001717289884,0.001428610964,0.001212783604,0.003584407231,0.010011384401,0.018163005591,0.025561894234,0.039745147043
0.063212678144,0.111696011008,0.115047430843,0.072340921705,0.031828078760,0.027809235148,0.012601364624,0.002327175542,0.001593619194,0.003245729593,0.006584392261,0.009055597828,0.005067093741,0.003345565322,0.003356071015,0.004176267248,0.007302782172,0.014187959923,0.009071231468,0.003862893034,0.004436400434,0.011363175885,0.013421437002,0.003370852450,0.000772835550,0.000468540118,0.000574065946,0.002390205167,0.010805994085,0.011339318245,0.012292722192,0.007730578790,0.008096608280,0.016272943705,0.057532537243,0.482744234923,1.229435636561,0.302323913953,0.078102293471,0.026868095821,0.013079421044,0.008634380627,0.012388623280,0.012729128623,0.020979719428,0.035135588013,0.054563702360,0.055211524832,0.032092879030,0.009857329568,0.003374068117,0.001348149288,0.001076220465,0.000965096134,0.000855976360,0.005104467952,0.006626482215,0.013176397875,0.020083614208,0.030142475066
0.058153595242,0.100775336543,0.098969041422,0.053832303794,0.017003496671,0.011705397246,0.005814984994,0.001020457536,0.001115012367,0.003227213321,0.007040265142,0.009091390584,0.004939201196,0.002758530082,0.002604064946,0.003411420584,0.005489491813,0.007361428049,0.003462933208,0.001317611373,0.001220389076,0.004718823377,0.011334568700,0.005095415804,0.000951380485,0.000378081460,0.000391149064,0.002363004312,0.014499346067,0.012084922406,0.010782756920,0.007122350343,0.007804409942,0.015828235869,0.047182817986,0.364319638009,1.256485919335,0.324420614667,0.073397105468,0.026114574284,0.012683594813,0.007781178601,0.010451843364,0.011448167143,0.021478029399,0.034062929689,0.044937363611,0.040247057741,0.021969085544,0.006929453171,0.002421039335,0.000913470640,0.001254599503,0.000622090651,0.000285026573,0.001380224642,0.002641901209,0.006580881262,0.012963481475,0.023594695402
0.063608742136,0.084097570932,0.069434145801,0.029138769514,0.007581838419,0.005988520252,0.001784003201,0.000352725878,0.000936957960,0.003544477083,0.008409113710,0.014522000617,0.005583080862,0.002386607629,0.002019799373,0.002248651893,0.002938231389,0.003446108703,0.001606697734,0.000708214963,0.000910493678,0.004489931427,0.012093520811,0.005153469758,0.000844064818,0.000281534987,0.000275978081,0.001444098335,0.012175079706,0.008564010511,0.005559356455,0.004476333332,0.007169051701,0.017526721168,0.050009578121,0.346705037524,1.258951131643,0.330156211169,0.073165434058,0.033428668537,0.017717051183,0.009091937819,0.009938192084,0.010401720729,0.020610613285,0.032068509575,0.036665993263,0.028403197244,0.014770370222,0.004917320019,0.001966900147,0.000772085803,0.000733641830,0.000278589330,0.000092008998,0.000276916865,0.000672657521,0.002584358213,0.010175560414,0.025874624156
0.070969338972,0.080388071052,0.050526400507,0.014113078972,0.002164225066,0.000919309012,0.000410471530,0.000258723178,0.000949980791,0.003531466426,0.007471478239,0.010445043997,0.004610639035,0.002008829502,0.001549093309,0.001525935568,0.001768878667,0.002348468545,0.001616696966,0.000871708885,0.001377024684,0.005613629249,0.014417453494,0.005079784586,0.000695661533,0.000185660892,0.000182740927,0.000764710301,0.008046663713,0.006465140016,0.002855017532,0.002639555076,0.006028531823,0.019464332531,0.057278430066,0.336913947639,1.256959421842,0.350414408556,0.072522881113,0.039005563179,0.024678789277,0.013548475712,0.014126597100,0.012606434411,0.019431624266,0.025494959457,0.026911845472,0.021970453833,0.011815052109,0.003956147425,0.001424828419,0.000489533363,0.000449932096,0.000129472569,0.000056162809,0.000064242965,0.000152836456,0.001004761332,0.007191357196,0.025504888780
0.074433773533,0.074276779492,0.035317966648,0.006167353490,0.000607310493,0.000415988451,0.000403555020,0.000297405770,0.001075506393,0.003233858850,0.005636682528,0.007013333624,0.003889480728,0.001854533588,0.001306611263,0.001195875898,0.001573360038,0.002601081942,0.002815669501,0.002104486530,0.003955826910,0.009127052019,0.015922817476,0.005571778468,0.000671168387,0.000166451713,0.000219034401,0.001138959033,0.007794324063,0.003663845750,0.000980780689,0.001245798287,0.004652204494,0.022131196105,0.071821119239,0.363222252066,1.259271635353,0.377763897037,0.077005768588,0.046180449346,0.035363037710,0.024279701970,0.026717189539,0.017501252529,0.016305493615,0.017781691137,0.019411611302,0.017648489707,0.008933350792,0.002710023640,0.000917226762,0.000420100683,0.000805959225,0.000207290054,0.000050000000,0.000068099860,0.000178349884,0.000384993843,0.004338333910,0.022968205651
0.072197388763,0.067925122402,0.029127924889,0.004133552432,0.000318238945,0.000128087600,0.000166871553,0.000247761131,0.000822213739,0.002072484742,0.003537994119,0.004905980683,0.002824524191,0.001815190667,0.001230951369,0.001203286212,0.001963025785,0.004032673227,0.003210404293,0.001777570970,0.002841623399,0.007076654592,0.012226017376,0.004352840930,0.000450393422,0.000113761564,0.000207876125,0.001174105551,0.005341909555,0.002245111660,0.000416276286,0.000502086702,0.002802902348,0.020448705675,0.085809386683,0.438616881941,1.264317346497,0.342520330124,0.081080973418,0.051193231936,0.044528218622,0.036728074627,0.041487595697,0.021017185175,0.011900197293,0.010541385794,0.012292132444,0.014267501623,0.008119774351,0.002352463818,0.000666138031,0.000257781101,0.000226808586,0.000083462338,0.000050000000,0.000122837166,0.000109784148,0.000174953868,0.002797208837,0.018901321472
0.072301562221,0.073748865293,0.036183483943,0.005554958524,0.000412046009,0.000116369252,0.000117231906,0.000170622797,0.000461916674,0.000997994071,0.001680145763,0.003939331337,0.004101571776,0.003316864336,0.002110509794,0.002402879370,0.003859110536,0.004953626598,0.002527527776,0.000870025772,0.000950556071,0.003521889397,0.007248243107,0.006441442917,0.002099059342,0.000234605745,0.000248957592,0.000886377135,0.004936933023,0.006160581837,0.004622935698,0.001555319863,0.003807969508,0.027155345356,0.111433352968,0.396624545258,1.295891075509,0.401417887632,0.073091730949,0.041477499326,0.045726548632,0.049720952900,0.057589579997,0.022548530230,0.006837827898,0.004479228941,0.005660789437,0.008898344635,0.006612927234,0.001794503561,0.000385230980,0.000116968289,0.000080417379,0.000105813902,0.000067928350,0.000111123857,0.000137079950,0.000276802327,0.003881540131,0.021122476781
0.081175539354,0.092143623686,0.049537677464,0.009369298456,0.000920314531,0.000283453569,0.000165002927,0.000152081705,0.000288702800,0.000543618104,0.000950270090,0.002392907347,0.005380686557,0.005890512552,0.004297309405,0.004762413139,0.006955274953,0.009982339980,0.005152829278,0.001403392655,0.000635217780,0.001570372840,0.004942328589,0.006089807845,0.002173465289,0.000563998768,0.000940706564,0.005826030813,0.022593109026,0.019594173582,0.012899053321,0.006441526110,0.008585877734,0.037058256720,0.123376789871,0.367868548038,1.302343371115,0.480744918522,0.074640649421,0.037358504656,0.044853783248,0.049224848525,0.051623465143,0.018713223299,0.005715602643,0.003032468274,0.003219261261,0.004559460312,0.002976727990,0.000700122561,0.000143991453,0.000082319920,0.000228263311,0.000146962018,0.000053227758,0.000060621774,0.000116746121,0.000296085486,0.004054196008,0.023003141784
0.105450295374,0.130743669049,0.059331027372,0.010004592426,0.001076518703,0.000385625196,0.000224110125,0.000183504154,0.000276195772,0.000492260238,0.001114953431,0.003558965299,0.008753039128,0.008745752699,0.007256539155,0.008610003526,0.012880326946,0.016943263142,0.009837213338,0.003780385665,0.002955120083,0.004932702860,0.008621814433,0.015336084932,0.010008408854,0.001043052106,0.000474908181,0.001950065882,0.016510144953,0.031616107652,0.032027674992,0.025727037615,0.022166606109,0.047930731341,0.127324538173,0.325177742288,1.225784595442,0.704144497550,0.105857161100,0.042244133849,0.042081635790,0.039180922318,0.035998859485,0.011359095749,0.002988276285,0.001628958966,0.001229429654,0.001258627953,0.000684871387,0.000156584846,0.000050000000,0.000050000000,0.000124373483,0.000107003527,0.000071439226,0.000110487696,0.000110317238,0.000319703708,0.003760437477,0.024909201967
0.097394916496,0.146083746413,0.075527009098,0.013728137162,0.001429694072,0.000407466998,0.000213376950,0.000247494896,0.000356017545,0.000642635035,0.001726731822,0.005388021435,0.011950311294,0.012094934595,0.010829802772,0.013062390979,0.019162616872,0.026425776776,0.017414938451,0.006485124703,0.005078732242,0.009969737843,0.017121185194,0.020770109694,0.009969659061,0.000744298392,0.000297144314,0.000625352462,0.007756267022,0.034657964940,0.053875202712,0.043471223665,0.033031981264,0.052111779344,0.121104995686,0.297326211025,1.173263952013,0.780685177241,0.117791725943,0.047723676305,0.039855209518,0.028320133137,0.021695854417,0.005682461500,0.001589302594,0.001330931850,0.000546029739,0.000348367219,0.000196840505,0.000064652726,0.000050000000,0.000050000000,0.000059275442,0.000056496534,0.000061827961,0.000101736400,0.000112632759,0.000287971513,0.002664490333,0.018698970131
0.086697171911,0.143534748015,0.092483435111,0.018594627717,0.001474353782,0.000310642241,0.000170960694,0.000277884385,0.000534349551,0.001035233463,0.002753273564,0.007149566301,0.011799313328,0.013545056986,0.015481108427,0.019265040351,0.025821240312,0.037709238930,0.027695285827,0.010169772068,0.007731939229,0.015427117620,0.023643142992,0.023450440293,0.009677195531,0.000756719727,0.000468447201,0.001470071960,0.017420860596,0.068751351063,0.082687582353,0.035326712630,0.021479265327,0.045181216214,0.110270883800,0.312707600110,1.218621844988,0.698788762550,0.118528770776,0.047008611360,0.028481021702,0.014120284904,0.010580926946,0.003299458132,0.001421740829,0.001568486592,0.000371910171,0.000149971971,0.000098153253,0.000050260681,0.000050000000,0.000050000000,0.000056753495,0.000071872494,0.000061917947,0.000118254642,0.000160981633,0.000480092392,0.003217064904,0.017841984526
0.064328772563,0.110240725508,0.112691467739,0.049926165223,0.006119783035,0.001025083245,0.000383992182,0.000473768068,0.001047388529,0.002274404456,0.004341399463,0.006485168198,0.007797928637,0.012610012406,0.019937100402,0.034089327629,0.053944596101,0.082046901323,0.062346732290,0.023087994971,0.012054682473,0.017423632049,0.024717265941,0.022533745888,0.005257374914,0.000471750515,0.000703228633,0.003109583665,0.028466600012,0.079245574722,0.099523743938,0.040668499737,0.024583224253,0.048654874761,0.112346949681,0.361454057770,1.252676055057,0.605218853788,0.134076566758,0.047024771784,0.021153389255,0.008280462044,0.009080403850,0.002338723107,0.001428905553,0.001080545527,0.000263506522,0.000256396914,0.000158357406,0.000057811269,0.000050000000,0.000050000000,0.000067743783,0.000081157160,0.000093198251,0.000288984441,0.000487083833,0.001600869233,0.006712186661,0.020284538966
0.046071130695,0.070198614135,0.096303125140,0.081010070420,0.019496178111,0.004561658903,0.001257859836,0.001355041692,0.002411968754,0.003997019640,0.004151648252,0.004418116189,0.003902762308,0.009208043657,0.023275868467,0.054343123462,0.093319913067,0.142580969878,0.119508544353,0.066986286607,0.047138240406,0.023783950925,0.010539393079,0.005857957936,0.001413979555,0.000554504699,0.001389040692,0.005696178958,0.044867178424,0.105391048177,0.085645955741,0.026226279435,0.024131927345,0.051800008959,0.125096925712,0.448984579724,1.265440739304,0.567078944264,0.146440872902,0.047161160609,0.020422057031,0.011462958401,0.025633195311,0.003625280639,0.001430653318,0.000573847968,0.000457953871,0.000678501983,0.000465960095,0.000107886737,0.000050000000,0.000050000000,0.000053640593,0.000082242832,0.000122405321,0.000520332973,0.001396170863,0.006265069728,0.015114857527,0.022396949486
0.039478700418,0.047031478797,0.061257935197,0.069287371246,0.032031346956,0.015091948666,0.005861213099,0.003920487056,0.004299360714,0.005387100327,0.004134778618,0.004716783199,0.003194827801,0.008506951772,0.030585111969,0.082578009736,0.135362525490,0.198563913939,0.176942094488,0.120328989563,0.061156461268,0.013047528388,0.002965173171,0.003581718911,0.003555026918,0.001039687199,0.002005769407,0.006780486228,0.037717013158,0.085175510840,0.073071900781,0.028784133025,0.027847228681,0.043392385455,0.102208424904,0.456299582060,1.244179541268,0.527396869015,0.141993229341,0.046633220137,0.022535150385,0.015098360726,0.049201724792,0.007618518744,0.003594198463,0.001303914968,0.001115464430,0.001762181317,0.001260566792,0.000262651699,0.000061497597,0.000050000000,0.000050000000,0.000058202582,0.000111644149,0.000792733545,0.003901946209,0.014761078717,0.023841202368,0.025318074227
0.044852804229,0.049567409099,0.062685562389,0.071219297531,0.035666491859,0.020977073940,0.009869182754,0.006533060041,0.005751158659,0.006535976155,0.006416128268,0.011782580259,0.008211740498,0.015498519818,0.042611165740,0.098634231671,0.154372852501,0.220149082744,0.208620750005,0.152458716773,0.071702718540,0.023084784517,0.007382579178,0.004301928798,0.002392729629,0.001430862159,0.003318256811,0.011591671584,0.041893517865,0.079564689364,0.082829750623,0.041021692246,0.044144006819,0.058492074537,0.100775583018,0.387164248396,1.131682783470,0.543661211086,0.142821946602,0.048364868297,0.028474796724,0.027674765228,0.061557548799,0.025323205022,0.012891951301,0.003534121908,0.003115365744,0.004714462561,0.003516138149,0.000875587889,0.000150277934,0.000055267388,0.000050000000,0.000075623577,0.000260786875,0.002359311862,0.012347784769,0.039051593453,0.051220374850,0.040193010836
0.058055454921,0.060722681293,0.074343709571,0.087467488989,0.055286127462,0.043884916353,0.025843097287,0.010269268676,0.005048840124,0.004543439410,0.005716795714,0.013596218672,0.012168278515,0.020762669320,0.045679967186,0.100374021185,0.163694877130,0.252504051267,0.252974124163,0.184418395903,0.106977550289,0.064442387670,0.035795062619,0.018482302922,0.008792547439,0.005238704652,0.010446135904,0.026542841343,0.076579077040,0.127263075355,0.138680252950,0.071731124371,0.067838071153,0.079252501238,0.123647279130,0.370021290523,0.982042638411,0.563398033611,0.204834317182,0.076995196289,0.056198683308,0.063652464715,0.155205988185,0.114156815694,0.058437782173,0.013880460160,0.003983563759,0.003942073777,0.002981378095,0.001042718573,0.000249928678,0.000086479320,0.000084112829,0.000207923422,0.001024869742,0.009343384877,0.042077409192,0.113288818161,0.115772296053,0.070958467212
0.105492425954,0.081143571848,0.078057635428,0.084280071544,0.086511719476,0.155224196369,0.091293043844,0.021477986161,0.007504063590,0.004631235106,0.005561338979,0.009791037772,0.014759092940,0.030139310703,0.057670579671,0.116289476371,0.210239502365,0.332802875757,0.323984604059,0.264138744787,0.218920151544,0.154032285370,0.073535099192,0.052835114129,0.051756122853,0.035836587661,0.028894410305,0.030835532644,0.060405641765,0.112463436373,0.205381196389,0.178781283562,0.126413621374,0.103800313758,0.163690589509,0.349444276280,0.767441344841,0.667362534393,0.355850935741,0.142397724576,0.115720159854,0.134977015250,0.222347205710,0.230920145067,0.201392196676,0.057755107568,0.006661560450,0.002257967481,0.001516403438,0.000760239923,0.000336033519,0.000207770707,0.000338417735,0.000919664806,0.003566099894,0.020274267084,0.064933523792,0.167618158181,0.193715596028,0.140418398417
0.118685593918,0.072949292938,0.059684943403,0.085286287595,0.117329932125,0.150285256194,0.126050305664,0.043295802460,0.009943039462,0.004165897817,0.005686159140,0.011856455344,0.022484551708,0.040747931736,0.064152598469,0.118128078742,0.240829759762,0.460533407336,0.443049452249,0.307026240482,0.240829157474,0.216807322311,0.108114328074,0.074755480748,0.077413489288,0.034656931360,0.029456879768,0.035622962335,0.065773386421,0.114306739981,0.192973292280,0.178604781915,0.153525774697,0.113089331909,0.151322527203,0.300990874724,0.613723166575,0.667142230218,0.373954176582,0.144706190181,0.112102662519,0.173335377878,0.343251668431,0.272008297708,0.163794831055,0.054842182197,0.010301731242,0.002521318572,0.001397824997,0.000886297028,0.000598795617,0.000593696089,0.001001899029,0.001842739085,0.005278218830,0.028667473296,0.079433402131,0.168677084471,0.216624437439,0.194020241573
0.150004973120,0.079430589805,0.042999837001,0.026834020230,0.026135298552,0.074096206993,0.094771091404,0.019606999594,0.002893569722,0.001475956573,0.002769938998,0.010558254512,0.022271367665,0.039674002306,0.051892402605,0.096326480913,0.171893484385,0.331089020052,0.328351361660,0.305010732889,0.222641188477,0.128827778590,0.067355690548,0.043326302210,0.029908532687,0.015872245281,0.015051425107,0.021906452634,0.056719130565,0.136119956811,0.288862236610,0.231525840670,0.122908294599,0.055236273668,0.067167679534,0.188019310327,0.609216907203,0.683814347910,0.326486979606,0.114716375221,0.085274961087,0.141141384926,0.297506811792,0.312573345377,0.197911705032,0.041139448783,0.005825683001,0.001884770751,0.001153786647,0.000848388690,0.000574963122,0.000600460490,0.000982124061,0.001394933006,0.003005467896,0.014781876016,0.051254213258,0.165547098637,0.243223081740,0.219882171641
0.241799573980,0.111505040775,0.036568519145,0.012580513780,0.012856280314,0.027501055312,0.022679081253,0.009102982704,0.003705812847,0.002542798864,0.004042052350,0.013612577038,0.023280780246,0.037944939370,0.055684264410,0.104363111588,0.168906373515,0.296395883086,0.298048323228,0.260598379271,0.276489283040,0.170982262537,0.078339193811,0.043675697862,0.021666739311,0.007162723117,0.005056395632,0.008527578042,0.040554346740,0.176563779315,0.394912462516,0.225461867488,0.086263696889,0.035425909158,0.050712030726,0.223081493549,0.765166058706,0.566851432802,0.228811114026,0.113341646637,0.110954175459,0.163891373857,0.280149345182,0.243518502137,0.157404598078,0.039924133230,0.008288575382,0.003288158503,0.001462732594,0.000733452766,0.000326001993,0.000524494422,0.003690045271,0.020644680917,0.034252571876,0.028477343722,0.031360038579,0.087601697536,0.171321341633,0.262263725080
0.363876339981,0.182311612942,0.042423288806,0.008493030705,0.004514328234,0.011061983910,0.018451824800,0.011377269844,0.004223204490,0.002383984395,0.002632929101,0.004115909914,0.006274812474,0.015335513639,0.042264986497,0.113038443341,0.188995095285,0.275650256060,0.285458040919,0.254725374107,0.274477275644,0.132538858327,0.037099064876,0.019871770129,0.012132447129,0.004787830923,0.002966853442,0.004276508483,0.024091499883,0.153894773520,0.378492874474,0.181359889008,0.055529652115,0.025125044220,0.046306935309,0.244471988324,0.818802822395,0.474925170983,0.191727628278,0.113589678807,0.098977445592,0.090596748722,0.253102802825,0.221631415265,0.152343532187,0.040006470280,0.013022234482,0.006303566205,0.002185005245,0.000809170203,0.000266808042,0.000307772146,0.004138656944,0.033961963714,0.029813632458,0.011766959953,0.013666342273,0.033457085556,0.087894681550,0.240678747338
0.443103834970,0.223646841522,0.054574349378,0.012051672262,0.005712208702,0.012940271128,0.020352424077,0.010663136446,0.003778856609,0.001746079304,0.001126702259,0.001232915899,0.001481778522,0.006236140393,0.029612095737,0.089154303406,0.150359009851,0.268066948436,0.286776312930,0.211428328239,0.177468266031,0.092924267866,0.021789222299,0.008530714762,0.005194820210,0.002833482181,0.002073971829,0.003361746498,0.019420483493,0.106242448671,0.313646334547,0.184136828994,0.055703465944,0.024778826271,0.044212569371,0.233330152481,0.813242787886,0.463262393136,0.197407412345,0.117348651446,0.080365926666,0.067084696869,0.189426150535,0.248704927884,0.175511603985,0.033320708754,0.009315691768,0.004310944854,0.001677245365,0.000818778884,0.000296897520,0.000635388264,0.009611398246,0.040776771815,0.016821033539,0.002278848357,0.002153877541,0.009983446573,0.055053943569,0.236767576178
0.556599290202,0.247590518876,0.052736176474,0.012033068654,0.006522687687,0.015510944666,0.027476261690,0.014826535557,0.005158004767,0.002271152805,0.001157813277,0.000817536464,0.000673893727,0.001420387465,0.008547982470,0.042032672399,0.104807846485,0.241867709867,0.291710969578,0.212944818117,0.165610771218,0.099976977028,0.028596183337,0.006515839168,0.003695231478,0.002634884475,0.002162076702,0.002932709090,0.010879565854,0.059515878520,0.205643291901,0.161314531564,0.061437597591,0.032930511669,0.051153620467,0.202663917642,0.678130596048,0.507930266208,0.239407680478,0.141542064111,0.100673489438,0.074286472867,0.173763780585,0.201164070505,0.110417132937,0.019467611896,0.006974765674,0.002959161847,0.001141595098,0.000676341905,0.000280549898,0.000786503089,0.006677837461,0.014134251176,0.003288231520,0.000240636262,0.000203383069,0.001577705397,0.025960065700,0.227260028758
0.575128354805,0.210309490385,0.043277942353,0.010701117446,0.007846222950,0.018491623744,0.041945494104,0.021582380491,0.004979252992,0.001865379091,0.000892977304,0.000627716932,0.000546653232,0.000783029645,0.003287985710,0.020530490643,0.069599793365,0.162502021087,0.203911942194,0.121858034678,0.117108656484,0.100979328774,0.029954153125,0.008178437083,0.005348951946,0.003918120553,0.003062193018,0.003912386481,0.011517126495,0.048554066369,0.145709467473,0.106153920807,0.042313419038,0.030664154444,0.056024820864,0.208386025543,0.567719007171,0.567767806832,0.269651684588,0.136797007765,0.114796203675,0.087909957795,0.189818034406,0.211645164937,0.152114359906,0.055088785259,0.015627328768,0.003395688252,0.001049962461,0.000861291267,0.000272767780,0.000333800953,0.002159406878,0.004501965115,0.001620764303,0.000127343353,0.000066204515,0.000345287105,0.013376454883,0.208493759904
0.513581806911,0.173717111383,0.038397272891,0.011320763667,0.010944872010,0.025389863002,0.034735930312,0.019719767155,0.004789131154,0.001854701838,0.000870649639,0.000597350695,0.000525803119,0.000697534255,0.002445199617,0.014600792232,0.056463643482,0.115402459684,0.123812850764,0.092683733918,0.114883578524,0.109120064600,0.059321560741,0.018602962006,0.009635524686,0.008276372611,0.006139667736,0.006394277824,0.013254665683,0.042597132978,0.091482186277,0.070374920100,0.029160282331,0.024200897533,0.048751492575,0.194390335900,0.539181425214,0.656529252586,0.303641809839,0.158731511170,0.182509812923,0.146066586112,0.200223458954,0.194081743319,0.183614763698,0.096123319443,0.032376942233,0.005989597423,0.001504310894,0.000765210686,0.000280895581,0.000529189100,0.005495998344,0.008884355919,0.001714058456,0.000081852556,0.000054144702,0.000133945645,0.006989055376,0.159754477961
0.429191026427,0.205461401693,0.063684128297,0.020643284919,0.015170274804,0.020544693975,0.018453047616,0.012617930195,0.004224720271,0.001860878379,0.000987981598,0.000828478240,0.000877360385,0.001371066496,0.004641383694,0.021208697932,0.060368480989,0.092209980739,0.060382312848,0.046573150056,0.064824803225,0.054497446832,0.039318762439,0.021932832467,0.013985429849,0.013121718551,0.009394344565,0.009909161972,0.017923569042,0.042557142882,0.060554986887,0.056848582923,0.036707180406,0.031562957891,0.059344188141,0.203677493995,0.460085749576,0.714046992819,0.382469626850,0.207597545882,0.262888300680,0.224375966140,0.241689312054,0.200320669433,0.222347388032,0.166211818356,0.078408219169,0.018438219240,0.005123174521,0.002590690703,0.000884992230,0.000372873272,0.001400502431,0.002772131081,0.000800350188,0.000065945270,0.000054481569,0.000126303911,0.004712128388,0.101989380818
0.402708414007,0.212478324849,0.056059564555,0.011815629884,0.006078789016,0.007753715054,0.008832708208,0.010471308195,0.005191960493,0.002899294932,0.001729306887,0.001430869343,0.001566606541,0.002644625859,0.008600364992,0.032806224592,0.073218788161,0.093083343655,0.050108917469,0.020303544664,0.008856377154,0.004012344445,0.003811208304,0.008483263155,0.015231356385,0.016473314057,0.012981096737,0.015118336536,0.022457761992,0.038181366290,0.041310548409,0.046060756934,0.054715159866,0.058280342290,0.084728383381,0.219881732186,0.323685940556,0.561806021860,0.602602339801,0.417455215099,0.359310339039,0.254553808021,0.221596000534,0.169386759368,0.225427266470,0.196354381348,0.149401400818,0.080794323222,0.047181498858,0.024318449540,0.004394212026,0.000581268183,0.000201277078,0.000076979331,0.000081614246,0.000066737343,0.000056480809,0.000143617525,0.003945454979,0.079616736962
0.349741691898,0.231837872758,0.061352229763,0.008506831861,0.002432948479,0.002050755437,0.002124042405,0.003066605732,0.003256516286,0.003422733672,0.002713806091,0.002307558493,0.002482090745,0.003771629001,0.010911019533,0.039396998458,0.092131362576,0.122484072030,0.077741750645,0.031202665401,0.009637018169,0.003756115791,0.003186327241,0.007615696773,0.014403146002,0.025090760102,0.023090819169,0.025025437759,0.023336031740,0.023992111565,0.020924474419,0.018690294131,0.032084353596,0.072130164965,0.128191864466,0.368742063019,0.413609570289,0.405421473905,0.341653751645,0.425351351061,0.613135492382,0.460231349260,0.314129174426,0.173565118733,0.191187480385,0.173702939780,0.156495275116,0.116689643287,0.088780740243,0.080891511814,0.034419255037,0.005293918953,0.001317706979,0.000358200821,0.000100267555,0.000055612727,0.000065321487,0.000233018902,0.004123656834,0.060596116939
0.241439459235,0.192725522485,0.059587072372,0.006526266284,0.001021131491,0.000564373075,0.000526555550,0.000889438409,0.001515743246,0.002423433931,0.003038239648,0.003409127009,0.003749695929,0.004797412600,0.010999542364,0.034021025879,0.083655569097,0.127655432877,0.097807392003,0.040400997402,0.012329580353,0.007006347902,0.005813091436,0.010942332450,0.018834068730,0.038923132511,0.037960025422,0.036001707683,0.019925862758,0.011535675776,0.007745060768,0.005692011853,0.006797161705,0.025175130450,0.110133127873,0.417569737767,0.436061312117,0.274490558079,0.176546660184,0.189073993448,0.334809817540,0.579497326084,0.646271045208,0.263720142793,0.157260053490,0.102443265723,0.078502581009,0.074262304794,0.079522204484,0.128930987123,0.120683994905,0.039879390471,0.009744823678,0.001427093004,0.000255569467,0.000088969196,0.000089994396,0.000316891560,0.004188768572,0.043957293120
0.203736967290,0.125016831556,0.033742438974,0.004625334990,0.001196984290,0.000908929089,0.000963539724,0.001388965963,0.002127855866,0.003301467073,0.004725303645,0.006271657188,0.007517097647,0.009268567998,0.016701549430,0.036890270595,0.064264419247,0.074276727497,0.075612899678,0.052946234830,0.031096532579,0.027038499120,0.025127669075,0.037099811930,0.047696795522,0.082558064157,0.068611977444,0.055535460196,0.023954399882,0.010834211863,0.006512107201,0.004541790638,0.004738692362,0.010931907312,0.074749621542,0.422650409181,0.487228613480,0.349230523381,0.180419886681,0.167946155255,0.218571543424,0.230951638705,0.536975518809,0.607839043881,0.396200573896,0.117406351550,0.057710460038,0.065642097501,0.068477450541,0.114811057398,0.190463662157,0.150936109010,0.098213270869,0.041061655425,0.007799426718,0.000718801575,0.000395626271,0.001120396335,0.007840615720,0.050366641704
0.279026367714,0.112074558801,0.024656970375,0.003533427998,0.001336697945,0.001807308160,0.002675388129,0.003687771034,0.004380264196,0.004895770876,0.005473746523,0.006278359721,0.007213702188,0.010117455366,0.024890806168,0.064865908793,0.087033303826,0.064081396126,0.049846735108,0.038791021775,0.031026032777,0.040977495394,0.055460454984,0.095406947079,0.115521341435,0.155704652675,0.094153188090,0.064389769813,0.026628170957,0.011440322401,0.007319194822,0.006074115721,0.007115539000,0.015722471865,0.064678334272,0.306999569658,0.431019655506,0.335398385053,0.232367713099,0.220569342919,0.260620793197,0.186755688203,0.212187339358,0.290797288752,0.577868125308,0.381465699603,0.201402852220,0.150395581327,0.121838762011,0.113392614577,0.138141140766,0.153391487521,0.185805072339,0.173673924044,0.100378603421,0.027765034957,0.007108686890,0.006320061538,0.022677973365,0.109305447466
0.399334397156,0.134347065045,0.028564334330,0.004203847280,0.001688675899,0.002615434441,0.004800309000,0.007021280508,0.007845370041,0.007132864962,0.006024588036,0.005245626862,0.004958315402,0.006222564316,0.017128211077,0.063593281029,0.098054949892,0.065021886127,0.046245549864,0.034182384321,0.025889051280,0.034353386093,0.054398220191,0.112324317894,0.163058524210,0.220831565782,0.121146292116,0.074860547468,0.033219102713,0.016693230604,0.006771759379,0.006048029870,0.008701963717,0.023557197585,0.073162783370,0.180677306344,0.196551207713,0.226063216471,0.226560831163,0.211627183637,0.265366713364,0.199463363774,0.178442112915,0.151067083914,0.199751106388,0.208880472885,0.270578360841,0.393328101811,0.391368010634,0.256489438808,0.173897321309,0.110622426109,0.122695601189,0.198679462452,0.213032687993,0.082810664764,0.035348594529,0.036246787885,0.057782762142,0.190666623729
0.330264626455,0.114046433865,0.034057972290,0.006378822321,0.002278303001,0.003363472961,0.005904343939,0.007899489233,0.008250892339,0.007218067541,0.005844848283,0.004743061893,0.004176274547,0.004858906036,0.009855823627,0.027801928489,0.043684775130,0.035157627470,0.037884713920,0.039295474134,0.035863092811,0.044341297558,0.062846439881,0.107609820385,0.148383724606,0.199555510091,0.127872189084,0.103886972455,0.045784389018,0.015265208822,0.006908736505,0.004737862441,0.006428683656,0.019407112427,0.074513308417,0.193297516191,0.122856985094,0.076801326566,0.066002905371,0.095302285339,0.186332765126,0.208620642677,0.215733648884,0.159260111265,0.133890587889,0.110586579633,0.107219387144,0.163077242296,0.301554542258,0.477929401880,0.511001764383,0.250622693029,0.125742343509,0.100537725547,0.100900827000,0.073356096404,0.064622544101,0.082183645761,0.127191267219,0.247675322954
0.313164275452,0.077546368499,0.027473948277,0.007671516792,0.003541412543,0.004461398008,0.006801268486,0.007832054751,0.006869500692,0.005187693321,0.004130573843,0.003838930201,0.004215304466,0.006545967545,0.015111782252,0.032663824798,0.029796400229,0.014141010872,0.012462233005,0.016617352347,0.024701256674,0.045923195428,0.069745052457,0.102389375594,0.135976492453,0.189746034920,0.136509205452,0.134267103176,0.076060922774,0.029589809461,0.012249634792,0.006444322626,0.007132757340,0.022059231525,0.084203419625,0.151905983409,0.081093901093,0.041949948689,0.034514500658,0.049851864128,0.112631699968,0.148310569148,0.177778310633,0.185818830147,0.202106736096,0.179479229407,0.152996537804,0.140824541333,0.171174978637,0.287837080025,0.470251226959,0.438688009202,0.308775258991,0.251657125304,0.155625186795,0.067873610897,0.050213028820,0.106384049863,0.256721156653,0.424994541959
0.351497470072,0.088819484817,0.029897739790,0.006838047941,0.003071153742,0.003965027789,0.005258118130,0.005287962659,0.004240004297,0.003050410367,0.002498616182,0.002588374014,0.003296536432,0.006190892988,0.017530554470,0.050814837395,0.053267493064,0.019702712950,0.009813246592,0.008403468360,0.010895820796,0.025769861369,0.048106588684,0.071793638412,0.101748848481,0.157091449679,0.137361164102,0.165074484950,0.107411991067,0.046046133414,0.020370187327,0.011129749537,0.012481439549,0.034963423160,0.080123100868,0.118581446077,0.055443764404,0.020724915793,0.015361959458,0.024543159376,0.070659621213,0.108468415176,0.112338637977,0.120592090155,0.154717542413,0.160256362999,0.157372627009,0.169416372702,0.274638004371,0.429518093793,0.431747285001,0.215110475636,0.107277541102,0.128374963925,0.209786130833,0.246730564449,0.224119483746,0.272407536286,0.274733154874,0.419005862341
0.345271456187,0.091785751415,0.024508086634,0.005287098150,0.002313074147,0.002614434961,0.003180755313,0.003213360618,0.002877345001,0.002475562803,0.002585720236,0.003076411793,0.004591635130,0.009605181458,0.025115762126,0.069672407130,0.091312720570,0.041020677981,0.020272239450,0.014913668981,0.014715280976,0.023621056802,0.029893518440,0.033230543951,0.046551644474,0.081948061086,0.101163052601,0.178906325123,0.163260438367,0.082545627120,0.037313107803,0.018722172132,0.018410966348,0.045419091448,0.098643793932,0.154511814348,0.071251381594,0.017129686785,0.008172736746,0.009756753569,0.029461013680,0.057643466246,0.074881917999,0.092112429172,0.109606235907,0.121239136401,0.124632217480,0.152044890680,0.261239148353,0.389891163041,0.340073918574,0.208020571647,0.108462877134,0.094961950890,0.085180535366,0.088521572775,0.145337853993,0.432702643902,0.516130810388,0.479552783342
0.709160531940,0.212273886146,0.040679043850,0.004811434573,0.001531786572,0.001541664442,0.001874771051,0.002262901800,0.002725524212,0.003208763927,0.003988656251,0.004981657440,0.007563644073,0.014945102656,0.033838278835,0.079988201964,0.128259503988,0.081007169455,0.052041939928,0.036790902309,0.025964379094,0.022153441567,0.016418783088,0.013969084996,0.019426516028,0.037104782467,0.055479380602,0.127676690312,0.165072997593,0.103201632531,0.054053325137,0.028848593895,0.028523685419,0.059640804385,0.108958021770,0.169789351306,0.101757738649,0.027706892071,0.008533053438,0.005129057450,0.009692607845,0.019198251260,0.040022393788,0.069733111793,0.089249080315,0.101942674381,0.103671085467,0.095710153876,0.147802471358,0.306567971186,0.322558213549,0.189401961762,0.090960267555,0.075377286557,0.075137669636,0.072000727765,0.088163688036,0.201079287166,0.389953805558,0.653570596518
0.812855181253,0.555963327063,0.175316275313,0.012866554701,0.001535425220,0.000978874298,0.001122546556,0.001775463257,0.003113288678,0.005089818259,0.007728713360,0.010322764197,0.014682843320,0.024701738182,0.046264976662,0.094328742975,0.179268604178,0.140621160936,0.096703412150,0.055127453113,0.029061106042,0.018780454720,0.012094714880,0.009975885451,0.013460467833,0.027333651379,0.047352273404,0.117951211031,0.169749469636,0.119585541029,0.069896115547,0.040353164585,0.036617243617,0.065014097161,0.107732185574,0.171451134475,0.125978694465,0.050237525137,0.011972702638,0.004522740949,0.005520334854,0.009377617788,0.021269305944,0.043998574502,0.064172414605,0.084025333407,0.099072748349,0.095437011605,0.101197509465,0.181528753603,0.271667570259,0.138425541670,0.058651992800,0.062991999521,0.078944582049,0.084238525979,0.099680853716,0.163589575762,0.255196012211,0.481423727719
0.531077179037,0.459136258554,0.609111097283,0.223081979375,0.016677150692,0.001219971048,0.000640124071,0.001127432567,0.002544986916,0.005438329538,0.010603484505,0.016833062877,0.024806217024,0.037211545675,0.058449973903,0.095235769723,0.176106859985,0.141314002582,0.091205504585,0.045433507115,0.025718098710,0.020846248333,0.016635647211,0.013800157981,0.013535569767,0.023180491519,0.039730179188,0.089535584826,0.121895818620,0.092699391308,0.060680457660,0.038930879110,0.033717099572,0.055162104509,0.091845667359,0.161012427779,0.122086531382,0.047817548379,0.020978028070,0.005672057813,0.004595804383,0.006646760805,0.013656188138,0.025493076638,0.035525249734,0.049233746627,0.068860272310,0.073056082887,0.060434142192,0.072311996132,0.126285862211,0.109979265142,0.057677781009,0.059499964827,0.074969965593,0.084772118422,0.088687341682,0.116395630587,0.201663827422,0.377451051214
0.527507996096,0.408311901358,0.458077938267,0.487515509476,0.108674255524,0.008278456541,0.001043215387,0.000857727904,0.001755515083,0.004390826984,0.010321845173,0.018642949187,0.028252161219,0.040317121391,0.059501168040,0.088648378727,0.151201778995,0.107198579701,0.056867661311,0.025306691326,0.017967667652,0.020610647601,0.018177040477,0.014769217845,0.013413040503,0.023468669704,0.044204389269,0.082779273797,0.086424574412,0.059954540680,0.039256311139,0.031851974602,0.037725392254,0.072608429282,0.104793850704,0.146745860835,0.117711156887,0.054518212503,0.021639907052,0.007867565679,0.004725604256,0.006335767965,0.011876142758,0.018226980020,0.024062934341,0.034891550873,0.048730127839,0.044328261295,0.027315025420,0.022352740543,0.027342752284,0.030060016814,0.033974057098,0.054872935407,0.091829404359,0.104651726927,0.062078599733,0.059019109577,0.153019824819,0.353853522944
0.498418505818,0.426429385149,0.379458921199,0.551300243826,0.206933124346,0.016214356800,0.001539165799,0.001109125412,0.001666853286,0.003792002419,0.009422193265,0.017724158724,0.025395382717,0.032325639611,0.042657320172,0.057677700646,0.092285967779,0.106660178538,0.063989047205,0.021742332405,0.020944533620,0.031150910452,0.025498189624,0.017646630519,0.015839766579,0.029111199986,0.052479174913,0.067058208488,0.048295277762,0.027008631924,0.018883356515,0.020991281412,0.038918669337,0.094099367551,0.134085074566,0.180715106482,0.174545377558,0.089580229220,0.022955713038,0.005137025156,0.003850043940,0.005304875910,0.009707806001,0.015410339073,0.021228184131,0.030769750574,0.035115387316,0.022543560710,0.008893491991,0.004225086663,0.004192427109,0.016288079930,0.057497530098,0.026826351198,0.014753427618,0.025542126381,0.046649554393,0.061989857770,0.127370086567,0.299797086295
0.467761219764,0.547665428416,0.563867876859,0.494204388355,0.168116339173,0.022750168415,0.003987038900,0.002828894994,0.003855702989,0.006532822955,0.011621832002,0.018365618334,0.020673684112,0.022616871246,0.028837909275,0.049163737559,0.117270592241,0.120024704928,0.048383698824,0.023156901526,0.020511390876,0.031386502106,0.033321574898,0.031805775213,0.033063888128,0.052419578890,0.067119352409,0.064331473160,0.045640117969,0.022845197938,0.012492701866,0.014281114673,0.038375940334,0.137684923107,0.207177945652,0.230588844518,0.211594935685,0.100384510836,0.024248161390,0.004306390081,0.003003006655,0.005303214960,0.014401839249,0.025332387169,0.030996664594,0.038558009113,0.037589207476,0.022412244744,0.007957524345,0.004723358356,0.009599982680,0.016228901755,0.025347707004,0.014204382066,0.010351600024,0.021374350989,0.061821872030,0.095719487882,0.128009277790,0.240921531677
0.420002724368,0.663508897652,0.816098606012,0.329068320118,0.060529176742,0.014228599720,0.004325687206,0.004580142412,0.008065185770,0.011796049276,0.014950032668,0.025582571704,0.029940900567,0.031608219408,0.037813774003,0.060424780219,0.106601556681,0.104282198980,0.053563519453,0.026960448635,0.016359069001,0.017408428360,0.022109446681,0.032036883586,0.043398358522,0.065691230360,0.060544055720,0.059251393348,0.067464780916,0.064210217752,0.051770480001,0.044542609242,0.068053857775,0.165002124105,0.220828209950,0.255812592186,0.253149077531,0.124440145591,0.037502532286,0.008349648522,0.005030610004,0.006971398786,0.021217517224,0.051992783511,0.070014266189,0.056043871031,0.038948234084,0.027797699493,0.023404216299,0.033052182019,0.056092177503,0.094845400206,0.094884231612,0.043072801678,0.019430700472,0.020208166221,0.043985065269,0.113164248619,0.171729464544,0.229659602740
0.606456227072,0.631091519656,0.487311437506,0.251191439346,0.101294056799,0.042109511849,0.012626054098,0.009391304449,0.010406541500,0.011226142620,0.025608320618,0.114548250636,0.137778074883,0.081608181447,0.050583374990,0.047062745770,0.070212368376,0.073425862342,0.067117591852,0.042561245283,0.025316139263,0.025310067056,0.036983253776,0.058743615926,0.072806492283,0.082681387515,0.063268366145,0.070952650148,0.100030797224,0.114036716504,0.083672783080,0.050696983806,0.056773060239,0.154270549444,0.242384413743,0.288509187829,0.254536807780,0.143065874184,0.055242628545,0.019404111206,0.014542084067,0.021211871883,0.049799596499,0.094698539511,0.108723889847,0.068912922460,0.041541181481,0.038322702455,0.066594953203,0.123176033501,0.140589496419,0.132945616126,0.078562104197,0.045991196398,0.047060696880,0.045750181205,0.062852770415,0.133498740583,0.241470268472,0.369441173610
0.523970787135,0.266696301994,0.274143939385,0.270547019087,0.183991918380,0.072400279525,0.016992554884,0.010837886957,0.010908772331,0.011637011408,0.065535327280,0.234601450609,0.122216811850,0.033933980955,0.023434464137,0.025849814818,0.039233471123,0.046281751432,0.055066781376,0.045731438818,0.031331645598,0.033895346513,0.058037122296,0.101142409998,0.118213447878,0.106488058991,0.065375709803,0.068741243509,0.094039455520,0.108991689173,0.077838172072,0.045863652351,0.045642062847,0.102919941300,0.159684337561,0.238787262373,0.276747263406,0.228154802464,0.098911877309,0.046217381684,0.038559191815,0.047896227594,0.080669626227,0.121836706286,0.142575981279,0.104720941304,0.075651585900,0.107495202002,0.214759200374,0.266932402464,0.169570739612,0.097938860604,0.071994233281,0.114368342679,0.152909236118,0.111957060600,0.104875450659,0.186671087883,0.362200022053,0.555158104986
0.280847200321,0.202215537167,0.287883928227,0.310311613640,0.196699333817,0.058424331096,0.014702762436,0.011677807086,0.012846903875,0.020873584274,0.091428577822,0.130592774584,0.065467685969,0.016767188104,0.012821712135,0.015487811166,0.021555604009,0.026189664648,0.038504655868,0.044359304510,0.042216316247,0.054641634566,0.107088412486,0.184668222217,0.179187558964,0.132757302461,0.071612224723,0.083952909316,0.117540751236,0.089368387995,0.060670023856,0.041526161764,0.034153899989,0.050285993488,0.062518184140,0.124064277319,0.227771593464,0.296580980088,0.175966490051,0.111376725533,0.085741231905,0.083695070866,0.110273279768,0.163660237592,0.257143991998,0.229445582567,0.140582729518,0.136955870849,0.246627447191,0.240314229857,0.186195334110,0.114987272925,0.093270572667,0.152358559972,0.235571305746,0.225519888811,0.232911914959,0.332189002650,0.349575855969,0.308080426173
0.165880035599,0.169277297952,0.322724480637,0.373095036378,0.176428562851,0.035532360160,0.008901914029,0.009705262742,0.016195137131,0.030124368640,0.097514399022,0.103329741053,0.013511260172,0.009278251109,0.012268336230,0.018948714889,0.026957760573,0.036044002282,0.058797323794,0.077077815730,0.086301222882,0.111796014388,0.177850566997,0.226771766903,0.154912377541,0.092108700124,0.054422553677,0.137948166716,0.156709766467,0.057477974713,0.043590866530,0.030159297596,0.017681360325,0.015412075835,0.016360982558,0.045197417835,0.135874654636,0.250187246276,0.230126527581,0.195461740325,0.147230390236,0.132082960965,0.179351486175,0.285521595512,0.407286214711,0.234705616127,0.116831556449,0.115259829861,0.169207716117,0.166979093965,0.134833842953,0.112197756813,0.119977122106,0.158632476736,0.178763688353,0.197567368070,0.268117089400,0.344726447533,0.221369609540,0.149616598665
0.144364966205,0.158540045935,0.312034086887,0.356948125524,0.137577325551,0.026279971126,0.007558648450,0.007451885531,0.013086703879,0.024344203474,0.053770944594,0.053847119103,0.031021204796,0.023707833060,0.025702512118,0.035575637802,0.049476354624,0.065277827121,0.101557179594,0.140419130903,0.186755681912,0.251234988327,0.261574899741,0.187017848905,0.081702123835,0.038510950982,0.035204451597,0.187586153462,0.084611655179,0.020013344726,0.016306700925,0.012764263620,0.010670445760,0.016006205703,0.021743985199,0.047088878202,0.125451452163,0.279440237913,0.272474018220,0.235180190251,0.206193315384,0.205804228944,0.258733835161,0.314803946758,0.395157152473,0.251591449105,0.151820534068,0.155310618536,0.142583355121,0.107236502843,0.100172138980,0.113793792019,0.118402929613,0.101218798589,0.066835817811,0.071586776480,0.132753229279,0.208996247209,0.170578058947,0.135002158978
0.134457218318,0.123566587664,0.205300553457,0.268655414659,0.132015750071,0.031325446651,0.006626429711,0.004371792622,0.004296231336,0.004753868884,0.006789607690,0.013650198082,0.026256291165,0.035996112161,0.044482536753,0.068660465627,0.104702856935,0.141166368064,0.174740766550,0.193614169722,0.220071765191,0.246717680939,0.187505511345,0.112050719668,0.054381387632,0.034536957722,0.047443449101,0.038425472898,0.009632399149,0.005624248409,0.005100238039,0.004593128498,0.003595669547,0.003338729597,0.005945571575,0.024522415889,0.095764072079,0.263068218487,0.271085464182,0.230444037881,0.209880720508,0.195070475196,0.284152630357,0.318221321075,0.313745740496,0.271674192822,0.247713780613,0.258810250816,0.192323103211,0.084231999240,0.045098767363,0.036473487601,0.033697255650,0.030818949825,0.027793672694,0.034629352743,0.057515186735,0.113476765133,0.155250100625,0.142144913691
0.155477206189,0.126470091200,0.176695252083,0.188242490413,0.101192431912,0.044022519919,0.012196784814,0.005212353044,0.003183773522,0.002879453395,0.003326558515,0.008572538877,0.022741730770,0.049832484838,0.080863114031,0.118152256226,0.137668299915,0.149954603655,0.158624564075,0.175497007495,0.170184565277,0.163200288051,0.123161406074,0.091117437813,0.087312243579,0.037918780407,0.015732248961,0.010829123363,0.010112957772,0.010100792353,0.013604421948,0.014923474472,0.011001102835,0.008592360542,0.011022295031,0.032415902079,0.111132296116,0.254746014655,0.237271508182,0.171421792629,0.196410483488,0.222614553153,0.269503514945,0.262017983751,0.300785720780,0.297541850284,0.299436384142,0.233888899499,0.173561938287,0.106293755414,0.047502781649,0.023049002068,0.012804042265,0.007185809959,0.006896638770,0.015347944519,0.048111060169,0.164332991158,0.259725497385,0.209573940399
0.148309500151,0.106909108809,0.138053728322,0.163881080164,0.110782378196,0.063526496563,0.019488256736,0.006754498623,0.002422824591,0.001682197968,0.001901108854,0.005258726019,0.014142938390,0.043182041022,0.096757152816,0.151127287982,0.155680842787,0.192264684557,0.179879543871,0.162823670589,0.165134827373,0.154584861255,0.128361137202,0.137841467979,0.092859593968,0.039653205550,0.022357928254,0.015001648693,0.014846858144,0.017890815119,0.030117405525,0.037416684282,0.033698880251,0.025912207718,0.026957574290,0.054164987458,0.139136571167,0.261388763836,0.273328793197,0.174654660672,0.140363936028,0.129749933759,0.214009638956,0.291400519892,0.385293071391,0.353394462346,0.334831630677,0.232135334478,0.138157735556,0.065470671982,0.037141853824,0.021288840313,0.008953046913,0.003158238347,0.002583756641,0.007294856707,0.029374777776,0.139673900444,0.265208222140,0.220162975435
0.185276897549,0.131479071296,0.146713753172,0.157180470961,0.115650597384,0.077463774349,0.026311699450,0.008350374575,0.002331640433,0.001224707985,0.001096543081,0.002445417368,0.007047491496,0.028795194952,0.082371394508,0.139750218032,0.134453225691,0.153028868384,0.196344527376,0.139081675819,0.106463419287,0.132968817229,0.136148755550,0.118388483905,0.096539813209,0.082869668742,0.060539052334,0.032409167514,0.024417920154,0.021240795472,0.032158264915,0.052288552166,0.089239529296,0.085684767151,0.060787536870,0.076499019005,0.144649201907,0.267489225766,0.310082608690,0.183392159401,0.128726158204,0.083392603092,0.140249739201,0.264193432819,0.406503788587,0.398634584613,0.385877555478,0.266715641523,0.187168612466,0.105054663563,0.035955646037,0.014953345420,0.004407816774,0.001276154452,0.000976955795,0.003176223363,0.015463740340,0.091035991283,0.246281500012,0.251436820481
0.287581414240,0.196247103296,0.170978507836,0.135349740923,0.087445660679,0.057962256754,0.021369037024,0.007507330146,0.001986599712,0.000821151065,0.000691124792,0.001835846653,0.007097642285,0.030574855907,0.080163419740,0.122470164689,0.131424921646,0.174825895045,0.179552293332,0.166775169086,0.131777981586,0.108357607788,0.068678822892,0.072821891483,0.089862138923,0.076006778462,0.047339916067,0.031549729128,0.029799678741,0.026311838145,0.036314039346,0.053839672823,0.088801300499,0.103304938845,0.080118279251,0.081972466477,0.138042106909,0.286469044920,0.349959590816,0.177280485615,0.099181840968,0.055460783350,0.101726401366,0.233871950904,0.379909976285,0.358969398533,0.368504643873,0.314735879044,0.205040404395,0.076598437714,0.024186327620,0.009702665765,0.003289039052,0.000936102879,0.000477767671,0.001344590515,0.008687432834,0.058357464877,0.219440857037,0.324273082900
0.507274144506,0.388025224520,0.180599795510,0.056160305080,0.021558660409,0.017105733464,0.009634001621,0.004617353695,0.001189601448,0.000588067197,0.000767259493,0.002645162667,0.011172430703,0.035895117970,0.069102786322,0.094760003010,0.116154380735,0.173066179101,0.195026127243,0.162433627436,0.122799407311,0.092168340294,0.052122209771,0.048301016915,0.042346974200,0.031549169827,0.023286240336,0.022941956981,0.029096767325,0.031175314493,0.039239349314,0.052010920414,0.086650763701,0.121872188210,0.103392206227,0.097147608311,0.148564908622,0.276866614295,0.268049548650,0.114870568296,0.071251459741,0.071535751914,0.163622371457,0.256562819734,0.281736344288,0.227704285297,0.255070409449,0.249570053216,0.200698573043,0.140566006729,0.066216408157,0.028470774083,0.010027577305,0.003174713564,0.001576784892,0.002020306891,0.005121983591,0.019237603059,0.091770842604,0.288139173115
0.664547046702,0.502118633358,0.096780811828,0.009096312373,0.003602625268,0.005268334936,0.004442590123,0.001209950303,0.000291275385,0.000251144557,0.000710657663,0.003850705182,0.015314512807,0.035585954185,0.058840874063,0.081868184183,0.114274496972,0.153912140880,0.149653210833,0.117200998442,0.057292957058,0.035041749640,0.024985157975,0.027879302237,0.027932591946,0.020072408981,0.012844891974,0.013758471726,0.021500022340,0.032641837625,0.044845858610,0.047296292230,0.044730966842,0.036256358456,0.040159159049,0.080590662270,0.152420740244,0.194373570065,0.135473595855,0.058211598338,0.054644798313,0.074622161380,0.156809179398,0.199847678850,0.223724081339,0.179903508716,0.175926826839,0.147892761918,0.112100560575,0.140816235623,0.108606839404,0.050762352433,0.030695536938,0.028479322184,0.025586790595,0.022753013525,0.011572786885,0.007918737721,0.030706978503,0.198205372870
0.753674524746,0.451825211179,0.050427935210,0.003537029806,0.002930612478,0.004487313275,0.003420039574,0.001119245203,0.000322489481,0.000176160015,0.000325387482,0.001508208599,0.006538262253,0.021217702981,0.048262382521,0.083430740879,0.139991260854,0.174944131179,0.128913141545,0.075416127396,0.037722487219,0.022952281350,0.015863823845,0.015359780110,0.013926261121,0.012569035155,0.007976464576,0.009326250809,0.015818285696,0.028565771623,0.038646067281,0.030797824075,0.021526544578,0.019773395164,0.032508951464,0.086996545108,0.137011107867,0.136721609195,0.090119032746,0.041857863097,0.038440432337,0.053385890672,0.121133814615,0.151339800209,0.170568163135,0.160488356875,0.170817312764,0.179084410024,0.161203365626,0.149044311973,0.111697523237,0.084673489176,0.063644139898,0.070404254543,0.080362379112,0.059782803023,0.016022036773,0.006127574651,0.016507492114,0.178625881137
0.797648552620,0.369038130444,0.029069288167,0.002975054967,0.003868937839,0.005646444725,0.004808094793,0.001954849870,0.000632237150,0.000266203421,0.000193281418,0.000333973850,0.001474643395,0.006652119093,0.022983399680,0.067833002797,0.167445268848,0.236016792684,0.176171770499,0.081547458743,0.028267437839,0.015057735632,0.010404748302,0.010339919748,0.007204667185,0.005667244051,0.004536338267,0.007647683320,0.014283614530,0.025413343252,0.030939020290,0.028830844977,0.031652341812,0.032299580009,0.039616038782,0.078205011688,0.114305827042,0.127272190827,0.095455310048,0.044151462357,0.030552824635,0.027064875010,0.056287148257,0.096019466234,0.132690397820,0.128931944016,0.143319068723,0.168367797318,0.190761943511,0.184903038868,0.160208938427,0.116350487149,0.077538097275,0.085588446197,0.088577237718,0.048477653453,0.010991922114,0.005157412213,0.018984254173,0.208619072209
0.736046082502,0.357835956793,0.033011042996,0.004301074943,0.005205666724,0.006516832031,0.005975087563,0.003188462326,0.001242365928,0.000493345290,0.000268786211,0.000239555553,0.000470197498,0.002414761440,0.015449221267,0.067532114570,0.188948292055,0.276113256048,0.212604915386,0.092656658300,0.030338029170,0.014388667243,0.007835988994,0.005804321820,0.004517268842,0.005586519086,0.006593130853,0.013216259232,0.022343908213,0.028910830411,0.024301365711,0.017781813359,0.022459992797,0.036288079596,0.066395474394,0.133722247283,0.160141657519,0.130885433267,0.072502099547,0.025742281411,0.015062199312,0.013429802872,0.036320231076,0.090449648250,0.145083287952,0.141657473404,0.145557077534,0.162042060736,0.210418347422,0.268133916102,0.235608703366,0.161990154711,0.114276089909,0.110660753365,0.095374467155,0.056085210340,0.015459653261,0.009640335655,0.040334709114,0.258156993941
0.634138154940,0.382707166725,0.067448367258,0.006183827960,0.005962444042,0.006260267907,0.005904769072,0.003850871569,0.001769138242,0.000687591588,0.000320693132,0.000223692187,0.000284234550,0.001106697909,0.009801481566,0.058924449994,0.174543489869,0.255998015499,0.237084470283,0.112228976236,0.033185392091,0.010896938835,0.004426677661,0.003229190852,0.003913132923,0.006017937433,0.007956747961,0.017193981553,0.028682607317,0.031713971992,0.019983348505,0.010896304604,0.012478143235,0.028220177864,0.089353881572,0.242989242394,0.240656001332,0.121132003559,0.042885501992,0.012471389044,0.008985590632,0.010214246761,0.031435312866,0.090470621022,0.136169575512,0.114892433134,0.123895786731,0.168718920130,0.269811839829,0.354612840954,0.289042784242,0.179071318457,0.106406307655,0.138399221967,0.186688084088,0.117567291490,0.029850082002,0.018339640925,0.064989901410,0.293797908586
0.589000609190,0.361520869405,0.061690806635,0.007017646279,0.006053435212,0.005776997402,0.005585712605,0.004133599675,0.002075433827,0.000747806951,0.000292565129,0.000178206231,0.000176303873,0.000395952132,0.003321786246,0.029551279899,0.119827960715,0.227156954777,0.236404630181,0.101737538722,0.026297256075,0.007633927231,0.002712788417,0.002017468524,0.003628051346,0.006156856533,0.008138477719,0.017264370093,0.029078117485,0.031292116491,0.018160363009,0.008962439054,0.009921053064,0.026278260579,0.099679590357,0.281227192885,0.248918006950,0.100996508317,0.031378249767,0.008523519448,0.006847801541,0.008566020349,0.023680343143,0.064910252500,0.082869393747,0.065718366940,0.077530310391,0.134174857779,0.278328211966,0.408277534558,0.263983419670,0.172795833459,0.144260628010,0.198411744375,0.214199253903,0.160146774479,0.083417000430,0.049636652043,0.060620184851,0.248079828845
0.475351221002,0.331244363653,0.048545360716,0.006119670014,0.005027562622,0.004741070632,0.004926564756,0.004176702826,0.002465167521,0.000859331737,0.000260150400,0.000159566621,0.000164346412,0.000286973769,0.001320828664,0.008636120894,0.037202987355,0.106792874045,0.225024836911,0.142968015774,0.041948153258,0.008197011106,0.001694216450,0.001174443332,0.002701152703,0.005179390732,0.007271277600,0.013964756685,0.023119325712,0.025279755135,0.016839376462,0.010509667629,0.014264238667,0.037731919516,0.114735839464,0.255490225696,0.224137075529,0.094515540766,0.027874142450,0.007845071315,0.006584090829,0.009263070660,0.025244773286,0.049035691695,0.042944755700,0.033898803480,0.029875318592,0.049904682792,0.185579147094,0.472540671899,0.408050957509,0.230527580526,0.156335010344,0.208022410195,0.216324428984,0.169733284059,0.100578023769,0.071930788858,0.088157973956,0.226557110601
0.293279412231,0.345796262134,0.083092950318,0.007745287717,0.003173017165,0.002720721342,0.003305233907,0.003815623487,0.003248903854,0.001297708775,0.000327170105,0.000189560148,0.000214497839,0.000348970835,0.001112325039,0.004512086163,0.014411083866,0.035205910713,0.135144078480,0.170478449464,0.072664730605,0.012208448947,0.001753989160,0.000937328287,0.002127490801,0.004274521787,0.005968292593,0.009387076188,0.016120102338,0.023916888058,0.020615848690,0.013587219907,0.016297386081,0.034297210585,0.096115076038,0.227860955169,0.227175169407,0.098707582620,0.024880855106,0.004931802950,0.003152569903,0.004260439549,0.015398102015,0.035181905339,0.031403524808,0.025865575531,0.018941463716,0.016577445206,0.054835379262,0.278598290789,0.509786813678,0.382140570771,0.231399713014,0.257715027915,0.245282409219,0.225438439509,0.145692889341,0.077648782803,0.080743100732,0.160189941497
0.218664725727,0.287096385178,0.122997555413,0.023247322910,0.003954651337,0.001495033616,0.001912036581,0.002970717320,0.003254485016,0.001393493394,0.000365582728,0.000212085115,0.000284151143,0.000640756448,0.001992477412,0.005499599956,0.011460144774,0.019257160226,0.057644500871,0.092805659765,0.073819451241,0.020156044529,0.002690698672,0.001062532334,0.001862481396,0.003410569510,0.004730423241,0.007121347832,0.012102394600,0.022759711655,0.025317817226,0.019347910271,0.022314892054,0.039051459521,0.092307572575,0.206282446554,0.226891611660,0.109428785140,0.022767934256,0.003116667723,0.001566702385,0.001868887047,0.009550149346,0.032642622287,0.035654305277,0.029397309114,0.019537945462,0.013758796135,0.036730577183,0.152898474254,0.322625216553,0.340058949640,0.317937714629,0.423752173905,0.375271502932,0.327807520868,0.190647517583,0.090456772976,0.095197572096,0.156338231666
0.189460666443,0.248443938754,0.126182928042,0.015652774219,0.001337597580,0.000591397384,0.000802449971,0.001345810576,0.001565403746,0.000728777465,0.000257275483,0.000178926522,0.000311267585,0.001285126620,0.004948090079,0.012473190310,0.018057388768,0.017537930295,0.021069768417,0.024095273435,0.028681322942,0.015744999387,0.003595775245,0.001644564847,0.001920717095,0.002896345779,0.004025092165,0.007315149788,0.013703431695,0.026263628228,0.029669100069,0.026674650742,0.034056035649,0.054199850483,0.093368330601,0.162039601662,0.177002052747,0.106769813634,0.024897783193,0.002987638996,0.001154414347,0.001426336113,0.008196182573,0.031903993705,0.039494409492,0.034316364038,0.023784700205,0.018405193569,0.040916941509,0.091191779952,0.141171227403,0.154860199284,0.198773356323,0.412298969852,0.597729741911,0.596987178678,0.265150970440,0.070836443349,0.080392331497,0.145227345789
0.168095483004,0.237117858645,0.109333730111,0.006167727845,0.000487572170,0.000337511266,0.000416525328,0.000584360118,0.000623755530,0.000379406640,0.000209558981,0.000169858010,0.000277459308,0.001454514494,0.006825072045,0.018787312262,0.025117426670,0.018945206342,0.011513792907,0.005588334645,0.003911305530,0.004441135141,0.002796483010,0.001749546249,0.002110444722,0.003471689808,0.005495323171,0.012205903795,0.021064455301,0.031008579041,0.029848368005,0.030769800272,0.045217295832,0.070517459166,0.090223796528,0.117007935051,0.115309143421,0.087997090492,0.030469575931,0.003902221096,0.001526267171,0.001844090569,0.008947520933,0.031099929938,0.038150289736,0.030477526377,0.019811774606,0.012441878380,0.015516691879,0.040016807592,0.095285989707,0.106605257278,0.112059418115,0.232097527561,0.481156183369,0.801731883000,0.556106534027,0.133160480926,0.062843337429,0.111871861308
0.164611901185,0.187791511853,0.058228027374,0.002388857027,0.000273823978,0.000227555258,0.000283767017,0.000379233133,0.000406754960,0.000298553444,0.000212771676,0.000187195050,0.000257583913,0.001124232969,0.005195050999,0.016158584934,0.026256037710,0.022325498985,0.011649471756,0.004217569534,0.001716481575,0.001509815226,0.001117558490,0.000995242800,0.001765163864,0.003882359845,0.007429476997,0.017955769463,0.026023861391,0.030967293146,0.026256059399,0.027591493210,0.041421033674,0.068911727014,0.086253198680,0.102937630557,0.085603091534,0.062882453259,0.027137516401,0.004831897028,0.002432480198,0.002825305963,0.010503705630,0.025026901442,0.023672484073,0.017828680665,0.011909656523,0.008518115519,0.010491510051,0.025354271619,0.070654994001,0.089088478902,0.069753189085,0.086962850471,0.206418811413,0.645723827348,0.898210205726,0.342371877774,0.100243386940,0.112226508200
0.165460173567,0.164965384597,0.039633347740,0.001425566516,0.000181879647,0.000190709388,0.000276151603,0.000390245616,0.000434169353,0.000360063098,0.000301379181,0.000287738366,0.000376502264,0.001328418172,0.005284861631,0.016013159385,0.031693476976,0.035145621820,0.019000509953,0.005353535226,0.001481764274,0.001122955092,0.000822295289,0.000790896827,0.001444547085,0.003814446606,0.007806344308,0.016416885896,0.019091631025,0.020826747372,0.016689155303,0.017726705991,0.028970020714,0.060537182461,0.094411449735,0.111125191776,0.071363483798,0.041005340212,0.018840792690,0.005105340146,0.003638076748,0.003958763586,0.009784800919,0.014364047070,0.011092671865,0.009236215016,0.006874051076,0.005576521653,0.006735660592,0.015773031796,0.045412767932,0.051909378270,0.040138498974,0.041943650427,0.076236711726,0.291252448071,0.906555154534,0.662424861812,0.192922666563,0.117990452318
0.207173918892,0.149381648428,0.018249814356,0.000430971870,0.000106511037,0.000127486630,0.000204309362,0.000301075143,0.000346321864,0.000314844375,0.000294865224,0.000305471520,0.000439566460,0.001598753363,0.005443185386,0.015808759429,0.035615891972,0.047543468659,0.027693637074,0.007512199119,0.002034009302,0.001612120575,0.001403741760,0.001524278262,0.001966600091,0.004096130220,0.006883326076,0.011080767472,0.011486665896,0.013402730917,0.012187366992,0.014854876381,0.027040429643,0.060332321488,0.103748174734,0.124220640114,0.071904476152,0.034103389369,0.014183221876,0.004771000915,0.004568030596,0.005005757385,0.008501129374,0.008241847641,0.005904081457,0.005727506802,0.004816814004,0.004358327108,0.005344821329,0.009000503669,0.019557328222,0.023836845987,0.021492177452,0.027399040022,0.050203041125,0.157302733613,0.568228871669,0.830094651201,0.526530912389,0.207762091465
0.219078583588,0.096446427499,0.009961405497,0.000313214563,0.000065475178,0.000079468224,0.000134969496,0.000214287967,0.000255256922,0.000238528947,0.000229391364,0.000252147678,0.000412185358,0.001497077966,0.005127800420,0.015029856182,0.032645636880,0.042317192218,0.027767515707,0.009956802203,0.003468183181,0.003025705443,0.003143377767,0.003754033412,0.003604978564,0.004405403986,0.005330465565,0.007216067639,0.007282997250,0.008456398998,0.008160616176,0.010974924007,0.020907001371,0.049217002468,0.090961494450,0.124135221492,0.078171319878,0.034213098475,0.013526759934,0.004814644972,0.004405782559,0.003539470639,0.004653847905,0.005060848533,0.004503854484,0.004315904001,0.003246951117,0.002346415485,0.001714165750,0.001466780071,0.003273944403,0.010633319275,0.023764331195,0.046579823974,0.055642218190,0.073229574906,0.205865428286,0.610190660016,0.898282229749,0.480664758999
0.281674495222,0.070525345277,0.005570625639,0.000320538362,0.000055768125,0.000057873048,0.000092432072,0.000146467041,0.000171104152,0.000157144329,0.000152310353,0.000173730491,0.000281109206,0.000923614967,0.003848460826,0.014515272614,0.034798587386,0.043753017938,0.029145103814,0.011523627514,0.004062783281,0.003659214677,0.004796338607,0.006833965716,0.005855666186,0.004845220141,0.004862833133,0.006518341683,0.005979658182,0.005826359672,0.005443141787,0.008345249016,0.016651074748,0.042070483997,0.068647578001,0.106727942546,0.090963736462,0.045792941282,0.017861485471,0.005733110051,0.004272250290,0.002634208467,0.002825881305,0.003112653605,0.002754382576,0.002322599863,0.001477325291,0.000888533591,0.000610424325,0.000664570258,0.001700212126,0.003782548664,0.005402477323,0.012078573596,0.028152986746,0.050764333192,0.105381755707,0.318786643493,0.856807469656,0.813612821031
0.456989880751,0.057092041631,0.003125690160,0.000127235319,0.000050000000,0.000050000000,0.000061256173,0.000104586918,0.000140736063,0.000123532433,0.000108162776,0.000122674827,0.000208512547,0.000776867084,0.004080586620,0.016825815674,0.035290795894,0.034924585714,0.022756127851,0.011928422629,0.005504041898,0.004809995556,0.005600081990,0.008070624663,0.008058171388,0.006230632517,0.005268586555,0.006694677413,0.005791037100,0.004659613710,0.003170220481,0.004015413699,0.008256303894,0.023556999918,0.057144108023,0.092719803318,0.077897688902,0.036625610360,0.014268872994,0.005561491148,0.005215412860,0.002898942887,0.002039802312,0.001589614559,0.001241566784,0.001065593508,0.000713076555,0.000481151767,0.000390715606,0.000361846084,0.000480415340,0.001146653066,0.002858781692,0.009058692993,0.018886554387,0.028031783483,0.052289221095,0.141954518870,0.522506357917,1.048125772116
0.662888762052,0.093250773754,0.005279642261,0.000182531684,0.000050000000,0.000050000000,0.000059232617,0.000112796703,0.000171434672,0.000135262377,0.000103393321,0.000121611184,0.000246068012,0.001057968572,0.005445134579,0.019396004383,0.032378676330,0.024884377952,0.015754375655,0.011066384668,0.007365723714,0.006840041053,0.006300332647,0.007743894738,0.008160409082,0.006411968236,0.005443229366,0.007784953973,0.007936634736,0.005827705695,0.002385638233,0.002062171097,0.004228708499,0.017524531434,0.056625323391,0.079234502359,0.054806968889,0.024261728907,0.010887684532,0.005602323878,0.005979980253,0.002646496175,0.001317551559,0.000912027694,0.000822555659,0.000906060048,0.000660179214,0.000430236937,0.000346147250,0.000335758742,0.000429738221,0.000869400119,0.001292484625,0.002754091921,0.005689830433,0.009223636907,0.015730452539,0.037682975450,0.226809828252,1.008832756614
0.985498234156,0.146199318520,0.006442745118,0.000227378619,0.000050000000,0.000050000000,0.000064005791,0.000158557029,0.000285686773,0.000233979653,0.000201672388,0.000280008293,0.000585939870,0.001870337276,0.006808919611,0.019721248244,0.028674788283,0.017051380907,0.009461836912,0.007634643616,0.007012228483,0.007383231132,0.006073828169,0.007397029353,0.009927223897,0.010396521177,0.008944307915,0.009937120750,0.007825127042,0.004949518815,0.001910137234,0.001783564797,0.003773891171,0.017024302343,0.048391921009,0.066595148895,0.042750236059,0.017274961658,0.006637913407,0.004070437539,0.005615673639,0.002978981640,0.001473196281,0.000989890586,0.000968143451,0.001297162905,0.000958998158,0.000582226880,0.000424040702,0.000353117166,0.000399305238,0.000649231605,0.000679112803,0.001033739888,0.001687653272,0.002804450143,0.005773177523,0.010464694631,0.074211174545,0.721815954602
1.086370947690,0.226865479605,0.011577463332,0.000313844009,0.000050000000,0.000050000000,0.000058047564,0.000142142630,0.000265795361,0.000285975812,0.000419092024,0.000854222869,0.001784757024,0.003371706946,0.006930710317,0.013294701863,0.015729004942,0.008072247351,0.005452032489,0.006515488590,0.008029767028,0.007597065221,0.004514628713,0.005273352297,0.009805122701,0.014232509404,0.012956313602,0.011210926916,0.006902221676,0.003874177923,0.001578954057,0.001764223273,0.003513688875,0.012408485334,0.045979637627,0.067104489453,0.029565280338,0.010133460161,0.003881836933,0.003027626633,0.005578626883,0.003808910364,0.002056700737,0.001425336244,0.001255075444,0.001616865595,0.001058654521,0.000648921674,0.000499971927,0.000457801651,0.000513414989,0.000734646887,0.000381763746,0.000281930245,0.000471157731,0.000927301463,0.001497472445,0.002471216831,0.023274968128,0.404686850374
1.080531312575,0.370498069478,0.015448391970,0.000186442525,0.000050000000,0.000050000000,0.000061092748,0.000102896377,0.000115115282,0.000137181302,0.000345193986,0.001230217012,0.003398138346,0.004780908950,0.005740000664,0.006376045729,0.006720121843,0.004730444314,0.005233102931,0.008113612994,0.008594817629,0.005123757761,0.002044197076,0.002366077704,0.006592316205,0.016270826005,0.018300408542,0.013699465151,0.006210805752,0.003095029196,0.001543688762,0.002273508186,0.005254297178,0.016883000104,0.045016765920,0.061045497384,0.022493398889,0.004517005298,0.001601849471,0.001717180233,0.004802088990,0.004518100119,0.002381637397,0.001693820112,0.001539000822,0.001928056107,0.001282749499,0.000994308146,0.000587976711,0.000348063484,0.000300668926,0.000437117267,0.000300241760,0.000550900243,0.001922197853,0.002559415554,0.001481826730,0.000910623068,0.007276153541,0.199704955489
1.038849943399,0.471788142069,0.007916309657,0.000070860676,0.000050000000,0.000050000000,0.000052286323,0.000062804830,0.000061079713,0.000071925625,0.000193331549,0.000992522566,0.003408864094,0.003977615323,0.003178172869,0.002613421976,0.003464541784,0.004231536886,0.006107565733,0.006707039315,0.004519775086,0.002330699266,0.001154197683,0.001861788470,0.006423658398,0.018664449744,0.021393886933,0.014302815483,0.005763674327,0.003417294358,0.002279772196,0.003553357586,0.007346086288,0.016812719316,0.039087177474,0.047579190239,0.020390295828,0.004052885329,0.001863282600,0.002115861254,0.004228081261,0.003224541787,0.001616112346,0.001192871401,0.001175503130,0.001832656575,0.001901331283,0.002030201699,0.000669025244,0.000185055420,0.000086351278,0.000079716048,0.000103877991,0.000505121694,0.003510537528,0.004049887681,0.000896962425,0.000237138423,0.002022552657,0.088277949498
0.981619739674,0.575444237372,0.007501873350,0.000056412776,0.000050000000,0.000050000000,0.000050000000,0.000050000000,0.000050000000,0.000058226248,0.000115579469,0.000434820715,0.001671341866,0.002417802135,0.001994681107,0.001592808199,0.002447925805,0.004005689738,0.005288945259,0.003813450869,0.002265207406,0.001542150807,0.001052960651,0.001759420670,0.005013866863,0.017015944355,0.023367147502,0.014410471658,0.005667254573,0.005026381123,0.005327582919,0.008100098126,0.011390088303,0.017694377361,0.032057638071,0.034753798544,0.015400448478,0.004792791040,0.003421219284,0.003379588340,0.004045518858,0.002371493125,0.000994584960,0.000489874453,0.000422478319,0.000839251615,0.001375903599,0.001813325345,0.000649802682,0.000362883935,0.000284786940,0.000243171690,0.000238458364,0.000622444398,0.001728979852,0.001397321478,0.000487916055,0.000295690242,0.003095280404,0.090512672405
0.953076229964,0.588944101079,0.011082412443,0.000093776601,0.000050000000,0.000050000000,0.000050000000,0.000050000000,0.000050000000,0.000050000000,0.000065739606,0.000170185056,0.000696648908,0.001576653992,0.001950467078,0.001883955413,0.002177260437,0.002285107437,0.002106709167,0.001674888939,0.001725662803,0.001816368027,0.001243846266,0.001423745742,0.002868048240,0.010927101565,0.021573072735,0.016171174187,0.007927260919,0.009754315261,0.011644181710,0.014022542560,0.012391591324,0.014448807747,0.026393653529,0.030156964051,0.011902500998,0.003157306035,0.001925287016,0.002115201287,0.003730669617,0.003232265802,0.001314365753,0.000361354472,0.000171672345,0.000219879131,0.000261885325,0.000322641826,0.000325408284,0.000489110383,0.000421336257,0.000254583713,0.000156610225,0.000302652377,0.000865064712,0.000834404386,0.000277555091,0.000200380183,0.002794858571,0.083202904156
0.951675940715,0.561141747571,0.019149436896,0.000650932892,0.000279775101,0.000150746177,0.000065435106,0.000050000000,0.000050000000,0.000050000000,0.000057563837,0.000138118327,0.000597483580,0.001699507723,0.002497152260,0.002961163622,0.003103910567,0.002064693360,0.001096510359,0.000691513649,0.000894837254,0.001562464873,0.001464896355,0.001633756843,0.002697944999,0.008025122822,0.015995935362,0.014951125493,0.011039420422,0.018241868830,0.019311502709,0.015911242977,0.009370209664,0.009990053832,0.021673182731,0.037390546574,0.017775895721,0.004503042477,0.001593493902,0.001027312756,0.001821954467,0.002918434929,0.001911027173,0.000574293380,0.000258058856,0.000351620040,0.000371603275,0.000384226166,0.000995701454,0.003095070818,0.001924240933,0.000361844224,0.000091321411,0.000104201932,0.000151944906,0.000125811170,0.000086795275,0.000124990976,0.002077324096,0.075896294309
0.752101698630,0.805747811015,0.050824876818,0.001639229583,0.000234203485,0.000061693184,0.000050000000,0.000050000000,0.000050000000,0.000050000000,0.000063555663,0.000146365889,0.000630231523,0.001962249420,0.003196274024,0.004500793000,0.004939221454,0.002593694469,0.000868163375,0.000377128823,0.000505595899,0.001390513009,0.002245656853,0.002842222229,0.003148394160,0.005221459387,0.009567175213,0.013836357235,0.015777558279,0.024727622574,0.018812050437,0.015625531980,0.011661416194,0.013634875137,0.022009571039,0.033443635220,0.019593131393,0.007355067596,0.002356457062,0.000966494274,0.001056251959,0.001484710374,0.001809098779,0.001079378788,0.000640435158,0.000850316178,0.000794223783,0.000665512243,0.000777365767,0.001465629568,0.001332757728,0.000572544566,0.000153811915,0.000079465551,0.000062824417,0.000060258724,0.000079652125,0.000199807682,0.002819253902,0.063628041739
0.520689067506,0.970497890357,0.137736915200,0.005416317928,0.000315239753,0.000050000000,0.000050000000,0.000050000000,0.000050000000,0.000050000000,0.000074846236,0.000167605559,0.000562254719,0.002096112186,0.003603058285,0.004891734938,0.004974782367,0.002327629723,0.000733742480,0.000344517277,0.000609030039,0.002006284517,0.003117440442,0.002984483513,0.002430179844,0.003204956724,0.006305760312,0.012306120567,0.016371923771,0.021756968285,0.013656715863,0.012530816374,0.012206514488,0.016148725619,0.023918494001,0.035974427001,0.028851461899,0.011222768449,0.002919728367,0.001007647904,0.000679958179,0.001028150301,0.001568721433,0.001256023670,0.000870404115,0.001168121898,0.001134150644,0.001106350899,0.000906873346,0.000999976420,0.001746853541,0.002326683956,0.001423495323,0.000656556896,0.000245865957,0.000147037048,0.000159298753,0.000298059349,0.002878389440,0.050577949530
0.305158589151,1.025695024105,0.255431636880,0.006833370740,0.000104003128,0.000050000000,0.000050000000,0.000050000000,0.000050000000,0.000050000000,0.000154288438,0.000416989181,0.000644556183,0.002502104176,0.004542956766,0.004836547774,0.003927720536,0.002001084715,0.000873251476,0.000524648021,0.001012274688,0.002767998132,0.003426979201,0.002507094598,0.001626692004,0.001959806173,0.004386027590,0.011539682554,0.016575148156,0.016813088965,0.008446676765,0.008482144225,0.011141726147,0.018253479917,0.025571772018,0.036651028804,0.034143093202,0.012839142611,0.001938842743,0.000592216025,0.000681277100,0.000998444886,0.001471979372,0.001231758706,0.000793373661,0.000866594326,0.000881085799,0.001437655563,0.001817716874,0.001585048723,0.001542834160,0.002418210462,0.002327374576,0.001561263933,0.000658001139,0.000426699594,0.000373299832,0.000473099519,0.002166478633,0.025271076811
0.115839542346,0.976448612584,0.444637344666,0.010259822011,0.000119144362,0.000050000000,0.000050000000,0.000050000000,0.000050000000,0.000050000000,0.000279103680,0.001569812535,0.001170822026,0.002404374856,0.005081116748,0.004617770117,0.002942368303,0.001497695967,0.000843790858,0.000624158810,0.001232401089,0.003034457369,0.003649457450,0.002685359247,0.001799752318,0.002408891925,0.005121146462,0.011812095430,0.014166042787,0.012499102902,0.006585526220,0.007472920261,0.010234254172,0.016723737406,0.019791696521,0.026785779622,0.035001057628,0.018021073038,0.002460663490,0.000669361399,0.000705042649,0.001113583915,0.002063994315,0.001796005335,0.000810730403,0.000580416965,0.000611225288,0.001773213084,0.003726431357,0.003448632753,0.002479947758,0.002866933001,0.002048753132,0.001170002835,0.000818942226,0.001410603329,0.002181117545,0.003007138025,0.005166600793,0.013836587930
0.047226620113,0.880227113238,0.585520416495,0.010890084788,0.000074201499,0.000050000000,0.000050000000,0.000050000000,0.000050000000,0.000050000000,0.000243669544,0.001991296833,0.001436815415,0.002690014945,0.005259058046,0.003412384586,0.001740403898,0.001071953104,0.000944543731,0.000989183852,0.001908710758,0.003554592634,0.003410448217,0.002430126235,0.001902010615,0.003287879858,0.007228902144,0.014322839033,0.013300740418,0.009040219951,0.004791741418,0.006388626367,0.008567419124,0.011194242911,0.011811040038,0.019255935721,0.031313127720,0.025859045430,0.002453800610,0.000428658681,0.000561687904,0.001608494780,0.004917390863,0.003720094924,0.000769031409,0.000261653800,0.000255436184,0.001187602366,0.004068551959,0.003971549948,0.001859942657,0.000974537646,0.000872944573,0.001003552819,0.000782032859,0.001401648190,0.002305351144,0.001834431708,0.001694818883,0.003814689784
0.063016331472,0.920594370646,0.520362520350,0.017046150040,0.000323419418,0.000050000000,0.000050000000,0.000050000000,0.000050000000,0.000076496945,0.000470710546,0.001394833756,0.000909529768,0.003650893280,0.005772296522,0.003081178219,0.001509821815,0.001151655731,0.001410213620,0.001685482927,0.002636865373,0.003293144486,0.002513067367,0.002032948562,0.002174685461,0.004865561662,0.010796424056,0.018569384325,0.015311152949,0.008526679292,0.003662392945,0.003413061744,0.003646966700,0.005504074705,0.008885130165,0.019381992125,0.031419359252,0.014721134571,0.002101537356,0.000593220492,0.001016333566,0.002977502075,0.006803489092,0.004321355246,0.000998109591,0.000337099809,0.000328095293,0.001255689739,0.003095762778,0.002543875634,0.001398771238,0.001169643659,0.002892542223,0.005086570194,0.001803504390,0.001044930734,0.001515514858,0.000610837946,0.000531037202,0.002188835187
0.090111775154,0.926278648217,0.517102199607,0.020394174883,0.000597483642,0.000112564556,0.000088543168,0.000051632828,0.000050000000,0.000050000000,0.000113286705,0.001241447160,0.001879378222,0.004658736348,0.004756916551,0.002575740711,0.001853847490,0.002113860803,0.002913507644,0.002503157859,0.002515849499,0.002493279793,0.002035454471,0.002053046672,0.002499999484,0.005785608682,0.012732616621,0.020231126748,0.015526305019,0.007725507922,0.002973995284,0.002196091479,0.001822824664,0.002574817115,0.005517387705,0.015382830064,0.026402822070,0.013371997480,0.001816049343,0.000522248549,0.000832440043,0.002282406553,0.005521304516,0.004199028425,0.001474203046,0.000661384969,0.000677844052,0.001738164903,0.002242259752,0.001215684306,0.000655404438,0.000760464722,0.003039854387,0.004610498124,0.001620491428,0.000975909467,0.000945900380,0.000419397008,0.000585208428,0.003661138674
0.085009876105,0.930855839082,0.530487096368,0.021685177908,0.000779849825,0.000141795001,0.000117160491,0.000057700415,0.000050000000,0.000050000000,0.000061709913,0.000566153716,0.002397605123,0.004766259145,0.003847904630,0.002215471867,0.001997645406,0.002699257992,0.004220178795,0.003490381700,0.003042053310,0.002517212421,0.001893186726,0.001955080908,0.002474018794,0.005869909819,0.013810717268,0.021379422415,0.015280156760,0.006682377931,0.002139474733,0.001215430517,0.000781468892,0.001018430499,0.002669166972,0.010641105246,0.027007630585,0.016399823606,0.002011166689,0.000353090671,0.000372687214,0.001072698123,0.003834481342,0.004064543823,0.001527985547,0.000674503232,0.000729403336,0.001882846526,0.002246886071,0.001104488109,0.000692679556,0.001175357166,0.003343427970,0.005683210903,0.002766536805,0.001362000748,0.001250589239,0.000631521661,0.000817913395,0.003715549605
0.060944310180,0.833386098140,0.665573962707,0.019252534747,0.000322663234,0.000072023182,0.000071707954,0.000066948438,0.000054555430,0.000050000000,0.000070514438,0.000466345960,0.002239523891,0.005052682627,0.004229047529,0.002688733961,0.002521037255,0.003013455538,0.004728012571,0.004381332138,0.004260381288,0.003543162175,0.002512927408,0.002217110946,0.002369933422,0.004820581982,0.013528872801,0.026146244372,0.016997778018,0.005498811959,0.001329777374,0.000790139026,0.000713993965,0.001026500253,0.002320409935,0.009625138042,0.026863577269,0.015863546798,0.001126638666,0.000155258683,0.000168328474,0.000593899174,0.003046091686,0.003865817943,0.001233163343,0.000447176385,0.000442693366,0.001417707510,0.002846974601,0.002221586037,0.001329060500,0.002049006397,0.003312959350,0.003985535712,0.003751983582,0.003971399084,0.003831025610,0.001673560213,0.001323233121,0.003719634344
0.045379860503,0.781377112420,0.702121890345,0.017325473578,0.000165249801,0.000050312024,0.000061752973,0.000078159875,0.000075444787,0.000060221150,0.000079939884,0.000492639870,0.002354429716,0.005762807061,0.004545233739,0.002522146927,0.002255163815,0.002596133593,0.004208399759,0.004456659812,0.005277362696,0.004651698514,0.002897841021,0.001880512825,0.001585907501,0.003122393149,0.011364600204,0.029265634181,0.020112496330,0.006046247174,0.001214628488,0.000728487120,0.000696615153,0.000965172831,0.002052648056,0.008147681108,0.022738521510,0.015551456345,0.001066154673,0.000129905445,0.000159408039,0.000608754616,0.003481084784,0.003975293817,0.000855341644,0.000172428254,0.000130758814,0.000506456706,0.002421223415,0.004206361371,0.002759895642,0.002000117437,0.002972150297,0.004350319442,0.004402399020,0.007554119811,0.008231428466,0.002798987549,0.001348029127,0.002769773523
0.044918681888,0.823621840151,0.634360470263,0.010957766380,0.000108557372,0.000052255102,0.000069950451,0.000109449591,0.000114782447,0.000072294837,0.000075185277,0.000277159555,0.001423632562,0.005016621803,0.004873101729,0.002736789330,0.002154186126,0.002290508274,0.003948205198,0.004594959251,0.006248727050,0.005598376046,0.002858877717,0.001330700468,0.000912847186,0.001825137314,0.007979863861,0.025251188301,0.021593672749,0.008564832318,0.001721905871,0.000752995750,0.000609726859,0.000816887952,0.001804781628,0.007632517923,0.024011535680,0.021665396899,0.002099006565,0.000288133770,0.000323970240,0.000881631104,0.003343982720,0.003177932973,0.000839826296,0.000218052448,0.000191371490,0.000591069643,0.002437164795,0.004826285458,0.003802299449,0.002493149874,0.003477936428,0.004604701906,0.004955594409,0.008782911529,0.007237468541,0.001954137616,0.000916985307,0.002232642055
0.048943579141,0.838511318270,0.594074776685,0.012083967450,0.000158834688,0.000056589016,0.000079051222,0.000132092890,0.000138118729,0.000080417010,0.000073914513,0.000292679541,0.000898352852,0.003099418527,0.003818627300,0.002926446999,0.002612722703,0.002494523647,0.004142426631,0.004853757243,0.007161914034,0.006404597906,0.002787926442,0.001082635031,0.000722388683,0.001467715399,0.006176462736,0.018475263387,0.019652967204,0.012614075907,0.003238968561,0.001158703058,0.000674367269,0.000731005627,0.001592712367,0.007093497433,0.028827695049,0.024996631630,0.002465195710,0.000404106840,0.000482216834,0.001497983465,0.005388963018,0.003567484674,0.000831106861,0.000282337579,0.000354861921,0.001437394881,0.004631013482,0.006370130796,0.004044223619,0.002207859839,0.001241649248,0.001802641390,0.004458861339,0.014353633911,0.009828099517,0.001535285837,0.000533231600,0.001758190043
0.037263244587,0.846635516516,0.588174625024,0.011493069741,0.000139091423,0.000050604955,0.000068751175,0.000118381040,0.000135603819,0.000086441290,0.000090151205,0.000237760505,0.000587866429,0.001718453826,0.002070003336,0.001760001504,0.001853061499,0.001972411806,0.003702762134,0.004677281205,0.007779662429,0.007696547846,0.003269493869,0.001201597111,0.000838231750,0.001740922166,0.006901955111,0.017941338550,0.017434751876,0.011566459237,0.002961564916,0.000937361724,0.000516526831,0.000568792131,0.001530509014,0.007733919560,0.027798382443,0.026923848438,0.003441221669,0.000773949235,0.001023376905,0.002745559264,0.006878874139,0.003603114085,0.000875062877,0.000424618775,0.000630559497,0.002166146799,0.005361114847,0.006615042915,0.003806740218,0.002032457086,0.001884300771,0.005987552810,0.011166384593,0.011322437108,0.003533514418,0.000368984098,0.000151265389,0.000672925672
0.049905534792,0.874844474756,0.538628718550,0.011315057212,0.000125368596,0.000050000000,0.000056254689,0.000072361709,0.000081589316,0.000070890719,0.000072200033,0.000168478753,0.000558054940,0.001375489008,0.001406754705,0.001027375589,0.001025580863,0.001196559563,0.002516673984,0.003904730694,0.007934699770,0.009277287361,0.004760490970,0.002056962840,0.001519399516,0.002615953978,0.007094028773,0.014331684491,0.014744055334,0.011162011789,0.003330506636,0.001166799883,0.000687545233,0.000717179367,0.001606333229,0.006823588081,0.023500040259,0.031385555803,0.006485148901,0.001849530178,0.002071065192,0.003792645475,0.006270953011,0.003133119758,0.001067737120,0.000919262501,0.001585348123,0.003726169108,0.004955653362,0.004825547800,0.003410492164,0.002711531720,0.003368597292,0.007805135808,0.010770099486,0.011977616885,0.004437104742,0.000503722052,0.000232039729,0.001182893769
0.086764658956,0.962989812052,0.337249005309,0.007757166487,0.000177755496,0.000050000000,0.000053189987,0.000054312238,0.000054449490,0.000054962825,0.000067328164,0.000163434633,0.000630473377,0.001260010047,0.001004373999,0.000623455500,0.000648128739,0.000930122942,0.002291330122,0.004309595825,0.009326974244,0.009872267506,0.004793680123,0.002220057408,0.001963279199,0.003561433453,0.007902089534,0.011827824485,0.009940921550,0.007431380233,0.002920824607,0.001368344139,0.000959816282,0.001027723431,0.002032374245,0.006858841709,0.016271036595,0.017241485085,0.006539096125,0.002999127801,0.003336206498,0.004684896783,0.006060028315,0.003692503635,0.001542662945,0.001248243639,0.001652101548,0.003374482589,0.004765346157,0.004580357256,0.002937352819,0.002495373861,0.003023408228,0.007413028266,0.013224936881,0.009877085023,0.002387574103,0.000322666497,0.000252674512,0.001958800995
0.143778967677,0.973897286933,0.308100543373,0.007142642276,0.000178882851,0.000052260350,0.000050000000,0.000050000000,0.000050000000,0.000050000000,0.000070127530,0.000247239084,0.000953010209,0.001175243888,0.000636666182,0.000393540784,0.000597146077,0.001349868195,0.004005256901,0.006608533123,0.009760297921,0.007725516948,0.004206364684,0.003011811370,0.003659783833,0.005697615008,0.008060418152,0.008531455797,0.006398655998,0.005096869976,0.002508051268,0.001459278473,0.001198173071,0.001423523299,0.002955087973,0.008388940828,0.012838447486,0.012843496102,0.005573975921,0.003265514212,0.004299929150,0.006426908480,0.007529212073,0.004385108427,0.001815318770,0.001477310913,0.002156766015,0.004892785312,0.005342637756,0.003548853768,0.002169217071,0.001972288583,0.002791785760,0.007686439550,0.016875699395,0.010548405661,0.001666923550,0.000208140722,0.000271404771,0.003953359737
0.211762457856,0.988207781190,0.182734527668,0.004577478267,0.000258905571,0.000057117898,0.000050000000,0.000050000000,0.000050000000,0.000050000000,0.000078159088,0.000280220780,0.000788573157,0.000843551105,0.000569142447,0.000457952379,0.000778868217,0.001852211838,0.006524371130,0.011224430677,0.010895998632,0.004893752490,0.002299881500,0.002366438028,0.004635335417,0.008974949796,0.010557034812,0.007778187900,0.004706694052,0.003838075327,0.002120763496,0.001326702857,0.001253353270,0.001736568530,0.003536691305,0.008533882144,0.009648899103,0.007572567877,0.005000761498,0.003867376467,0.005358178513,0.007660069088,0.007419922593,0.003826501003,0.001703917983,0.001747240054,0.002628901513,0.004467768504,0.004742086142,0.004100547140,0.003109902941,0.003213238727,0.003333269335,0.005731993574,0.013150031779,0.007756229420,0.001186906785,0.000138191221,0.000181457551,0.004190842327
0.191508824953,0.983738733638,0.204858791426,0.003221489055,0.000086386325,0.000050000000,0.000050000000,0.000050000000,0.000050000000,0.000050000000,0.000077444778,0.000289706089,0.000929819937,0.001155409305,0.000824114888,0.000518677968,0.000755576326,0.002009052384,0.007443462022,0.012420496806,0.010090038882,0.004151902471,0.002186776605,0.002734149480,0.006077451434,0.012437926114,0.012641153243,0.005925824368,0.002108066405,0.001484818197,0.001270736090,0.001364959694,0.001722945839,0.002533611173,0.004446361047,0.008429917507,0.007290820842,0.005812451277,0.003435933575,0.003246835751,0.005351096746,0.008296342237,0.008211077672,0.004958471711,0.002088134359,0.001649477361,0.001903583739,0.002619687163,0.002445549863,0.002678609317,0.002494523644,0.002207844019,0.003017228866,0.006799357674,0.011159071053,0.004412527215,0.000546183645,0.000102558063,0.000272351828,0.005583375336
0.250871939523,0.991617813372,0.174986197553,0.002310772423,0.000050000000,0.000050000000,0.000050000000,0.000050000000,0.000050000000,0.000050000000,0.000067308360,0.000197307345,0.000708566231,0.001250024646,0.001160732564,0.000700234984,0.000846565558,0.002018294722,0.007456357966,0.013559092532,0.012051840433,0.005233726528,0.002950001939,0.003490123608,0.006580213569,0.011473362905,0.011502512387,0.004869883604,0.001342689166,0.000756741119,0.000694027085,0.000934184901,0.001518146465,0.002638899783,0.005589854696,0.011851581901,0.009227713941,0.004419553046,0.002461822421,0.002485239130,0.004320571267,0.006686780320,0.007762509057,0.006546259492,0.003067594552,0.001628666626,0.001071451588,0.001314126361,0.001804307471,0.002981923442,0.002568753133,0.001674286301,0.001991519787,0.004658619435,0.007183449338,0.003249095564,0.000666024333,0.000176693711,0.000460881335,0.008615266714
0.304686960393,0.987987369890,0.147494730643,0.001953195602,0.000056690158,0.000050000000,0.000050000000,0.000050000000,0.000050000000,0.000052793406,0.000066946500,0.000136215303,0.000381476252,0.000792233912,0.001082438148,0.000950977865,0.001144222537,0.001912540977,0.005272083798,0.010570893031,0.015245541685,0.010449184029,0.005577910407,0.004920524364,0.007756599343,0.010952950695,0.008858564747,0.003107595903,0.000906157959,0.000564050218,0.000479125851,0.000587398241,0.000937086379,0.001645971356,0.003975984380,0.012748961164,0.017262478872,0.010174321820,0.004039690869,0.002288117342,0.003319125146,0.005336009715,0.006706739114,0.005091582062,0.002657994152,0.001916637032,0.001425608107,0.001436035083,0.001293006254,0.001775647855,0.002218661249,0.002599419126,0.002756115391,0.004485550664,0.008283630617,0.007047886570,0.001959159290,0.000413065171,0.000956337797,0.015908390479
0.342887127974,0.979847191420,0.109620358479,0.000987673202,0.000050000000,0.000050000000,0.000050000000,0.000050000000,0.000050366964,0.000055080200,0.000068744467,0.000121332610,0.000281292996,0.000553999752,0.000842286102,0.000965254156,0.001268966689,0.001662200080,0.003833282732,0.008243656270,0.015863813378,0.014730592824,0.007288720218,0.005031989283,0.006422008503,0.009186063787,0.009327373147,0.003721396714,0.000938964514,0.000477250757,0.000296845457,0.000318850554,0.000552893920,0.000987365945,0.002213360723,0.008466219989,0.020465399459,0.019888193053,0.007278163230,0.002544940099,0.002595657579,0.003280594540,0.004036929574,0.003260492643,0.001913630075,0.001698665427,0.001459776935,0.001639312760,0.001481105049,0.001619118371,0.001561369352,0.002012509206,0.002540616125,0.004939054030,0.010478525980,0.011832093424,0.003720645072,0.000601134252,0.000932047232,0.015819345768
0.331895191424,0.992370815262,0.130393475364,0.000605511456,0.000050000000,0.000050000000,0.000050000000,0.000050000000,0.000055372261,0.000063884643,0.000079989720,0.000120164627,0.000234868840,0.000472732465,0.000853616481,0.001129034274,0.001450595845,0.001532307367,0.003066514566,0.006235941986,0.012780204835,0.015691576448,0.009477078359,0.006043014865,0.005531804458,0.006522077633,0.007456505868,0.004239495638,0.001197979698,0.000617712180,0.000339968549,0.000315274664,0.000521968925,0.000943306954,0.001945192076,0.006367273567,0.018711906774,0.028394695070,0.012568868319,0.003380338518,0.002106911791,0.001581503199,0.001460373070,0.001144167543,0.000766599160,0.000997383576,0.001389017169,0.002210823235,0.002292684892,0.002143417611,0.001353876630,0.001321312682,0.001603325339,0.004019586277,0.008341625890,0.013845434513,0.011174876462,0.003933953304,0.003120189584,0.025052752353
0.383144180192,0.977918644063,0.129529189860,0.000838772749,0.000050000000,0.000050000000,0.000050000000,0.000050000000,0.000050000000,0.000054117507,0.000067294107,0.000104452827,0.000242122178,0.000633497019,0.001284983580,0.001433816862,0.001434386161,0.001369509356,0.002405182996,0.004475188374,0.009658532381,0.015264166335,0.012143586671,0.007305706445,0.004572026409,0.004513279435,0.005395242646,0.004410212270,0.001723004990,0.001042213132,0.000607424508,0.000504729313,0.000679110213,0.001168063850,0.002541628407,0.007817261851,0.018346596366,0.024704753091,0.016176170448,0.006381286607,0.003103454311,0.000892029355,0.000349278320,0.000223952161,0.000240578975,0.000614502223,0.001331936597,0.002445622901,0.002670861538,0.002706824525,0.001918173380,0.001435994674,0.001191617160,0.001971812083,0.004395079342,0.010416013461,0.011392775088,0.008460086452,0.014082429101,0.058034036531
0.610683855254,0.826685438619,0.095840887536,0.001865176197,0.000058093887,0.000050000000,0.000050000000,0.000050000000,0.000050000000,0.000050000000,0.000056378666,0.000084797644,0.000193115284,0.000583023537,0.001409302802,0.001829122296,0.001963068022,0.001886408070,0.002315292098,0.002935625554,0.005851731053,0.011774762013,0.012420146557,0.007921502298,0.004154322132,0.003717530816,0.004349157579,0.004251510760,0.002164551137,0.001698284315,0.001248013116,0.001104767245,0.001354954666,0.002130725555,0.004139931444,0.010310712752,0.018416470300,0.022151694846,0.017554047600,0.007587118629,0.003073564537,0.000547557713,0.000144917923,0.000089267610,0.000121988949,0.000497313926,0.001416592862,0.002067202977,0.001959318940,0.003424861772,0.004492715295,0.002884016324,0.002323205997,0.003952983076,0.005443577384,0.004528308252,0.002908203712,0.004334741188,0.023826927562,0.137573030325
0.812242879611,0.638209104055,0.040290722189,0.000982125600,0.000076166377,0.000050000000,0.000050000000,0.000050000000,0.000050000000,0.000050154577,0.000057652257,0.000079645919,0.000137153550,0.000336925741,0.000885631823,0.001857262028,0.002929829540,0.003141612269,0.002940876730,0.002700689333,0.004329483986,0.007917696495,0.009119197268,0.007275661941,0.004454527242,0.003619324023,0.003153499216,0.002602998942,0.001860158272,0.002926516605,0.003991873966,0.003957561066,0.003294804304,0.003240415090,0.005288813733,0.011170331965,0.017431137405,0.021398718722,0.015098903728,0.004811219101,0.001699247495,0.000434661670,0.000200378684,0.000141202809,0.000187820458,0.000574354306,0.001044336066,0.001114420202,0.001108589127,0.002691960844,0.007399977789,0.006707400424,0.004738780868,0.006862627974,0.009000346583,0.006542771654,0.002918508090,0.003576871595,0.026537171374,0.234810738197
0.915429935236,0.416540730167,0.015910216461,0.000376591614,0.000059444525,0.000050000000,0.000054529136,0.000060292593,0.000069245070,0.000084433634,0.000104653852,0.000113488502,0.000132285869,0.000210190653,0.000472765350,0.001306266766,0.003214096875,0.005107396470,0.006284040475,0.004929269686,0.004183396043,0.004605964045,0.005397607561,0.006105764500,0.005201414359,0.003730696173,0.002371030970,0.001802747413,0.001628430399,0.003748148356,0.006598344817,0.006627928035,0.005336820559,0.005211271979,0.007988115314,0.013443444855,0.015065222420,0.016452122459,0.011181235333,0.003872451416,0.001731736032,0.000654622319,0.000404035473,0.000258024634,0.000223548906,0.000390955321,0.000567708843,0.000782320773,0.001434296781,0.005804670817,0.013528754658,0.006628042240,0.004571468364,0.009030511247,0.013769860712,0.012452590692,0.008906928022,0.011434116547,0.058546261931,0.325220340511
0.901496111928,0.246143936924,0.009679829573,0.000226729221,0.000050946780,0.000054357518,0.000083888397,0.000122526109,0.000187305787,0.000250694569,0.000283180076,0.000220618817,0.000167194010,0.000171445580,0.000266267858,0.000689472716,0.002099811463,0.004985977958,0.010297338805,0.009064902005,0.005658136918,0.004074257444,0.004147893373,0.005121770669,0.005327701396,0.004011769712,0.002507857578,0.002041517266,0.001808333581,0.003750100224,0.006246208331,0.007203350787,0.007939198741,0.008881333932,0.011230589372,0.014834369593,0.013066050781,0.013440748052,0.009645832339,0.003653791406,0.001662751594,0.000698077612,0.000495206925,0.000340101490,0.000253258464,0.000354268749,0.000546758002,0.001033324099,0.002643153180,0.009065868344,0.013740670584,0.007420936033,0.007862872603,0.020341295730,0.025802438219,0.016441680143,0.010125152034,0.014719588094,0.092119023985,0.517370845291
0.745680893626,0.164809894241,0.007817684045,0.000207394206,0.000079792663,0.000100008798,0.000174831416,0.000261879443,0.000376946224,0.000458739861,0.000517107758,0.000448754425,0.000344539826,0.000312976610,0.000395155915,0.000834949062,0.002288329960,0.005389880590,0.012312915815,0.013581353597,0.009567970245,0.005527335962,0.003942356938,0.003744761955,0.004156427256,0.003774158607,0.002641809789,0.002502494473,0.002481073520,0.004864475929,0.007018926260,0.008239416999,0.011557935839,0.013339444516,0.015307381106,0.018063485278,0.012002412226,0.008734636920,0.005464799633,0.002655253937,0.001720504680,0.000768391724,0.000527963555,0.000658681053,0.001035134838,0.001794104080,0.002503754359,0.004136028959,0.006728368832,0.011074414222,0.014684764155,0.012600253969,0.010645407315,0.025259789260,0.040708434901,0.039047803826,0.029948860605,0.042213850907,0.188116962626,0.749112356818
0.443026074521,0.079718764764,0.005991537398,0.000337308507,0.000144234386,0.000167188875,0.000263301591,0.000337977163,0.000418642830,0.000480594289,0.000595435011,0.000669441152,0.000613624036,0.000532122836,0.000564590641,0.000920558038,0.002348029523,0.006504607133,0.017307250266,0.018317906526,0.010126539786,0.004585436203,0.002799307768,0.002659596312,0.003644874505,0.003919456143,0.003064561118,0.003334711118,0.003547466088,0.006064977304,0.007085520475,0.007784073681,0.012090693832,0.014847915756,0.017622391843,0.020212938874,0.011044121827,0.006105887305,0.003341822217,0.001975183659,0.001859586331,0.001019949548,0.000595518363,0.000599942280,0.000914385340,0.002168022375,0.004718084811,0.011361432881,0.017906678150,0.017425194244,0.011558075879,0.010779515506,0.015538180381,0.038242708768,0.041931090748,0.033541538370,0.035884052883,0.085088212937,0.415785984798,0.885210681852
0.280462023695,0.043815443947,0.002675080889,0.000262720293,0.000218373723,0.000230724029,0.000319201904,0.000354251761,0.000426211269,0.000563192933,0.000949930535,0.001398241226,0.001386529387,0.001000366770,0.000814810452,0.001064711223,0.002433968085,0.006919725763,0.021123233113,0.020239258617,0.007441460947,0.002595015369,0.001792702444,0.002606616311,0.004873163436,0.005747734640,0.004609765152,0.004825318017,0.004377723342,0.005923694323,0.006148100158,0.007428401474,0.013707956889,0.018546097581,0.019311568053,0.018674649131,0.009773346797,0.006551055418,0.003958676935,0.002120001749,0.001597786448,0.001053966682,0.000865485215,0.001114555026,0.001350788210,0.002477494384,0.005181264820,0.013286718399,0.023072385276,0.027022783938,0.022742454505,0.020506960570,0.023296678740,0.046494270274,0.053117794035,0.057176108236,0.089115099275,0.205238677824,0.616837271264,0.791380251210
0.199355149496,0.039514666684,0.003069099455,0.000329990961,0.000248838937,0.000220243223,0.000273712930,0.000297216996,0.000406531925,0.000685008371,0.001669689907,0.003273708208,0.003771185924,0.002597727533,0.001772852269,0.001784302375,0.002970996709,0.006267630282,0.015210754215,0.011239814218,0.003647753841,0.001434792378,0.001332473034,0.002780268644,0.006476747227,0.008937814742,0.008181448620,0.008151318369,0.005739242982,0.006052678577,0.006001732849,0.008617090786,0.017367941206,0.024090183008,0.021900696213,0.017671220527,0.008172290433,0.006277245978,0.004531001470,0.003002513413,0.002360306014,0.001983402001,0.002182369822,0.003316445855,0.003198489203,0.004105407958,0.007257662292,0.017063513936,0.031513068104,0.035657562127,0.029667682463,0.031525598716,0.045944155642,0.084829233600,0.093097705064,0.112361121217,0.217397278214,0.420989346947,0.726712566081,0.554427204345
0.169854019488,0.052276257275,0.005702365614,0.000731994888,0.000390151907,0.000315848567,0.000396139658,0.000406913245,0.000554060276,0.000909699444,0.002390065029,0.005602317551,0.008132305205,0.005886127409,0.003757292429,0.003208506824,0.004044217109,0.005219971462,0.006872037258,0.004243368671,0.001908874461,0.001242302414,0.001435790080,0.003558185383,0.009672594551,0.015525349489,0.012302158444,0.008397283713,0.004869176967,0.006094279244,0.008275456816,0.014700510994,0.027896409053,0.035701332426,0.029055098771,0.016381571731,0.005002211580,0.003606193842,0.004190425232,0.006166826489,0.007295295461,0.005624575355,0.003879887161,0.002933655179,0.002464484079,0.004366688299,0.012463677561,0.032061162754,0.050697454779,0.046513686672,0.045027242549,0.043858165559,0.052909522097,0.101551444003,0.159954842249,0.236582812601,0.491435210898,0.544652736707,0.569370073231,0.365616327729
0.166523272736,0.049702300605,0.007736236954,0.001990339834,0.000879305235,0.000484637962,0.000603445260,0.000734080093,0.001232366939,0.001837647502,0.003725918299,0.006716948970,0.009461060195,0.008109328894,0.006467097117,0.004972279726,0.003985610273,0.002848026792,0.002715925082,0.001996707588,0.001430525451,0.001566641517,0.002328000595,0.006314034511,0.016643128694,0.023602924681,0.014572127864,0.008604727369,0.005024350424,0.007385441000,0.011673213583,0.020743419497,0.034800659203,0.039649998328,0.034851829985,0.023956555867,0.007999559067,0.005058898140,0.005071753312,0.007735087293,0.010356848750,0.007253710293,0.004540852057,0.003435813310,0.003474902051,0.006881263889,0.015299180739,0.033594652503,0.065964086707,0.080185455749,0.089142145656,0.069674031711,0.073682284701,0.141439557162,0.261930472309,0.426074406298,0.565983782159,0.390420352653,0.396390276771,0.341930703303
0.277578970948,0.083822380788,0.008277653080,0.001000663508,0.000382679925,0.000327370970,0.000670954400,0.001364461459,0.003789509458,0.006229482783,0.009332351114,0.009358221738,0.008892904629,0.008438794269,0.009133382340,0.006937007811,0.003888844474,0.001814323726,0.001822082960,0.001898436251,0.001949454084,0.002665466297,0.004417123648,0.011134645611,0.026563057665,0.033890456018,0.020020869649,0.012053610239,0.006040974530,0.007373049071,0.012036262108,0.024690973505,0.040847341055,0.040582594246,0.035204768651,0.039645187589,0.024939266157,0.018366515167,0.010582172397,0.007214590207,0.005944526831,0.003745384740,0.002734513022,0.003089252698,0.004268873046,0.009283995517,0.015540445158,0.031774478199,0.071621326187,0.111940573023,0.137894431250,0.121871985145,0.146726366625,0.292963941706,0.441908456828,0.483733498346,0.357759598494,0.234292730046,0.268708257736,0.337006247922
0.381915565069,0.119870378830,0.011039153127,0.000896515198,0.000283697725,0.000284389049,0.000707115151,0.001610956324,0.004537934392,0.007374644853,0.011002188606,0.010081144183,0.006864172210,0.005103043042,0.005521091173,0.004900334502,0.003299565081,0.001665192953,0.002188021493,0.003638143450,0.005034515522,0.006178549746,0.007562162884,0.013265009754,0.027073702644,0.033963900495,0.023582773524,0.017449856738,0.009167914793,0.009094538445,0.012412682582,0.024004247163,0.041641690471,0.043618975482,0.040445359169,0.052147412236,0.038301733471,0.024917842468,0.009888092131,0.004698813038,0.003398535421,0.002259347964,0.001829546837,0.002448229033,0.003251726869,0.007181930109,0.014056747519,0.030298923037,0.059574861963,0.122845769188,0.254779823540,0.323336880692,0.290770626685,0.377845226371,0.434852016055,0.350572883189,0.193976577631,0.116811763326,0.149350466699,0.319960685918
0.349070657471,0.144399351666,0.027097824140,0.003389988663,0.000747390134,0.000545687477,0.000939094978,0.001301080215,0.002082149238,0.002522852997,0.004171551302,0.006271499422,0.005240672624,0.004387452982,0.004754129211,0.004869751397,0.004411610580,0.002686708521,0.004017499200,0.008741061000,0.014398449233,0.014964480476,0.009362382535,0.007573959966,0.012041880113,0.019749213325,0.023934094842,0.029192274192,0.019648596967,0.017936459336,0.018994537436,0.024978666727,0.035786690848,0.038388532023,0.049589232035,0.082835528585,0.053029868532,0.015369588753,0.002769022338,0.001300234432,0.001955050777,0.002003694228,0.001652419608,0.001916721764,0.002629371160,0.008766055108,0.025427083127,0.042390291867,0.062145558922,0.140543743481,0.363035887431,0.572321477209,0.345156769665,0.280041666965,0.225658787585,0.181156554853,0.137621470442,0.118571555449,0.145050297386,0.299162279924
0.352443138607,0.167989741726,0.041535665508,0.004497649766,0.000598240837,0.000320227840,0.000520585825,0.000690108038,0.000772483995,0.000643848590,0.001145973971,0.002896128168,0.003289737101,0.003495126465,0.004583246540,0.007304357736,0.011531625381,0.007317290532,0.008688173765,0.017842304764,0.029857637873,0.023869451909,0.009390499105,0.005317453655,0.007142002685,0.009998603826,0.013640655876,0.023761392508,0.020553334313,0.017879905286,0.019602079360,0.031675398404,0.053923070426,0.045973565550,0.042304736245,0.066109683531,0.048213084183,0.009022957462,0.000701481161,0.000250641813,0.000570175276,0.001241866501,0.001697965189,0.002869722154,0.003987028434,0.009149463829,0.027521457691,0.055432077395,0.074694487746,0.146150897000,0.370596347147,0.744005603476,0.278590282472,0.122156495001,0.096854653865,0.115613275419,0.103531783727,0.062412299057,0.065116011827,0.214169881801
0.313773702355,0.234618531078,0.058112673154,0.004376008740,0.000376813451,0.000147387243,0.000230907931,0.000325056716,0.000287878530,0.000213678612,0.000646680589,0.003519268972,0.007758565425,0.010389112508,0.012909703800,0.023439684262,0.045711396230,0.024674195441,0.022237106164,0.031583648376,0.034075922692,0.021768178461,0.006934913446,0.005156681758,0.010547891766,0.015285519604,0.015226409726,0.019545079083,0.016336787818,0.016121614870,0.022802424097,0.058248677418,0.100685964343,0.046573700196,0.021541804318,0.034051255275,0.062644258293,0.028204637917,0.002282262032,0.000544940941,0.001229439140,0.002643848555,0.003584650701,0.005747000167,0.008210486045,0.013400978026,0.025992295367,0.058968218921,0.083191715386,0.112857266055,0.325125205526,0.814750806196,0.255197070983,0.087755590274,0.092384106636,0.136169854016,0.098429126713,0.023013531055,0.014090328902,0.083321442732
0.346165790972,0.235260668067,0.029851802543,0.001773615830,0.000547686404,0.000615506221,0.001190871440,0.001462254622,0.001008467053,0.000678336320,0.001304978979,0.007220743072,0.020968298408,0.030180901635,0.030119467246,0.050892973469,0.108074420033,0.082840527737,0.077720892771,0.078879966422,0.068385146094,0.044307900793,0.013821048069,0.007528520093,0.008540505455,0.008329299969,0.007923646093,0.011619257199,0.017159461252,0.026982544339,0.036155695661,0.074522143471,0.107595813814,0.060146718819,0.038527502817,0.088355529514,0.150377907931,0.048262999922,0.007178868138,0.002337808492,0.003485048243,0.005762944117,0.006739871110,0.008515574901,0.014272363682,0.027229520655,0.043098680556,0.080868208410,0.100763216506,0.107224018280,0.275782736165,0.766966042454,0.413671664653,0.158690202412,0.119176102548,0.107384063551,0.061989024248,0.020041567449,0.017746303056,0.090918430875
0.375373124237,0.163981642608,0.019355854503,0.003171567296,0.002712371410,0.004513400211,0.007599144566,0.006926689595,0.004139490356,0.002892440168,0.003823000111,0.011432622893,0.031489855748,0.053059546912,0.069139480571,0.108098897462,0.215295119134,0.226246907116,0.232913384404,0.201233686636,0.141898709427,0.077727734133,0.022958421374,0.008643689778,0.005866407766,0.004687377560,0.004809794246,0.008034189661,0.015678766034,0.030915528170,0.044443607127,0.075056067249,0.114022403785,0.111575371216,0.111280267321,0.209544862386,0.230112673228,0.066186023037,0.014421885919,0.004931123761,0.005624643570,0.009039586642,0.014039717550,0.025253892108,0.057014711788,0.109315262884,0.129286208806,0.126900671839,0.085364426268,0.075211299864,0.159492673844,0.508806602977,0.575184848925,0.303055257745,0.154098293262,0.096315919562,0.057499001425,0.028524391939,0.038394963500,0.151020976881
0.236762767509,0.076662349723,0.016388963791,0.007254851734,0.010233505622,0.019775129400,0.026804871184,0.020480782860,0.012619421938,0.009554783551,0.011621124625,0.021711640101,0.034248545274,0.050105860517,0.070216309238,0.124127386967,0.276268982867,0.398283320333,0.436838003569,0.354866082218,0.238155309509,0.137722070170,0.051866346740,0.017474857735,0.007053909101,0.003838496379,0.003899813396,0.007108330464,0.016923223543,0.040210155230,0.066938122805,0.099305425384,0.134460879166,0.135566698913,0.158232310615,0.241656742697,0.184478094096,0.083917667508,0.035677964703,0.022983930974,0.019677730678,0.020567172136,0.028868273814,0.061997868169,0.147961511945,0.223143114818,0.159680496819,0.101411378964,0.068438466114,0.067626594706,0.129893999762,0.279070556325,0.272146335112,0.200079016950,0.181195176696,0.208684472747,0.171300315274,0.104270066534,0.115067359784,0.216248366597
0.105027943124,0.037422530242,0.016038153407,0.012427429060,0.016886248727,0.029411802478,0.035122717140,0.029430578586,0.018160656250,0.014469973238,0.013179793198,0.013439560438,0.014741117185,0.025229403739,0.056005291889,0.121685864239,0.237001285931,0.384255941794,0.506229029425,0.491206534489,0.325291128352,0.144213926091,0.040692805833,0.012553897396,0.005326364447,0.003609211243,0.004690799576,0.009127840465,0.021727913361,0.041299773935,0.056430888219,0.082930073363,0.140128048347,0.180764554144,0.162581437184,0.088732015056,0.039523474244,0.020355129829,0.018228993746,0.026250192386,0.050210014272,0.084477593350,0.136335922787,0.173448363324,0.180407106917,0.154293796935,0.116987504911,0.075625652808,0.040925435786,0.025494671412,0.025295717166,0.032283856587,0.041945641090,0.069423681895,0.132562435852,0.204712177626,0.204629923378,0.162595313783,0.163625006336,0.167482650857
0.137799526740,0.069224478766,0.042097430757,0.035795723771,0.037869075859,0.050007099022,0.052006875505,0.045517573253,0.031148833602,0.029074375489,0.033487122484,0.033269732170,0.024887281871,0.033766154369,0.058982120066,0.105469811809,0.211691492838,0.357269672294,0.469324407186,0.474298328723,0.355371133463,0.199288377153,0.082335540019,0.035380798381,0.017615170183,0.010016787109,0.009592557991,0.014098952778,0.034206667028,0.071706723116,0.093888597615,0.107387271170,0.139292739858,0.167183908236,0.172833097377,0.111495095778,0.054654149270,0.025452883577,0.024297072261,0.044888669404,0.119035805780,0.224279290847,0.261019418264,0.248045655893,0.229068091187,0.186195139051,0.135486051027,0.076844436868,0.035400913442,0.018210591644,0.012500788801,0.012626184779,0.019870639566,0.047467387389,0.143375172636,0.292984400244,0.257864259178,0.217121410291,0.204925787555,0.187601445271
0.114531158094,0.058853030400,0.032301943723,0.026634080157,0.030386566144,0.047562410950,0.056194376075,0.057496414276,0.055960649344,0.078656300772,0.131610290125,0.158203818221,0.145470562891,0.148840165953,0.144089851949,0.166344001025,0.267780485086,0.411949131316,0.488880362628,0.461348606506,0.409824305283,0.377964650733,0.261108123941,0.153846057008,0.082591921019,0.047209888080,0.039385539951,0.034396278053,0.056028007438,0.107214824969,0.136448521466,0.138464910251,0.151907824302,0.166263080781,0.183094502822,0.147243518414,0.085444548846,0.045952123437,0.044650460897,0.074716887291,0.170888624082,0.271757135414,0.321051920456,0.292204113084,0.262489623936,0.224474647301,0.162860838391,0.116358753561,0.084651688415,0.072846667698,0.048325149423,0.028066676200,0.024297745772,0.073011629828,0.180147259408,0.283806761760,0.220006518269,0.166125205356,0.149553994794,0.144868059257
0.176761154215,0.077574922117,0.035063465706,0.027901607064,0.032194514447,0.045370520176,0.048036601585,0.048782324457,0.042195564107,0.067477762527,0.139156846857,0.157947476434,0.135114181569,0.167857841108,0.214185344502,0.202291330188,0.275866858922,0.361580409261,0.404982292852,0.396959186041,0.379855975538,0.309724475497,0.202247987023,0.121471827061,0.071694107902,0.036376947739,0.033524524792,0.038018678800,0.080099596047,0.158325464177,0.182023817880,0.164558731656,0.161420286588,0.159979526115,0.177430204900,0.175011539386,0.114783719399,0.058886838986,0.048465623959,0.061802572302,0.123457639890,0.219497086071,0.315345048084,0.332419171826,0.355317330834,0.294781560797,0.147005171855,0.044576110166,0.016058442836,0.012129183941,0.009464076493,0.007724871274,0.020322723761,0.086314941317,0.211054336306,0.240064323147,0.142846573437,0.132935097611,0.165303640803,0.207499640704
0.301187344230,0.112905888266,0.036926424387,0.021832317012,0.020892608340,0.031734498625,0.050584787368,0.070235514005,0.060164408030,0.052378443762,0.042511859648,0.041491943897,0.054751690813,0.147392921770,0.255686960769,0.235431308567,0.260579096488,0.331736777939,0.392439337958,0.445322636355,0.386131645036,0.259061449848,0.127415122162,0.048842379202,0.012157918377,0.003337324086,0.003576047257,0.013728504860,0.081914273054,0.196162348524,0.199621083287,0.169250847189,0.173326900471,0.165701359298,0.170635332852,0.147083070679,0.097797514912,0.057731988821,0.057668646102,0.079359337461,0.139654681680,0.170469417105,0.201904830634,0.216040559734,0.291015189549,0.282359547891,0.162357721474,0.053939795051,0.026612841193,0.016269150704,0.008030843208,0.009038718805,0.014110840180,0.039946788399,0.134900454861,0.196209860394,0.108841593865,0.103111957283,0.158500212192,0.291432917612
0.357960942054,0.111065749597,0.034503729187,0.020022035783,0.022327284470,0.034305126649,0.047362630081,0.064508110300,0.052410205669,0.037729869229,0.022501718537,0.014627589250,0.019026950221,0.073710893722,0.148961971233,0.250969425084,0.360145707516,0.357495094343,0.363037077723,0.418832027748,0.405813262195,0.268314402737,0.075412395560,0.016699295014,0.003858786437,0.001737614388,0.002420862103,0.010910310782,0.078618121876,0.207062572304,0.195429559991,0.152929569891,0.148650775335,0.151355133198,0.174282344405,0.152208455437,0.115714398806,0.077274719917,0.067927314817,0.075141626897,0.129263545325,0.165233494289,0.189965365706,0.189463071607,0.262946719539,0.241043553742,0.119031269739,0.035921267295,0.035848583096,0.050932627644,0.011350739276,0.010674937576,0.017613805058,0.031108757381,0.060557981218,0.077064427700,0.060250264523,0.075534917158,0.163767815090,0.371309329712
0.325846018165,0.091127854439,0.040780523142,0.036311058497,0.051093205969,0.054073760718,0.038272688103,0.036033713939,0.028345593779,0.025120228402,0.019748022547,0.015631079427,0.017797353770,0.044603306133,0.109372912061,0.212084967969,0.288103331040,0.344131845638,0.389374012823,0.451532851898,0.397717364242,0.230188377978,0.077850132415,0.028033323635,0.016157529055,0.017486609002,0.011886242192,0.012677783808,0.067545179701,0.221302366381,0.227154990569,0.127011325362,0.087020103559,0.093238822407,0.160960994467,0.183194886024,0.144327418991,0.082835353209,0.060018768578,0.044246514026,0.059167897879,0.118489160208,0.262881066893,0.305438614292,0.250732695317,0.152971646988,0.068038098461,0.025341135880,0.024630773853,0.026015713190,0.010625869743,0.010795255671,0.017137867767,0.023461754518,0.027127845142,0.029087034849,0.034412816592,0.066997693859,0.208566311949,0.439973535178
0.316468539087,0.100305611653,0.055616845360,0.055994436798,0.069622622811,0.061233755267,0.036156030292,0.028345869440,0.020775674729,0.017378254705,0.015945304811,0.024108354989,0.050221636169,0.089349810821,0.121081928480,0.154552372069,0.196521389118,0.311307049265,0.475561350313,0.517834177124,0.349358138851,0.181126636226,0.072607204749,0.054376035022,0.055340117792,0.044727800966,0.024827055846,0.014090138971,0.063744248996,0.216952995642,0.260012649685,0.138544894579,0.069266854871,0.066177571716,0.137816121651,0.198291181738,0.176430529230,0.099593465148,0.068793197900,0.047115182038,0.053739545964,0.091546995166,0.215215957080,0.334027283220,0.274294256836,0.161830679243,0.068748901445,0.032247870001,0.048451625734,0.040716648077,0.011391869629,0.010681941118,0.018399137235,0.024815047098,0.024619120501,0.019946703542,0.019981195364,0.053239899666,0.208615392133,0.423256256831
0.298895390156,0.112693079852,0.074204453328,0.074631897826,0.076541895740,0.074105795900,0.045873225292,0.027255016690,0.018884001444,0.016819034377,0.017331175960,0.026690113931,0.054997867959,0.099213229036,0.121238611014,0.139182556020,0.198235719474,0.305387068417,0.351524422353,0.337231196670,0.227209903429,0.135561800538,0.028686270944,0.004262683169,0.001961311262,0.001862070435,0.003012832790,0.008477074281,0.044942861804,0.178099963086,0.288743901504,0.203416658937,0.105044170113,0.085078245645,0.140857988609,0.169310333993,0.146421982515,0.101073292274,0.098089973634,0.076793209294,0.069490048822,0.081746755568,0.152347877319,0.308481442871,0.364477528561,0.241359527870,0.117551877076,0.107212990830,0.076603872875,0.031334990267,0.006255349130,0.011116287214,0.020577573463,0.023214884819,0.017773951972,0.013662541828,0.019049142981,0.074903660470,0.276616745135,0.447033819008
0.226741715703,0.101530298645,0.101502464425,0.130956664990,0.088935609336,0.045141830246,0.023925552684,0.018833533986,0.019350774899,0.034166082125,0.088093454092,0.174273783940,0.185862843467,0.113321018763,0.080386594034,0.097985346917,0.210755970442,0.333772111257,0.337503925181,0.286507640509,0.208571018159,0.131170718262,0.032638762315,0.005177661517,0.002293673771,0.001763664206,0.002700581443,0.007249792304,0.035652386148,0.138216324251,0.276230813412,0.274443749964,0.167206907385,0.119412373605,0.152191969875,0.159435094647,0.138960580100,0.102340140762,0.100506748440,0.085449412818,0.076326208016,0.083126527098,0.132255187487,0.253258533730,0.310607319209,0.232282937931,0.141008019395,0.046236252163,0.006221938458,0.004249727962,0.008535869636,0.014346504487,0.018394835190,0.018029147026,0.012169465284,0.009180573739,0.015446604396,0.091312511084,0.370067989863,0.473829497686
0.235961058091,0.181091044241,0.163375097002,0.122902637218,0.060616034285,0.024112660411,0.012632083298,0.010759836068,0.014249240165,0.033551032207,0.122575915988,0.366790784966,0.382232937581,0.118874557489,0.036933480745,0.034374481217,0.094447343079,0.236573098927,0.299297369271,0.206129473187,0.131505127063,0.097066540150,0.039491114305,0.004590943347,0.002432194103,0.002051850742,0.002880726251,0.006842257718,0.030604056855,0.104515400076,0.213905267910,0.270965977252,0.203110267742,0.151785490766,0.172694340023,0.169441780586,0.151893588495,0.122420011411,0.104828451225,0.070669348862,0.055151392745,0.072637816099,0.135852314653,0.233608084747,0.205499993542,0.099917372581,0.049590535379,0.021661673635,0.004269871968,0.002214142315,0.003829518627,0.008521445981,0.010948572093,0.010369174097,0.007900679856,0.007556495396,0.011433166929,0.068927311498,0.359905715107,0.475187741312
0.238684944833,0.213047038424,0.178081705791,0.110454389911,0.057863647027,0.023807271265,0.010579174132,0.008278482673,0.013234518928,0.029538580107,0.078714498880,0.293482618042,0.669732295567,0.207111463409,0.019434051960,0.010285765004,0.030553599181,0.117416572867,0.245342344134,0.168460949562,0.066474901531,0.033185568780,0.008923870305,0.003442700772,0.003035590029,0.002154055442,0.002126679039,0.005008719404,0.030316321391,0.115237948387,0.182525786314,0.180630122357,0.137066905425,0.136749972460,0.192923050371,0.193772319285,0.174450655647,0.164209591637,0.131277031486,0.060861457599,0.033719806359,0.047705319262,0.113755500231,0.180860473416,0.108379337087,0.033756160711,0.022971617595,0.064582073542,0.028949899096,0.004898167749,0.004139622010,0.006261818303,0.005430950806,0.004404337158,0.003653359074,0.004640887720,0.008237923118,0.049778329131,0.315625828151,0.457271632463
0.225397360988,0.214482803781,0.169454103109,0.067877449474,0.029858639971,0.020099342772,0.014559423994,0.013288949756,0.019471298935,0.037408249491,0.071096016842,0.224865586747,0.685428549576,0.409632549814,0.048576721163,0.013624890134,0.025673127192,0.077891909924,0.129726491119,0.088903710615,0.030985241016,0.011553516606,0.005435227144,0.005559372336,0.005209406015,0.003292763320,0.002622575961,0.005914589210,0.031740242360,0.108168537409,0.141417435723,0.117149698831,0.080586265449,0.098031391324,0.176285867953,0.202029515299,0.200485290494,0.204413819382,0.154221941130,0.071791987251,0.038355201026,0.051029300554,0.103039533296,0.119809422597,0.053613400716,0.014237697363,0.006088821504,0.018432889995,0.061173768455,0.031696413122,0.006994855188,0.006405902258,0.004166660139,0.002333485492,0.001424210966,0.001749454301,0.004356014445,0.041925171906,0.283094252506,0.422293683604
0.249975524389,0.224726584104,0.090226093555,0.022963455025,0.008337994904,0.007095522525,0.012764951367,0.022046931657,0.029998991666,0.038751159179,0.053090349662,0.249107493030,0.761916986713,0.358833891749,0.046276120490,0.018397443657,0.037344916452,0.091587599110,0.082799637089,0.044505524016,0.021445010894,0.016447725223,0.013876678238,0.014351431455,0.011379081414,0.006312583593,0.003825594113,0.005536148754,0.022257221982,0.062477531474,0.077841684664,0.068923101273,0.051282081870,0.074724446050,0.153076716553,0.201276737319,0.233589512920,0.251344759978,0.174162030372,0.078748963074,0.038986836693,0.045522840854,0.074902791781,0.072773090334,0.030180467597,0.008981360793,0.005117037614,0.008218395926,0.055247119427,0.040598492595,0.009893978987,0.007141917002,0.003635634459,0.001422156777,0.000627482445,0.000681748824,0.002229101454,0.029679279651,0.200561400152,0.326311778336
0.187984938190,0.168176674966,0.041798791940,0.008465095875,0.002712430627,0.001482843075,0.004090134586,0.013723099167,0.022455543979,0.028860207685,0.049005117840,0.335764350381,0.807907181815,0.255471768684,0.031249944700,0.014546893485,0.029964658253,0.061510599687,0.050708832748,0.023680456549,0.012483441765,0.017269271650,0.024195600008,0.027108039376,0.018691744540,0.009662397636,0.005043954190,0.004819518954,0.011818758885,0.025903120839,0.034264258651,0.035563845254,0.029866847147,0.048872322369,0.105130171000,0.162614111749,0.228276571558,0.266350387059,0.174074759943,0.074056874183,0.034886087484,0.036960525919,0.052894905318,0.046340138059,0.017358627919,0.006562663849,0.007004090263,0.011740899046,0.018459985235,0.009347124429,0.008951040826,0.006385404481,0.002377845322,0.000651613982,0.000224187378,0.000201173064,0.000708511093,0.014466868795,0.126901369597,0.244734687815
0.115383624508,0.065742936579,0.022080676237,0.006737493879,0.002285775130,0.001224733867,0.002763987165,0.005891938702,0.007837542898,0.012782128542,0.077875242615,0.655298001823,0.663390608350,0.107004703939,0.020699958993,0.016405157956,0.033973421063,0.068195800771,0.049239211546,0.014136728798,0.004771865505,0.007424879680,0.016186606547,0.028670673279,0.023756065186,0.012778601242,0.006912612384,0.006018381635,0.012039130752,0.025451027725,0.039487465569,0.039626963325,0.024961150576,0.030748157828,0.064468117203,0.130968072070,0.227345927424,0.255096983603,0.160873879149,0.070679694191,0.037321114489,0.039860243034,0.054652289995,0.040431978071,0.015073832734,0.006810671290,0.007493626834,0.006589948846,0.003720819564,0.003274856719,0.004688342498,0.003353793465,0.001415703219,0.000418670448,0.000153077422,0.000116146689,0.000343635201,0.009588859815,0.100633406804,0.189664754597
0.072021641607,0.031277766725,0.011360760611,0.004604090124,0.001779633838,0.001131387472,0.001953029177,0.002178719396,0.002414819297,0.004645838943,0.048132618806,0.723300921556,0.644584404264,0.056911416812,0.011039068730,0.015073016728,0.031829807450,0.045628473708,0.045975470834,0.013607776152,0.002140702793,0.003801279872,0.011221140139,0.025935223197,0.023034959692,0.011563101840,0.006271812723,0.006137975222,0.013117266386,0.029488965175,0.055303385643,0.056024814440,0.026990417370,0.021715657625,0.041716396576,0.107745076434,0.202699404468,0.202477707198,0.119242506465,0.048393690447,0.025993935369,0.029650262535,0.038656606088,0.038287230388,0.018259556747,0.007026077767,0.004499985419,0.002189837893,0.001230829946,0.001422668735,0.001764926431,0.001192323007,0.000544368569,0.000181122751,0.000080451730,0.000064540184,0.000196064711,0.005967428077,0.068500076856,0.126199563790
0.049689795581,0.014862712961,0.006149615088,0.002866284650,0.001183933209,0.000719705468,0.000712690274,0.000650351398,0.001048889784,0.003372155279,0.079045214043,0.837610121989,0.496375594168,0.026979341658,0.007540722956,0.014712346332,0.030855770466,0.029415168318,0.027073251328,0.017549201918,0.004262437244,0.004926839851,0.012176095794,0.026278862271,0.025494962990,0.013653919425,0.008196257111,0.007885759431,0.014346457848,0.028127991140,0.052768548879,0.060211259248,0.035218442139,0.026503214655,0.041673481064,0.090715105443,0.163578213784,0.167528030646,0.095304603260,0.035244247523,0.020125778626,0.022345732417,0.027719350410,0.031382521980,0.017243517505,0.007281445337,0.003424670474,0.001253801860,0.000749264350,0.000979178056,0.001231872281,0.000836559670,0.000343681832,0.000116556360,0.000058447109,0.000072028314,0.000140991833,0.003831072322,0.050528173570,0.108306476007
0.051762667810,0.016377479996,0.006270858106,0.002503730378,0.000912346239,0.000430097384,0.000280324988,0.000260901840,0.000520724928,0.002472525681,0.079266851050,0.864143960507,0.462153581354,0.019417619755,0.003894798366,0.008154108685,0.022215343146,0.023856575933,0.020180561185,0.016731731352,0.007992141767,0.009431729856,0.015713206058,0.025564241846,0.026922008195,0.015470234584,0.009737360036,0.010207264891,0.017749763895,0.030864725959,0.047195567873,0.050432976159,0.034792438078,0.031509242335,0.049459337486,0.095230788857,0.139574691016,0.125783288000,0.064395066413,0.023694537620,0.015883518336,0.017092284721,0.016781619317,0.016228345889,0.009995848455,0.005788341281,0.002872161181,0.001116325533,0.000789808622,0.001313076196,0.001933478810,0.001390305856,0.000633933379,0.000214779794,0.000150742595,0.000187317752,0.000158578699,0.003043285659,0.040073298218,0.096144422638
0.054719583930,0.020461785438,0.006347144393,0.001677360163,0.000482899041,0.000222806571,0.000149508788,0.000155645438,0.000263222022,0.001419214458,0.097660239054,0.917515391365,0.350849572954,0.011552392904,0.002919764015,0.006348542994,0.018504592898,0.021562359248,0.013972831088,0.007080913927,0.004965556416,0.009523151959,0.014939218986,0.022936139082,0.028410754670,0.018833160743,0.013033143417,0.015289071726,0.026550415898,0.037732698857,0.034842427893,0.027134544672,0.020819254565,0.030247473260,0.059827001515,0.108005343677,0.119490310860,0.087010459054,0.042004149189,0.016937233459,0.013388410058,0.014057205098,0.010367108817,0.007616570706,0.004434256567,0.002632590689,0.001513253742,0.000865952612,0.000890360140,0.001769039533,0.002637715169,0.001846399001,0.000634714509,0.000165214468,0.000062132122,0.000050000000,0.000188491216,0.003833069847,0.033589697468,0.074493478335
0.081878260951,0.038718324509,0.007098764050,0.000818258112,0.000223964006,0.000138101209,0.000112333923,0.000123492533,0.000184540965,0.001012364501,0.080968220332,0.902399194183,0.395554188078,0.011954637004,0.002262003052,0.004391854066,0.015264741029,0.025402696967,0.013085109973,0.004996860368,0.004087534996,0.008247545725,0.013287560797,0.019723035448,0.024495313391,0.018621371734,0.014114194209,0.019592868417,0.030860811386,0.032484760839,0.021856492326,0.017208051173,0.016988340786,0.033800748872,0.069181469149,0.111716861366,0.095311606455,0.050633861126,0.022844118329,0.011337307788,0.011628065774,0.012081245164,0.006393041670,0.002969857318,0.001342731529,0.000890052292,0.000970826502,0.001202051969,0.001854389529,0.003317701555,0.003654123703,0.002153693344,0.000772313399,0.000206821296,0.000070463301,0.000057015474,0.000208375357,0.002662421417,0.017791988138,0.050650513457
0.093325408129,0.050865476277,0.009763661232,0.000803949689,0.000154285232,0.000099665628,0.000092392184,0.000097461294,0.000122352391,0.001514345765,0.147987269158,0.944975442914,0.257526768772,0.007533281120,0.002360016411,0.004008192994,0.015011999685,0.028708028932,0.014943236980,0.006141467651,0.004414083757,0.007483606759,0.011552083656,0.017412394119,0.023148131915,0.015698158133,0.014029210353,0.022556994109,0.031978292169,0.026415259566,0.013529039159,0.009890286149,0.011496565992,0.030176269957,0.065724413843,0.095380190253,0.066660574232,0.027164838109,0.010478408666,0.005969722660,0.008689457878,0.012186396877,0.005795633991,0.001666384912,0.000509110284,0.000291892997,0.000415343739,0.000966834260,0.002395933370,0.004518745626,0.004241838541,0.002244538193,0.000896704173,0.000246884267,0.000079161291,0.000061425542,0.000176658864,0.001739311757,0.011736402010,0.038398514719
0.105063097137,0.059600533686,0.008028813497,0.000529206485,0.000133472546,0.000099980003,0.000093030349,0.000094385086,0.000112096005,0.001895679433,0.209948122970,0.957435170353,0.147785398961,0.003878567858,0.002169868287,0.003620651213,0.015253338428,0.034009017965,0.022182848910,0.008444354919,0.004795489483,0.006901343898,0.010146662994,0.013936755443,0.016269462039,0.012198021437,0.014150526146,0.025746001330,0.034862340713,0.024543661870,0.009837301735,0.005922485093,0.006872358475,0.023317631858,0.061787210101,0.083071589042,0.045797150442,0.014153474640,0.004586371065,0.002834391614,0.005125175875,0.009651797137,0.004931546273,0.001159251698,0.000315321742,0.000166555589,0.000243551325,0.000682823479,0.001882931636,0.003680128785,0.003934669290,0.002396972415,0.001044901407,0.000285682470,0.000079008014,0.000056372196,0.000113351830,0.000906025095,0.007783750767,0.032701582203
0.113730690266,0.062028880332,0.008408642449,0.000640722825,0.000147271707,0.000100852936,0.000092995848,0.000091889007,0.000109758097,0.005031196718,0.429055595937,0.891843668576,0.055849376169,0.002985473597,0.002027719121,0.003044737084,0.014433403634,0.042096401421,0.034874580957,0.013057797799,0.006532073195,0.007232027320,0.008529768312,0.012182312584,0.011918448409,0.010844901160,0.015649769052,0.028444193058,0.039577989290,0.027013899294,0.008117093890,0.003250784100,0.003155044475,0.012767467766,0.049088930985,0.078678428914,0.041654879628,0.010834206976,0.002949213105,0.001791186712,0.003123184408,0.005265583346,0.002617500414,0.000715105892,0.000249922709,0.000140861343,0.000194174683,0.000539549856,0.001394103994,0.002687826378,0.003189216875,0.002206898334,0.001048992344,0.000320302524,0.000092454589,0.000064163646,0.000129746088,0.001142574371,0.009191898876,0.035858935659
0.119411955318,0.058948016990,0.009396745733,0.001001091438,0.000239651262,0.000135338562,0.000103981690,0.000093262797,0.000136481171,0.013113679332,0.704085565047,0.695780746507,0.029422245205,0.002649119363,0.002306461353,0.003808658050,0.015892422287,0.040192870535,0.038597572355,0.018691760592,0.009803062465,0.008328462440,0.006946220845,0.006895126979,0.006881008613,0.008840052849,0.013708337672,0.026235359850,0.040581226272,0.030356537529,0.008941778034,0.003079895931,0.002729366579,0.010314193133,0.041284393890,0.070490423653,0.041562617644,0.011882780544,0.003419535965,0.001897718359,0.002327206649,0.002953568232,0.001440802086,0.000451535989,0.000189482797,0.000117195970,0.000153490844,0.000391292244,0.000979333614,0.001917098897,0.002234787018,0.001518920955,0.000777615265,0.000337991547,0.000124943388,0.000092874717,0.000174730528,0.001077917406,0.008728334983,0.043438530335
0.112530360229,0.061726928935,0.009432653569,0.001140906185,0.000317396400,0.000164577234,0.000129518578,0.000113958630,0.000230908249,0.030560343625,0.863906271050,0.485359522205,0.015976385644,0.001434601031,0.001725777959,0.004063545320,0.016279980141,0.033735367379,0.033260814505,0.019284194639,0.010254713029,0.007183532838,0.005009468234,0.005489691886,0.004582976622,0.006037986610,0.010298520887,0.022003302893,0.035481716083,0.028892649233,0.010085151170,0.003976753981,0.003575846087,0.011137210895,0.036669780196,0.058651336782,0.038479717625,0.014972658705,0.005539976082,0.003095745328,0.002742199116,0.002167753771,0.000933431419,0.000273616967,0.000107574308,0.000069251644,0.000077270232,0.000148688308,0.000365530351,0.000822290975,0.000993625960,0.000693072555,0.000533099822,0.000334205357,0.000097648253,0.000082402429,0.000147471993,0.000751958865,0.008509657980,0.043536908587
0.099817288865,0.050415040482,0.009385441723,0.001340689067,0.000312626607,0.000144270131,0.000131908030,0.000138362911,0.000536826148,0.054777249212,0.921336993924,0.367310810464,0.009197324773,0.001046456867,0.001416213404,0.003804763959,0.013433858218,0.025461190150,0.027175932197,0.016798125093,0.008776627286,0.006673336483,0.005845077419,0.005191807782,0.003655807887,0.004709463837,0.008234439655,0.018641887515,0.031124477729,0.027400971218,0.011586553164,0.006119294882,0.006473909171,0.016767640252,0.038692054278,0.050748915614,0.034813199708,0.017985890018,0.008209307491,0.004102832402,0.002691810275,0.002178718934,0.001070611927,0.000275621736,0.000073754931,0.000052217731,0.000050000000,0.000058619023,0.000116148270,0.000326029602,0.000477501116,0.000302095391,0.000164319085,0.000115156487,0.000083033762,0.000097180610,0.000192659682,0.001117136147,0.007818455736,0.042897340223
0.094555007721,0.051735934486,0.007505167597,0.000993524158,0.000212615751,0.000100072271,0.000116532301,0.000168901065,0.001123035949,0.097182657902,0.966290168899,0.211583777217,0.003750801754,0.001118970829,0.001354660349,0.003274742449,0.011170059969,0.022394800578,0.022739839010,0.012795419067,0.006491909425,0.005312730584,0.005118264025,0.004957253545,0.003587110534,0.004302915368,0.006149205035,0.012513190301,0.023063409003,0.026349164293,0.014266855036,0.008716836510,0.009051919886,0.021082659534,0.043363056689,0.055545372095,0.040087360191,0.023772829715,0.010508038631,0.003975442107,0.002178239763,0.001891042883,0.001117835539,0.000291479250,0.000059306568,0.000053377221,0.000050000000,0.000050000000,0.000060371426,0.000176348786,0.000324293756,0.000188861593,0.000070625407,0.000060043849,0.000054394715,0.000068856541,0.000171125597,0.001147036342,0.006645747014,0.035032328687
0.087638135798,0.051143528734,0.006100876417,0.000488026021,0.000104042132,0.000067351913,0.000089944516,0.000199585605,0.001452546859,0.125620867084,0.978626873921,0.124332777380,0.002221117290,0.000990877076,0.001163538845,0.003377819588,0.011832637090,0.020842002464,0.018011775014,0.009708556541,0.004995504575,0.003981008391,0.003701986798,0.003829223521,0.003488466968,0.003863608940,0.004695459419,0.008648130956,0.017126749688,0.024830348281,0.016684089402,0.011454049296,0.011103975300,0.023283719333,0.046919283169,0.067665255586,0.055085490957,0.031858875431,0.009948759490,0.002577302869,0.001342370314,0.001569331424,0.001474184600,0.000558741102,0.000096585376,0.000050000000,0.000050000000,0.000050000000,0.000051877062,0.000204292951,0.000559819041,0.000373080298,0.000082154022,0.000050000000,0.000050000000,0.000050000000,0.000069986230,0.000864436209,0.007354429696,0.035119879043
0.091703913447,0.058947685998,0.005378506430,0.000357734623,0.000092358084,0.000064333162,0.000102912123,0.000318390487,0.002465829426,0.169992158058,0.975074003414,0.097277918533,0.002096418275,0.000860009102,0.001047784528,0.003722985857,0.013995376824,0.018268490115,0.012732149793,0.006339477006,0.003363706023,0.003217001923,0.004440790247,0.004219644402,0.002690228187,0.002846642244,0.003788646690,0.007884970793,0.017301648579,0.028624847882,0.021016595239,0.015298306140,0.013907468772,0.025942202390,0.050273368561,0.077382165241,0.067013285931,0.035774595142,0.008426814799,0.001667611914,0.000828217620,0.001159681198,0.001382653994,0.000643719077,0.000135138429,0.000053344897,0.000050000000,0.000050000000,0.000064991061,0.000225162121,0.000476638834,0.000366415448,0.000117276726,0.000056341284,0.000050000000,0.000050000000,0.000097322232,0.001280281132,0.007070512779,0.029673402242
0.078625149882,0.049872673469,0.004594325986,0.000381585307,0.000124888372,0.000075674342,0.000132691209,0.000476412772,0.003056037168,0.142115442600,0.980194486521,0.107179369110,0.002359858404,0.000864718937,0.001008805259,0.003905182744,0.015072507745,0.015241993800,0.008236465954,0.004156776998,0.002505717296,0.002703133209,0.003253596574,0.003552282034,0.002317883801,0.002694107675,0.004605302327,0.010453909334,0.021145328170,0.034225389409,0.024765405061,0.019010289768,0.016664562216,0.027396641985,0.049319889991,0.079998305392,0.075224162532,0.038912754544,0.007605013333,0.001317813526,0.000658611778,0.001075364458,0.001327367296,0.000577659996,0.000128290183,0.000057932990,0.000050000000,0.000057424401,0.000122002516,0.000351302241,0.000636046858,0.000494165931,0.000174174135,0.000061583390,0.000050000000,0.000050000000,0.000063002755,0.000481294134,0.004246519744,0.025024680652
0.068578642092,0.046253038513,0.004831618086,0.000421663803,0.000141484774,0.000085836089,0.000148713833,0.000569751559,0.004041147352,0.179426268398,0.972974590152,0.126571503602,0.003169964701,0.000801838266,0.000906680763,0.004070268348,0.015692615481,0.013599442328,0.006577820584,0.003064716370,0.001847898497,0.002460781017,0.004403187985,0.004248944779,0.002408084957,0.002939103492,0.005964627974,0.014817575039,0.027602548414,0.040443253823,0.025364894600,0.018909574018,0.016723201793,0.027754947644,0.051383383380,0.085693646573,0.080897101014,0.042395381577,0.008534610147,0.001553504420,0.000751587902,0.001238352900,0.001268785464,0.000415093607,0.000088311991,0.000050299833,0.000050000000,0.000058104919,0.000204121730,0.000698111191,0.001124771613,0.000654600801,0.000174013165,0.000060910653,0.000050000000,0.000050000000,0.000153681415,0.000979426296,0.003755147433,0.018511883496
0.059496432901,0.045074270085,0.003599690062,0.000306745826,0.000150254615,0.000101381291,0.000189697218,0.000749448836,0.003810133344,0.147058264605,0.982193427560,0.098154354333,0.001704934836,0.000474917366,0.000603047568,0.003939079870,0.018080914412,0.012284310987,0.004514899777,0.002215199859,0.001618736923,0.002124701894,0.003540727028,0.004691005334,0.002258591491,0.002522635910,0.006043393159,0.016327453235,0.029212292163,0.039633405269,0.022109955863,0.014620770668,0.012615806956,0.021206704522,0.039875660853,0.070942743147,0.075376908890,0.042938045611,0.008990344775,0.001450656834,0.000625052963,0.000899917441,0.000883119948,0.000319078446,0.000082821415,0.000050000000,0.000050000000,0.000062471646,0.000220281846,0.000742111002,0.001175098949,0.000726282526,0.000161467407,0.000050096358,0.000050000000,0.000050000000,0.000077701149,0.000361261100,0.001667787057,0.010825851969
0.053800265713,0.037164955104,0.003822466622,0.000415635638,0.000199786181,0.000120123749,0.000228276229,0.000988934699,0.004744720643,0.154569835998,0.982204219241,0.097752144447,0.001799882646,0.000489191574,0.000626743754,0.003416394679,0.015772032956,0.011426113959,0.004630590514,0.002575414721,0.002298150094,0.003113471894,0.003518008221,0.002748927394,0.001821021968,0.002523766058,0.006733186232,0.019228484108,0.031002249407,0.035991905001,0.019177098822,0.012994579984,0.011613957432,0.019439173582,0.034765718735,0.067329064991,0.070753521236,0.040151457153,0.009192534675,0.001544144887,0.000613428887,0.000751294984,0.000670650949,0.000272150654,0.000081778549,0.000064860579,0.000050000000,0.000067998268,0.000186446100,0.000548658307,0.000864214979,0.000592535551,0.000183126097,0.000062079013,0.000050000000,0.000050936708,0.000169472918,0.000869465907,0.002934329328,0.013089608429
0.056657807524,0.029855298412,0.003410861620,0.000505022499,0.000221763473,0.000120783551,0.000260824286,0.001249836216,0.006023675855,0.153549415368,0.982883345378,0.105188511342,0.001743307577,0.000477380386,0.000611076911,0.002748694661,0.012156545344,0.010060387328,0.005992204052,0.004168977832,0.003824753366,0.004042706862,0.003412066483,0.002299194763,0.001708661618,0.002831889015,0.007677885317,0.021881214373,0.031617010073,0.029167266473,0.014721686046,0.010776295501,0.010592899169,0.018213754035,0.031978762265,0.060393016733,0.065229145878,0.032446165675,0.007784359487,0.001503180890,0.000483791160,0.000486641176,0.000376566284,0.000185860256,0.000076764064,0.000088667881,0.000050000000,0.000050000000,0.000086817288,0.000375189095,0.000839397523,0.000715209337,0.000256608734,0.000083491069,0.000057400840,0.000062368465,0.000179936310,0.001331969047,0.005671307249,0.021804108369
0.058723406015,0.027327648956,0.002768722333,0.000371299557,0.000148173024,0.000093470672,0.000264185747,0.001311185135,0.006513229509,0.147525238364,0.983626958300,0.124099756214,0.002212456919,0.000461003241,0.000583259999,0.002132772460,0.009358039512,0.009450108372,0.007478081800,0.006130120172,0.005513840080,0.004697065211,0.003592420889,0.002438068325,0.002086773707,0.003362737556,0.008234536569,0.021978890684,0.028325231237,0.022093843845,0.011068162730,0.008719673601,0.008996857377,0.014869900785,0.025474169191,0.050225659763,0.058009979611,0.030325499508,0.007735102351,0.001740001311,0.000506288162,0.000344310765,0.000164442439,0.000080959551,0.000058964497,0.000089025918,0.000050000000,0.000050000000,0.000070291825,0.000224908676,0.000489818050,0.000513349317,0.000253060796,0.000121662122,0.000087330339,0.000095012564,0.000183879398,0.000710750903,0.003024739958,0.018950006663
0.058542677349,0.024812192566,0.002278586415,0.000234709676,0.000102192685,0.000088140866,0.000283875121,0.001287077297,0.005744771471,0.112855738666,0.975811941995,0.203824917490,0.004641097674,0.000571747928,0.000784067365,0.002930100474,0.011016397552,0.010771855370,0.009226176408,0.007888001486,0.006890208547,0.005579416669,0.004124622396,0.002806402259,0.002527163764,0.003558495035,0.007909231363,0.020904371960,0.025707395770,0.018109877045,0.008688649537,0.006817600428,0.007046936676,0.011262333187,0.019138547929,0.039480222526,0.050493154269,0.028753186316,0.008641142958,0.001994178363,0.000649926188,0.000312023317,0.000100539739,0.000053998505,0.000050943031,0.000069262748,0.000061188256,0.000051792568,0.000097708455,0.000289120521,0.000477659758,0.000408559868,0.000200055474,0.000128205351,0.000131535540,0.000228443393,0.000465822009,0.001943783576,0.006538946516,0.025688942987
0.057144117837,0.022406282315,0.002056517688,0.000195146050,0.000085935890,0.000073899355,0.000211701160,0.000864949686,0.003941249140,0.088376175348,0.956304201953,0.292786536631,0.008008751493,0.000966630785,0.001515226933,0.005607046043,0.018375402909,0.013880244817,0.009323154018,0.007526270532,0.007245375512,0.006989747852,0.005489914345,0.003894655875,0.004053495537,0.005327917395,0.009101203503,0.017966875101,0.018491564028,0.012096984693,0.005968249908,0.004939850085,0.005478579118,0.009272129291,0.016177740028,0.033927485013,0.043348082418,0.023659333535,0.007448081503,0.002077998051,0.000803275131,0.000309659453,0.000069920613,0.000050000000,0.000050000000,0.000051874928,0.000054198233,0.000071856788,0.000176882942,0.000543025311,0.000836933750,0.000670552232,0.000328472947,0.000215821717,0.000245958243,0.000561875650,0.001521000821,0.005121151273,0.011022197311,0.034458707063
0.063909007848,0.039236488719,0.004168588378,0.000233518849,0.000082900310,0.000080251407,0.000205312912,0.000727723823,0.003058109467,0.067759988286,0.911567679816,0.413128709683,0.015068438787,0.001844947851,0.003227494615,0.009607190185,0.021231728377,0.012079196089,0.007884550976,0.006939778765,0.007557014282,0.007951480030,0.007116119172,0.005198485944,0.005644599704,0.006725720876,0.008492064151,0.012558738252,0.013301235194,0.011862901913,0.008225676630,0.007797287660,0.007781167863,0.010615473862,0.016090078586,0.033165193767,0.038355146631,0.015925510681,0.004230222514,0.001165780792,0.000497679981,0.000216743543,0.000058956292,0.000050000000,0.000050000000,0.000069581993,0.000057023547,0.000105723093,0.000295533326,0.000912622086,0.001374696206,0.001180072447,0.000784926738,0.000902076472,0.000814563417,0.001655546443,0.003390582429,0.009503565008,0.014165043936,0.027558402686
0.068369496061,0.051125572679,0.006522004899,0.000343581967,0.000088923454,0.000123100756,0.000339066374,0.001117028491,0.004332520510,0.039800117925,0.636837041624,0.770674962484,0.039864113562,0.002564789037,0.004320951139,0.009044543123,0.015426576453,0.009361276255,0.007674767637,0.007595573120,0.008768300242,0.008707358503,0.007238598083,0.005813314718,0.006958329909,0.007406241472,0.006595255124,0.007241688999,0.008890000101,0.013546066331,0.016762064650,0.020589908737,0.015829811642,0.013764647469,0.016699739072,0.031691741339,0.036387438046,0.011538791274,0.001961922571,0.000438899656,0.000195791672,0.000102993598,0.000050000000,0.000050000000,0.000050000000,0.000050000000,0.000083190773,0.000204347822,0.000539919276,0.001476408121,0.002204875749,0.001770723102,0.000995735452,0.000619671967,0.000574107454,0.001368176476,0.002973735377,0.006253462160,0.009369531404,0.025946484870
0.075059309500,0.049781960556,0.004871349484,0.000272468460,0.000079830882,0.000135709049,0.000420184148,0.001361025593,0.004092382980,0.019416867654,0.410424910755,0.907274886238,0.082160770668,0.003304241637,0.004406938583,0.006754984887,0.009666986703,0.006921678917,0.007198259588,0.008005950330,0.009402434655,0.008650577181,0.007077146818,0.005748985932,0.005982239151,0.005316049229,0.004457003026,0.004732355588,0.006610192604,0.013202363601,0.021843729757,0.028832812342,0.017947951638,0.011433834118,0.012655793203,0.023549678049,0.030698389250,0.010467131355,0.001732726997,0.000374265282,0.000153289545,0.000076072413,0.000050000000,0.000050000000,0.000050000000,0.000054014972,0.000108166811,0.000256622970,0.000473752076,0.000889795112,0.001395947001,0.001519135351,0.001088165934,0.000667529327,0.000474451688,0.000614892425,0.000832269320,0.001762777391,0.004871588820,0.022255145962
0.075380327903,0.049788728790,0.004496909258,0.000188002293,0.000058834313,0.000101993695,0.000353956008,0.001087353980,0.003270090650,0.009905065951,0.254596149328,0.956216978660,0.139964030633,0.004443058540,0.004540405889,0.006494405269,0.008803036138,0.006180932080,0.006313838276,0.007110595586,0.008655939651,0.008322566209,0.006871928569,0.006143173859,0.006780535574,0.004307038739,0.003630543132,0.003866500629,0.005476490964,0.012413017345,0.024992132923,0.035508299393,0.018243129779,0.009138892868,0.009782807390,0.019258013248,0.030328068932,0.012951281358,0.002448919315,0.000524196889,0.000167285154,0.000069571068,0.000050000000,0.000050000000,0.000050000000,0.000064337486,0.000161635748,0.000353570566,0.000420144317,0.000522707720,0.000820402018,0.001180740061,0.001152945122,0.000739140246,0.000417130736,0.000335183606,0.000532437133,0.001228867591,0.003640025030,0.018347966857
0.087024828422,0.038610161453,0.002531838529,0.000126891980,0.000060354205,0.000104107341,0.000287150001,0.000639780555,0.002320302342,0.005254466197,0.105972206155,0.965454962821,0.233117940638,0.006090253437,0.005121803570,0.007010730675,0.008509516002,0.005283614443,0.004838944101,0.005558316957,0.007901709956,0.009397044565,0.008218819199,0.006946956343,0.006886998935,0.003964556089,0.003195568434,0.003008606587,0.004002070952,0.010212466796,0.026232599228,0.042820612491,0.018479626107,0.006930911313,0.006687114695,0.015313456579,0.032307113771,0.018076651796,0.003673543243,0.000745692453,0.000189140807,0.000067951607,0.000050000000,0.000050000000,0.000050926183,0.000084062591,0.000205188863,0.000340643819,0.000318538887,0.000426914293,0.000776827741,0.001039513278,0.001148606742,0.000791869044,0.000437333792,0.000259676653,0.000268393002,0.000624775919,0.002829962635,0.022190024115
0.089157513863,0.045442354596,0.003413182780,0.000167938746,0.000060193615,0.000082056815,0.000144448137,0.000290343936,0.001434892232,0.004262409807,0.074128300437,0.939027070692,0.335411222419,0.008055653639,0.005320317207,0.008414620689,0.011851246646,0.006593030794,0.004141706660,0.003876953517,0.007263080577,0.012334190335,0.013403794247,0.011437677356,0.010384647470,0.004600732845,0.003235091952,0.003027587690,0.004184439145,0.011217124066,0.027755652301,0.042003657943,0.016527789481,0.005735812000,0.005501717097,0.013990997814,0.036131916923,0.027648894336,0.007127403910,0.001611386703,0.000412977558,0.000142915998,0.000050829461,0.000050000000,0.000056064538,0.000092864411,0.000181850883,0.000198003712,0.000161076282,0.000297391403,0.000879070587,0.001498233301,0.001446819488,0.000913490952,0.000468832874,0.000292777549,0.000472211203,0.001276257668,0.004259423401,0.025470268770
0.090430824096,0.054380272950,0.005253168401,0.000231799189,0.000059388806,0.000055734557,0.000065104281,0.000135975224,0.000937813540,0.004137702959,0.040568974923,0.847481705313,0.533258386019,0.014365242355,0.004251252896,0.007553949372,0.013944238366,0.008778515422,0.004678076791,0.004858426384,0.008692305144,0.015442693116,0.018461055027,0.014185771062,0.014601916146,0.006611576459,0.002853812250,0.002796619624,0.004412836739,0.012590387305,0.027175907054,0.034912236468,0.014586599876,0.006182672710,0.007033697604,0.017278651760,0.040424556472,0.035198482993,0.010010389826,0.002397277280,0.000772762150,0.000381546703,0.000077049834,0.000083452087,0.000090700534,0.000091677426,0.000116569385,0.000102763038,0.000101185908,0.000297598617,0.001521376253,0.002975159263,0.002004336805,0.000901062416,0.000417643646,0.000315283415,0.000656014430,0.002076344323,0.007274120991,0.030894470471
0.094286583970,0.059537637263,0.005294687955,0.000162900966,0.000053827872,0.000050000000,0.000050000000,0.000087846783,0.000712031357,0.004114848221,0.035119757980,0.774654493273,0.637741448879,0.017917284011,0.002924609603,0.004775572035,0.011612981287,0.010862748485,0.007146857147,0.005400243194,0.007811750842,0.017294317236,0.021217060513,0.016418004416,0.012977554347,0.005385064211,0.002280297967,0.001912544724,0.002750986997,0.008035208424,0.020164198426,0.030207740092,0.015085177691,0.006904300088,0.007810965908,0.018406314798,0.038933535189,0.040327255759,0.012833070392,0.002730464848,0.000864749715,0.000511247594,0.000150868048,0.000136426896,0.000083716715,0.000067498901,0.000091072403,0.000096261274,0.000118221383,0.000457753496,0.002921869554,0.005382743094,0.002631653423,0.000845377252,0.000334439791,0.000210112525,0.000395324966,0.001253606455,0.005439365497,0.028313432386
0.089535191050,0.062768405677,0.008011007074,0.000239610130,0.000053697490,0.000050000000,0.000051107484,0.000091064169,0.000610038089,0.002932690762,0.025194786418,0.747481489830,0.668379511701,0.016338997488,0.002332269721,0.003873711621,0.010706182672,0.011829314812,0.007883411377,0.005525596783,0.007342907560,0.016029106516,0.021467290142,0.017513299021,0.013735429557,0.005167470309,0.002179101930,0.002146570379,0.003000828347,0.007148633059,0.015846833313,0.025319203207,0.014767081667,0.007343266934,0.008084441299,0.017885333606,0.035015998720,0.036291827507,0.013074322722,0.003357150319,0.001284120578,0.000917013936,0.000323113782,0.000153078083,0.000062235602,0.000056518375,0.000073099902,0.000087474305,0.000116789096,0.000381953769,0.002037087080,0.004241555425,0.002303515829,0.000726566611,0.000298966088,0.000203702770,0.000376111285,0.001109123485,0.004171317827,0.023810200581
0.073669587741,0.058247552631,0.012313006249,0.000556426868,0.000056610265,0.000063017787,0.000064698181,0.000087456451,0.000362630899,0.001264801053,0.030149045073,0.839853096064,0.542907361285,0.014904040968,0.002106716318,0.003902094851,0.011763714020,0.012120174148,0.007283489389,0.004953889753,0.006106678433,0.012335028418,0.017136832963,0.016404092505,0.018368332729,0.005300616276,0.002594448747,0.003299247758,0.004957002848,0.009925531207,0.015313149838,0.018356530713,0.009286077108,0.004776408385,0.006080897722,0.015441228640,0.031831315015,0.033828849100,0.013256653811,0.004583153152,0.002404706293,0.001943790067,0.000704308624,0.000196893544,0.000066188412,0.000051822015,0.000055961209,0.000060237699,0.000084029014,0.000253836441,0.001166850454,0.002536224371,0.001564588108,0.000544908666,0.000274737159,0.000274431172,0.000570022275,0.001406793116,0.004682414839,0.022888401118
0.083416138123,0.052025384308,0.009767099371,0.000503523305,0.000066184771,0.000078849198,0.000079400306,0.000074179531,0.000211552567,0.000571690278,0.041641197326,0.842835001666,0.531970810940,0.014916452025,0.001649900928,0.003745461661,0.012932147491,0.012430841990,0.006633023482,0.004431792550,0.005666343562,0.010849430421,0.014217984028,0.015588061457,0.019358965568,0.005143957170,0.002581339740,0.004122634543,0.006905693862,0.012502645451,0.014842962278,0.014754945909,0.006443407315,0.002895768145,0.003784761923,0.012065201644,0.031359289770,0.035437127614,0.010860062510,0.002925059376,0.001455811639,0.001492180955,0.001008526085,0.000471758400,0.000151467336,0.000080007249,0.000065844029,0.000059169481,0.000076216614,0.000195707641,0.000834699161,0.001859499146,0.001041094719,0.000349961692,0.000198907933,0.000272111280,0.000667247666,0.001561978704,0.004942427806,0.029074821246
0.078439947127,0.054164554281,0.010850340004,0.000573885454,0.000063363106,0.000068827490,0.000076571985,0.000058561076,0.000130171647,0.000328836106,0.033129445484,0.789068342476,0.608420878553,0.013794586145,0.001118755892,0.002562838662,0.008939235653,0.008725218834,0.005226761525,0.004100460850,0.006098699057,0.011058162423,0.012329394087,0.011948158829,0.018653977184,0.007776666682,0.002473030592,0.003928791900,0.006313847870,0.010487213860,0.012976037996,0.016510079988,0.008418986552,0.003214618135,0.003151973011,0.009527037169,0.029308489131,0.034491667537,0.007557852636,0.001410297823,0.000615147913,0.000718378868,0.000865863070,0.000829218624,0.000380914679,0.000176170749,0.000108477695,0.000081985308,0.000096158022,0.000214701748,0.000785042765,0.001432579734,0.000630008651,0.000184673649,0.000108646610,0.000204174092,0.000909251428,0.002382959314,0.006065559827,0.027397513739
0.071900903337,0.057326528239,0.013354190267,0.000759039016,0.000062993215,0.000050000000,0.000050000000,0.000050000000,0.000090996106,0.000242465600,0.034089947840,0.849908430385,0.520137790556,0.009403582492,0.001017032933,0.001765821311,0.004951774200,0.005013650203,0.004640216253,0.004886703960,0.007053530671,0.010088956002,0.010017330815,0.011309596006,0.017686179350,0.006920102656,0.002284689182,0.002700429394,0.003622110434,0.006249747472,0.010377306900,0.017454135084,0.011193450008,0.004767071400,0.004503024419,0.012102367922,0.033231427356,0.032715187573,0.006402554529,0.001048738095,0.000402716076,0.000418429337,0.000456327850,0.000481159327,0.000282102110,0.000178201707,0.000136192219,0.000107026112,0.000098026617,0.000159585428,0.000509270602,0.000922968484,0.000503130345,0.000201304969,0.000135371895,0.000335006398,0.001061932744,0.001881023093,0.004264984646,0.022477442814
0.073777533299,0.065911814569,0.009371777108,0.000298555307,0.000050000000,0.000050000000,0.000050000000,0.000050000000,0.000090797190,0.000321588152,0.040011058715,0.845166205964,0.527266369336,0.006897239485,0.001072979350,0.001588072067,0.003868219311,0.003908094919,0.004338641711,0.005165381252,0.007120807206,0.009416020226,0.009118898369,0.009544307962,0.013067967150,0.006600962724,0.002031317420,0.002107133348,0.002674603276,0.004559356476,0.008727330984,0.016965224921,0.013202009542,0.006909790447,0.007278423103,0.018058276785,0.040162929018,0.029433265926,0.005412153185,0.000872248461,0.000298601395,0.000218458856,0.000183375669,0.000204086868,0.000172904611,0.000162461963,0.000152127589,0.000107749988,0.000084847867,0.000122552070,0.000444434503,0.000986009047,0.000715950772,0.000374584973,0.000245828375,0.000254584367,0.000377591620,0.000520101803,0.001753031784,0.014311997704
0.070876284281,0.068769978824,0.008772196096,0.000202102622,0.000050000000,0.000050000000,0.000050000000,0.000051271512,0.000127325884,0.000409787287,0.033501309289,0.859365869964,0.504545733484,0.006688790596,0.001494988423,0.002123725510,0.004028784772,0.003323252764,0.003840591177,0.004653925055,0.005810169627,0.007344910414,0.007564241970,0.008255378012,0.010000926057,0.004415954242,0.001849429676,0.001912071676,0.002230585913,0.003800379294,0.007909035939,0.016684306046,0.013555800867,0.007779032881,0.009601703668,0.025734739211,0.047170415825,0.024160731015,0.004589155278,0.001022814437,0.000424532695,0.000284328419,0.000162439166,0.000150328119,0.000119977198,0.000111069917,0.000110575526,0.000081565679,0.000069753916,0.000125855684,0.000484412318,0.001054448789,0.000890612766,0.000521329111,0.000330890075,0.000244983559,0.000186461513,0.000204859068,0.000886577288,0.011310142845
0.069410001933,0.065125959588,0.009092377560,0.000180002034,0.000050000000,0.000050000000,0.000050000000,0.000069861912,0.000290233848,0.000985674502,0.044911845613,0.899832279549,0.428009948526,0.008547093931,0.001943765507,0.002642813474,0.003982649095,0.002613899175,0.003248536514,0.004315822828,0.005456583698,0.006270563870,0.006389170042,0.006771924399,0.008075003556,0.004018817050,0.001960437333,0.002126367962,0.002649303526,0.004850516719,0.009839226238,0.017946394380,0.013893668435,0.008964982197,0.013093636566,0.033621403797,0.050476942112,0.022990288786,0.004809932499,0.001176246858,0.000556572412,0.000459736424,0.000290188461,0.000325460482,0.000244904822,0.000149671525,0.000107332512,0.000073122411,0.000062701137,0.000152573785,0.000684056105,0.001374855459,0.001033318446,0.000626017783,0.000398741681,0.000231660079,0.000151823863,0.000209883106,0.000943316083,0.011651657360
0.080465878576,0.063200707860,0.006479146912,0.000120247046,0.000050000000,0.000050000000,0.000051011934,0.000111807585,0.000721152763,0.002579434858,0.050769980566,0.850361003618,0.517841742105,0.009369235366,0.001853821691,0.002029473017,0.002601384045,0.001938242555,0.002881956398,0.004460288428,0.006580369601,0.007595050966,0.007405503719,0.006951440617,0.006878283095,0.004302426419,0.001899719130,0.002034586302,0.003053462260,0.006950973316,0.014385852652,0.019769346859,0.011896774957,0.008163324434,0.014977594047,0.041518397149,0.059334117475,0.026955919105,0.005404201108,0.001046494288,0.000377507665,0.000362538513,0.000389008998,0.000635584734,0.000516200548,0.000246251281,0.000116579470,0.000071807947,0.000071231392,0.000344610045,0.001547547071,0.002175457725,0.001376275444,0.000839728705,0.000602628028,0.000460816105,0.000276422658,0.000308294787,0.001257230043,0.013235173726
0.069490327316,0.047964839490,0.004442519443,0.000092387165,0.000051031130,0.000050000000,0.000053471204,0.000105056467,0.000630881529,0.002301965547,0.089551913749,0.926571001701,0.358327834562,0.005725679054,0.002733324923,0.002288401405,0.002008110168,0.001285766715,0.002051883437,0.003918028938,0.006787260879,0.008068042409,0.007984210847,0.007480708569,0.007638445305,0.004841599307,0.001828510448,0.001957289459,0.003040138840,0.007431518313,0.014701075804,0.015418921971,0.007750735964,0.005983797067,0.013898158063,0.043643508150,0.062265800443,0.028515766352,0.005689783185,0.000939979941,0.000263110709,0.000250348625,0.000411085507,0.000958807712,0.000873141160,0.000365094556,0.000127410170,0.000068078310,0.000074987808,0.000424870522,0.001416374822,0.001546863731,0.001250034050,0.000952753964,0.000628299399,0.000555220077,0.000523779194,0.000941809133,0.003189379449,0.018992467860
0.055103649113,0.045059754924,0.004931648719,0.000114806205,0.000055583655,0.000050000000,0.000051883898,0.000088539563,0.000530681545,0.002163496057,0.086460833253,0.920594242408,0.375876895523,0.007192316386,0.003112116981,0.002020652727,0.001298171889,0.000812200625,0.001593017743,0.004093615769,0.008546689854,0.009650608257,0.009109325787,0.007786732246,0.009459348573,0.005807584697,0.001579299180,0.001673132285,0.002662991026,0.006764144388,0.013949498094,0.014895625643,0.007847136239,0.006467411803,0.015121232393,0.045457227969,0.062891475466,0.028662416877,0.005766733905,0.000840317889,0.000210104374,0.000182670878,0.000336241957,0.001025469618,0.001139265574,0.000434950436,0.000124546948,0.000063528986,0.000080029773,0.000491037132,0.001402067808,0.001550520054,0.001445534362,0.001114951736,0.000770039301,0.001190069299,0.001470380266,0.002609077138,0.005342572909,0.020478581774
0.037024725265,0.037670633562,0.009789732691,0.000425394779,0.000064181810,0.000051777838,0.000050925225,0.000087773560,0.000587473382,0.002410351328,0.049267726172,0.904068420829,0.422696004401,0.007049123758,0.002653084091,0.001793491783,0.001176439929,0.000877363589,0.001956201176,0.004546895395,0.008809513703,0.010404975946,0.009750707044,0.008022933115,0.009113158714,0.003860522609,0.001514967390,0.001885693793,0.003102531526,0.006938928545,0.013070258520,0.016394684916,0.010803905556,0.008765556569,0.016748783842,0.041718509729,0.056362446477,0.027192066417,0.005961447492,0.000880912606,0.000217864497,0.000166896526,0.000279213478,0.000957101403,0.001121927503,0.000357529047,0.000089046480,0.000051675026,0.000064508369,0.000275087294,0.000808587288,0.001484750747,0.001797351367,0.001295224909,0.000834549521,0.001455485007,0.002115261268,0.002550023196,0.003264580675,0.013940740327
0.024505726158,0.033963701967,0.015794081121,0.000931224213,0.000077973152,0.000056276271,0.000052302188,0.000097138128,0.000569963326,0.002289269803,0.064997373155,0.909842484212,0.411449933251,0.008151082403,0.003526657270,0.002900111228,0.002224719981,0.001795453318,0.003726686299,0.007816857570,0.011919915104,0.009648943847,0.008245939241,0.007458383222,0.011018841501,0.003490360817,0.001611622121,0.002476297887,0.004382902417,0.008322044145,0.012816974277,0.015532740314,0.011798009659,0.010010152703,0.017808799895,0.039310339240,0.047539657917,0.020710508108,0.004281847102,0.000614422966,0.000163271768,0.000124274917,0.000218440750,0.000901431747,0.001255382874,0.000411328494,0.000090911307,0.000051859925,0.000052163002,0.000145524331,0.000448239450,0.000962009866,0.001455255387,0.001231264531,0.001075692987,0.002541909263,0.003314747202,0.004799161130,0.005042206123,0.013201586221
0.021480329560,0.029772151477,0.015173173018,0.001176360128,0.000086609726,0.000059680332,0.000065269026,0.000166981044,0.000887374640,0.002889596011,0.045375165511,0.852207072591,0.527223660043,0.014389201914,0.004786950755,0.004042389214,0.003510043502,0.003049564212,0.005417776669,0.008549751812,0.011473753471,0.010437517409,0.008545042588,0.007438087271,0.006879620351,0.002542672972,0.001815005431,0.003028159125,0.005343885270,0.008652258601,0.011814512193,0.014969879032,0.013356321692,0.012098152762,0.020705829836,0.039495349599,0.044203963767,0.017753725225,0.003278979907,0.000429022225,0.000123150043,0.000113208960,0.000227163052,0.000856200332,0.001123577567,0.000423663849,0.000100997761,0.000050000000,0.000050000000,0.000066509370,0.000161086927,0.000501763824,0.001022957777,0.001021715007,0.001368793512,0.002782922699,0.002283074714,0.003315508259,0.004849061450,0.011966983831
0.022841482384,0.035837767975,0.011736812649,0.000707079264,0.000071859118,0.000053418169,0.000068895775,0.000191160253,0.000814004883,0.002176799647,0.030164471297,0.758702989993,0.659166699142,0.018898036490,0.005139747929,0.004349045568,0.004757546881,0.004529174684,0.006509069880,0.007910691990,0.009488073322,0.009958125527,0.008234250370,0.007609771439,0.009425978503,0.005492593937,0.002639122394,0.003253219929,0.004371453577,0.006242158249,0.009202799576,0.013263340557,0.012770214379,0.011276278199,0.020147351158,0.035956981066,0.040016058826,0.015191448247,0.002376649170,0.000303028545,0.000101101122,0.000111384223,0.000206923590,0.000617472769,0.000715058793,0.000328455116,0.000088895461,0.000050000000,0.000050000000,0.000051889743,0.000110243612,0.000363365198,0.000632159646,0.000514917156,0.000736684269,0.002142018513,0.002193271649,0.001768522475,0.002139266262,0.008836353257
0.022664368600,0.052793558751,0.016150985728,0.000575336614,0.000050999169,0.000050000000,0.000056453020,0.000148227425,0.000568321170,0.001258678062,0.025462963367,0.659874232577,0.760985290660,0.023588321624,0.005199513002,0.004098310386,0.004752407229,0.005137226563,0.007596926474,0.008076529322,0.008679013835,0.009761491152,0.008642738540,0.009618051152,0.012146385857,0.012359082063,0.003438384690,0.002252980803,0.002447653882,0.003569591918,0.006401675220,0.010624082442,0.010687342279,0.009262635604,0.017794809968,0.031266127922,0.037052028286,0.015415200309,0.002022488416,0.000201194246,0.000068023505,0.000091845828,0.000167003252,0.000555963622,0.000552704296,0.000268904572,0.000078386230,0.000050000000,0.000050000000,0.000050000000,0.000096467254,0.000391632929,0.000651325628,0.000685492049,0.000963096398,0.001691222846,0.001673261000,0.001186068618,0.001419518102,0.005684136440
0.026975520601,0.054600088105,0.019350593485,0.000686478925,0.000052179956,0.000050000000,0.000069662538,0.000244456288,0.000888918703,0.001514505794,0.017558254011,0.606977740767,0.807943054758,0.028636425903,0.004680076324,0.002916078434,0.003528409844,0.004723768924,0.007789923067,0.007112865346,0.005830245277,0.006614429214,0.007454104876,0.011326311243,0.019311106197,0.015204026073,0.003566796510,0.002043791957,0.002203873182,0.003217237562,0.005506434380,0.009727748785,0.009699557464,0.007863908047,0.013505052131,0.024338687906,0.036746198373,0.018193337243,0.002294988929,0.000208884695,0.000069315099,0.000112736041,0.000219405375,0.000703760330,0.000433912467,0.000137880720,0.000068117395,0.000052148642,0.000050000000,0.000050000000,0.000063172713,0.000306827744,0.000877700001,0.000950722585,0.000982278352,0.001772690690,0.001625732090,0.000821485580,0.001054630572,0.005387826527
0.040978731914,0.052006260686,0.009986903443,0.000603054766,0.000106925563,0.000072490042,0.000161336101,0.000439867258,0.001129316409,0.001626833036,0.016293480403,0.488249081356,0.885934152930,0.038553111149,0.003819118270,0.002504850647,0.003768594538,0.005154914122,0.005905780196,0.003230827593,0.002587103074,0.004158220683,0.006464156780,0.011695234221,0.017057529958,0.012153588289,0.002780966351,0.002685343369,0.005334389462,0.008101372888,0.007843913901,0.008837253422,0.007542966011,0.006660486784,0.011883416726,0.022430265697,0.038508369657,0.021375960240,0.003036595868,0.000319421407,0.000097317766,0.000097271814,0.000290576982,0.000552299844,0.000221932809,0.000075028281,0.000050000000,0.000050000000,0.000050000000,0.000050000000,0.000050000000,0.000178386369,0.000638664044,0.000806155303,0.000453301952,0.000278784092,0.000214825626,0.000242335717,0.000772420639,0.006653593106
0.045932963888,0.050095188151,0.012998798004,0.002227833646,0.000721173701,0.000363736459,0.000457055658,0.000612657191,0.001237872957,0.002116099096,0.013597844954,0.424625869186,0.916314358759,0.038486949494,0.001617891049,0.001587521872,0.003224953355,0.003913791996,0.003734911006,0.001319570378,0.001082005394,0.002586452604,0.005632176393,0.011356278268,0.012972063052,0.011943496029,0.004924021897,0.003334631014,0.012546145811,0.021675233531,0.009266499579,0.003810317016,0.002496251739,0.003805541691,0.012898737954,0.025261904785,0.031507625408,0.020256729081,0.004082049438,0.000453744157,0.000100390403,0.000067709936,0.000105769161,0.000146321625,0.000128130562,0.000142445549,0.000102439039,0.000052877067,0.000050000000,0.000050000000,0.000051312781,0.000196908705,0.001253020875,0.002762564731,0.001680604125,0.000566533632,0.000241783391,0.000258689418,0.001210569495,0.010354248473
0.040384925322,0.047341540104,0.017897678905,0.005343037810,0.002158144686,0.001588829936,0.002395788578,0.002700229047,0.004186413187,0.006867000034,0.020090074748,0.377536107296,0.936439137852,0.068010140987,0.002310146010,0.001342634230,0.001957604540,0.002747206535,0.005203404884,0.004474035169,0.002181923784,0.002610732912,0.004974789310,0.009400384229,0.018384845801,0.019499448275,0.006447967111,0.004463739397,0.011394243188,0.016980194726,0.010631809476,0.006317915820,0.004905750613,0.006803417115,0.017860763983,0.026024009208,0.023875548645,0.012782420434,0.003553711861,0.000526834920,0.000082478722,0.000050000000,0.000050000000,0.000050000000,0.000059024917,0.000107924195,0.000143047549,0.000112886732,0.000051356633,0.000050570169,0.000066289350,0.000184927625,0.000824457631,0.002543770013,0.002790742542,0.001319674567,0.000332471714,0.000207599954,0.001028908114,0.010835918265
0.025719940843,0.038221195714,0.014633526290,0.003464078643,0.002404345124,0.004260451141,0.008765507180,0.010637741715,0.013484966677,0.015714018891,0.027989305304,0.419265037171,0.923077211661,0.090186771000,0.005794505422,0.003484766185,0.004486417789,0.006381374883,0.009022552627,0.007418755764,0.004210303343,0.004139370082,0.006440846553,0.010021343006,0.017366150382,0.011986804652,0.006266015383,0.008798775735,0.017219261568,0.018840840011,0.013299981820,0.009173509793,0.007169260153,0.008950308020,0.018625434274,0.025868717860,0.023930643239,0.011911244907,0.004505970104,0.001257435277,0.000344577980,0.000135838466,0.000095131905,0.000093443322,0.000102504649,0.000124997713,0.000178697089,0.000226727095,0.000212854667,0.000264972504,0.000390629772,0.000833476252,0.002094237178,0.004154022338,0.003590191529,0.001787094155,0.000605225476,0.000424158065,0.001055365605,0.008809028217
0.009325715861,0.018695337927,0.011936520178,0.005145571936,0.005671154541,0.009561505989,0.018085719657,0.024063970381,0.028311460683,0.029738248735,0.043233564375,0.459065347286,0.910459943829,0.124171842889,0.011440028255,0.008473855513,0.012736409397,0.016293180379,0.013093548708,0.009671493054,0.007249937413,0.007635057490,0.010029380284,0.012754438949,0.021617673274,0.018778370636,0.008113477213,0.009785989235,0.018662869952,0.019700216115,0.016157440809,0.016327434474,0.016420114393,0.016851430118,0.025682874183,0.026882433653,0.023103483447,0.013321431446,0.007598454676,0.005028358709,0.004030265670,0.002778840421,0.001539580846,0.000820844046,0.000642507133,0.000631539991,0.000893801040,0.001244726931,0.001616990304,0.002747649720,0.004367856869,0.007482574381,0.012103857499,0.015565264632,0.011014481816,0.006941934424,0.003474667733,0.002331398272,0.002015778489,0.005462542622
0.013772735697,0.009600505173,0.005585231153,0.006765960336,0.010555349917,0.021928970523,0.045864345527,0.061444720179,0.060912114611,0.056801491292,0.057474095961,0.435637412442,0.916229327673,0.138675318250,0.015041091708,0.014660378738,0.031935835776,0.055272143928,0.047444576015,0.030914309927,0.016813023095,0.013689077766,0.017785337603,0.024246833292,0.033702816682,0.022013945061,0.011751904492,0.012345156911,0.023133100661,0.027885529660,0.030848787159,0.034699759680,0.038421404806,0.032897540963,0.037004971812,0.032353150606,0.028378397429,0.019884625850,0.016910693361,0.015217823747,0.016428852200,0.014851351595,0.009745469662,0.005935600502,0.005236262623,0.004200042111,0.004363905935,0.003969931919,0.004646645912,0.008467549849,0.014262630769,0.022932715200,0.031909044251,0.036720066476,0.028268006244,0.024238965767,0.014852374548,0.009791094531,0.008516258443,0.021910966123
0.025447259288,0.016134426604,0.008387992410,0.009160785271,0.015150476212,0.032646576649,0.067305619142,0.089152862974,0.083736775831,0.075577486639,0.071813558944,0.461919613145,0.901178957784,0.149025439090,0.022236290902,0.024677875509,0.055551757543,0.092400645220,0.080054400994,0.051774950244,0.028409852970,0.026193905620,0.039557524352,0.062870085271,0.084802266350,0.054068564087,0.030626266158,0.028969944680,0.043013046264,0.052622354918,0.058890306606,0.053733929299,0.047105195264,0.037831670314,0.044000610848,0.042290341619,0.038970116025,0.030763224391,0.028872991324,0.027785047831,0.034855432900,0.044357943703,0.034989634890,0.023347060567,0.023287878013,0.020561698204,0.018268252950,0.012138323894,0.009185743638,0.012719192918,0.020163283898,0.032226602076,0.040962581733,0.039380747204,0.031858014449,0.042912439911,0.048487591242,0.047857659815,0.040283885209,0.041692658486
0.046012935383,0.027560166782,0.015361271535,0.014256029084,0.020695546599,0.039092114589,0.070303748612,0.087053921930,0.081644696599,0.079560676141,0.128949763028,0.633005174064,0.767447057355,0.146517145298,0.044522020610,0.059382185811,0.123327716496,0.152447371633,0.101785423376,0.053529831655,0.040765502395,0.073056258326,0.106637671026,0.131689726784,0.171465065616,0.116310286050,0.065485320120,0.058091880400,0.074296499402,0.085243925624,0.086783082727,0.077107172679,0.061641863879,0.043715622667,0.045292148499,0.049086756351,0.056714934075,0.056311625811,0.052873314882,0.042987354941,0.048369747113,0.085561950869,0.091771827872,0.069275251875,0.067750596217,0.063171147844,0.042883995005,0.019372117829,0.009204275861,0.010043941135,0.015902293237,0.028915999131,0.043113720594,0.044264915900,0.043351164988,0.070522042903,0.091099150231,0.107212785037,0.090726028115,0.069021609823
0.058744777131,0.034703395147,0.020705822084,0.021071837550,0.029889612012,0.045806326952,0.053864538928,0.051055141365,0.045385145185,0.057191292581,0.192047038729,0.632828946813,0.639262770967,0.193170733378,0.063613398768,0.066847376756,0.153088912809,0.236494291074,0.227685903290,0.169718736126,0.113551144132,0.111551184288,0.149035150322,0.218648677615,0.279496526744,0.190086488236,0.105841078946,0.067907856963,0.074865789054,0.097121970442,0.110829054838,0.091165234853,0.064622789411,0.040264500598,0.037254582816,0.044717547939,0.067643692404,0.075155575399,0.059947217137,0.045295696456,0.062716179523,0.122503314999,0.136680625201,0.136311909489,0.154224883297,0.143869250824,0.073663799156,0.024553051826,0.007435286853,0.005169679009,0.007146058533,0.014026279660,0.026017612867,0.036250694843,0.051177354263,0.084212436643,0.098045661626,0.111814562056,0.104658581192,0.090780584857
0.093930706419,0.048030764863,0.022388443582,0.018296531235,0.024960089801,0.039714821802,0.047489510488,0.042966461765,0.034655489342,0.037645577018,0.145199870708,0.654233801770,0.625013486929,0.140368183304,0.047453748622,0.050385591994,0.110347562224,0.204847168031,0.207529772874,0.122701000580,0.063847176849,0.067978615188,0.129261190124,0.256718173547,0.307625370340,0.156492077001,0.066343425369,0.050021702831,0.073268358146,0.112520248832,0.139306860814,0.105374654705,0.061559012381,0.030810253010,0.026009988897,0.035888320155,0.060056323244,0.074496195472,0.057594024966,0.040421989245,0.055130718270,0.114861589204,0.140380783249,0.158766660255,0.182082439697,0.152997823081,0.084605452860,0.030793484484,0.009101690782,0.005279438516,0.007279744236,0.015308435769,0.029465765963,0.044934932333,0.070657985343,0.107994431978,0.095475300087,0.103012588044,0.107830311583,0.120839566142
0.109419600065,0.055050772316,0.024281393185,0.019984858569,0.026584696993,0.039992163427,0.045654739777,0.041562999711,0.033400669570,0.033734963090,0.079795427942,0.482919783471,0.740125435116,0.126204512603,0.023387358335,0.018379302582,0.051024507254,0.152421079505,0.209046393985,0.121721066746,0.053679537480,0.044245585549,0.092481242354,0.252660751314,0.337071765582,0.108511839296,0.031463295758,0.033162933844,0.067997797753,0.127968897456,0.175700160251,0.113618015794,0.052487265004,0.023651644346,0.021786591504,0.036860217628,0.070047740449,0.087511883691,0.059333034395,0.047084248774,0.077505294862,0.120937129318,0.104312377336,0.123442831247,0.199768048170,0.161722863072,0.080914718913,0.029489530056,0.010758316771,0.007486289047,0.011167391883,0.023103918775,0.039742687806,0.055423056725,0.079325285732,0.117177900380,0.095903329401,0.107297156337,0.113143706174,0.137735322874
0.070579560188,0.038947455584,0.030168066887,0.037865369581,0.045597640610,0.049092602598,0.045493865871,0.039881874887,0.030839709510,0.029626856990,0.055161303611,0.468123891974,0.766797105064,0.111919491914,0.015055059667,0.012227662380,0.037518165646,0.143269875324,0.229746738553,0.173646124143,0.075473916243,0.051711003467,0.080254489368,0.185786593279,0.238239055858,0.104224598993,0.029840839004,0.024775023389,0.067533854417,0.150364564376,0.203712371538,0.121923157900,0.048212250267,0.018451619618,0.017018858905,0.033796548471,0.086199494226,0.155535267518,0.103087411021,0.066271736825,0.072882275625,0.083642015832,0.078836952258,0.125353697443,0.216095310029,0.142460993264,0.064626797624,0.023736967643,0.013954969350,0.015893525643,0.025887994727,0.046843576082,0.064420981079,0.065930358740,0.057281959708,0.076993360997,0.087798274890,0.144526715249,0.152944398901,0.159342095300
0.056296518229,0.036203225000,0.036058366664,0.047397957365,0.049980185086,0.051251899379,0.046422998683,0.039448994973,0.028505118388,0.026378858176,0.073797608565,0.576885173722,0.550744564289,0.070297216862,0.016543589090,0.018115216479,0.047161790445,0.156142230558,0.237065596444,0.196874297334,0.117815428303,0.126027467550,0.153488554612,0.178267103983,0.151920634453,0.070172298568,0.021300091550,0.017829649115,0.074242496894,0.199634298853,0.254350296728,0.125972803614,0.039536569624,0.013478184226,0.013194299742,0.030293703718,0.099175956625,0.193265227397,0.160546805217,0.073936019334,0.051804830733,0.069881120845,0.084166082242,0.121183914836,0.192634575271,0.104137738874,0.041958887273,0.015432853964,0.013628829729,0.025537085838,0.051556697064,0.078765520723,0.076658570341,0.056235416626,0.038840814202,0.047517975214,0.068403683843,0.170532885657,0.186945558571,0.148082876602
0.073595415970,0.046246095705,0.042273814055,0.051795138668,0.047222275532,0.045911518117,0.041836851795,0.038093510251,0.027945419828,0.024760445652,0.087061022865,0.692425087704,0.253962665318,0.030137482528,0.015441943437,0.022802067022,0.061593421352,0.184885924132,0.228789155451,0.143596400974,0.094525819728,0.123640276200,0.151872332270,0.142479425074,0.120751783897,0.041762533397,0.011173739244,0.008291956378,0.067730730079,0.235987167661,0.290276887936,0.133716403365,0.035260615021,0.011908600706,0.013701673436,0.035246507008,0.126179631340,0.242150293402,0.199477553407,0.075129440754,0.037229718968,0.047402578011,0.069520242878,0.113403558488,0.182972379018,0.099748690802,0.044742042960,0.017445181181,0.015636944953,0.028991819665,0.063025528428,0.096843545214,0.084221957998,0.053697305036,0.034666915351,0.040026416038,0.048919133450,0.134862710970,0.178938446906,0.158501850070
0.097556614904,0.049093273886,0.036380148151,0.040930050824,0.036596360635,0.036577378492,0.032859749420,0.035636666297,0.027998912548,0.020505689261,0.069734016371,0.718497513482,0.202382062691,0.012607896477,0.007713696637,0.019114451721,0.083055087560,0.238680712325,0.185746010777,0.080819441432,0.059455062133,0.109917712594,0.147207940366,0.114944724042,0.063372884498,0.017137572326,0.006477624681,0.005614955528,0.053419943398,0.222682397598,0.288918691021,0.147507847602,0.037681489351,0.012696924880,0.015947991160,0.045349433348,0.167531773252,0.281352783789,0.185097189583,0.063571303594,0.028548054732,0.029393100473,0.059451468499,0.104649259823,0.154595856955,0.096696506696,0.059010321073,0.028816297151,0.022390070457,0.030804762947,0.056477758208,0.083553082516,0.073062700838,0.047055839945,0.027425761267,0.026634036120,0.025390201282,0.071174857155,0.154434328083,0.202615987547
0.143826156755,0.072174912010,0.036725201636,0.024215391455,0.017706829193,0.021194308201,0.021148200476,0.023236166042,0.018062263291,0.012352399504,0.085216647771,0.797215058472,0.217144542521,0.006343673464,0.002950623088,0.007996426842,0.058901038779,0.234369125155,0.153801623598,0.045665858927,0.026612085886,0.036611249791,0.046281809587,0.051536998105,0.047758093586,0.023025054957,0.009938601447,0.003920824468,0.034486266779,0.168614546923,0.254095831906,0.166034399542,0.049462864893,0.016965042538,0.017933123275,0.043346142363,0.149370764846,0.230733741737,0.129271036722,0.043598866831,0.020594787275,0.027756331932,0.066160933084,0.101526947570,0.115587558697,0.081140207402,0.069621079322,0.045610512041,0.033626630041,0.031323295911,0.045060164504,0.055310344960,0.041489810671,0.024748285788,0.013716955210,0.012442341666,0.011296992411,0.030759875812,0.097275434213,0.187955910952
0.134692913352,0.066183728079,0.031867633571,0.013713066987,0.007750414624,0.009537426438,0.010392498199,0.011959304763,0.009357520157,0.007114945705,0.118803476784,0.855999625038,0.217041071531,0.005011577110,0.001988960331,0.005527066504,0.045670980878,0.202802404047,0.110633335686,0.018583616998,0.008477282161,0.010012795509,0.011494241951,0.017808427357,0.019751315222,0.008053049481,0.003092905593,0.002148870940,0.020577761154,0.110582208636,0.199839697270,0.158213965047,0.058605879546,0.024421757962,0.023770795605,0.047418658997,0.135093980547,0.177198346170,0.090910879131,0.029462434999,0.014512509606,0.023115494143,0.059540462948,0.084757457581,0.083497814326,0.065061284527,0.067108912022,0.051069588733,0.036537003474,0.025284883353,0.029895078414,0.029568117882,0.020671715378,0.012449345365,0.007169730856,0.006217209519,0.005430770463,0.015056108593,0.072957765341,0.166656317452
0.111031343006,0.052291807054,0.023420615153,0.006703451821,0.003151564184,0.004239743787,0.005904446770,0.007223963594,0.005649352624,0.003780807566,0.051794439569,0.839551275954,0.390143114726,0.008364017096,0.002166909965,0.004929147322,0.032370933521,0.130822888273,0.072857800620,0.010698879672,0.004727837243,0.005545254183,0.006938591973,0.012161962560,0.011530377866,0.002869185706,0.000820026639,0.001853511792,0.016652272270,0.083335287513,0.150052340104,0.136142146735,0.070376612375,0.045068316836,0.052185807749,0.086569609005,0.157695235514,0.127387117997,0.051946021870,0.016220094274,0.008702418069,0.015521119137,0.046392035739,0.071830762174,0.068851405599,0.061894920419,0.073782636290,0.061930796964,0.039308087572,0.018511472956,0.015068381316,0.011572211096,0.007749355598,0.005116483333,0.003275108859,0.003164909066,0.003485536017,0.012628919970,0.070800945257,0.154580376652
0.076894635648,0.041574802563,0.017722117901,0.003322441148,0.001039495303,0.001245004989,0.002438011816,0.003806065611,0.003055075558,0.002422551222,0.048245712654,0.765521243223,0.553355763046,0.015577067256,0.001944985707,0.004260992903,0.024523677753,0.076050310208,0.035630149991,0.007833484697,0.005640520276,0.005698315762,0.007024642248,0.017444635031,0.016898402792,0.001656022408,0.000479235031,0.001925017650,0.015170292390,0.066770456135,0.111604334568,0.110525748543,0.073105497791,0.063658010894,0.084188827083,0.131838529341,0.172170582006,0.092991511258,0.025791592710,0.006852152555,0.003819505713,0.008070220739,0.030942108952,0.059052529609,0.067500056884,0.068948840454,0.073311831588,0.049227045711,0.022421586446,0.007514342122,0.005220931362,0.003862851393,0.002617156562,0.001707984542,0.001091968543,0.001152247246,0.001924259062,0.011954229725,0.075938259898,0.136870470157
0.044184872050,0.032181788214,0.017177437841,0.003114979014,0.000572192607,0.000460011022,0.000945116206,0.001411386985,0.001091156557,0.001042565178,0.036420229689,0.758914038217,0.580907439422,0.016551492369,0.001099930788,0.002915211014,0.019049414304,0.062154788370,0.031186010760,0.006665566280,0.002870334622,0.001676181340,0.001308386444,0.002161454611,0.003955555654,0.002390448405,0.000660673537,0.002088112810,0.011397686020,0.041998690326,0.074788836105,0.087733060755,0.070168319126,0.072040567640,0.100704999569,0.146007832170,0.152954716045,0.061579835213,0.013342770036,0.003149453184,0.001845080171,0.004410838700,0.018684804410,0.040892339354,0.056785043809,0.063640727408,0.058275211121,0.028767417995,0.007677562181,0.001990082093,0.001819393419,0.001503311477,0.000935639111,0.000516387732,0.000283619189,0.000317392977,0.000855849843,0.008862844638,0.064011215100,0.096173633006
0.036615765493,0.029379184023,0.007472584059,0.000602979853,0.000150338154,0.000141380363,0.000259576951,0.000335964356,0.000309233720,0.000525484819,0.023320436532,0.565663576911,0.772755967206,0.029220824801,0.000833032972,0.001893751488,0.012981483526,0.047699102083,0.025835690989,0.002957712564,0.000555268117,0.000318681630,0.000513362464,0.001663724268,0.008071666677,0.006100266360,0.001375588740,0.002496509586,0.007631711696,0.021379587032,0.044804485425,0.068695349572,0.068825272945,0.080785008170,0.113817460142,0.143637726699,0.136598701630,0.056166066364,0.013541850398,0.002996663312,0.001807158615,0.004454370458,0.019566690264,0.045067574437,0.056823367736,0.055069293701,0.046260413687,0.019386106421,0.003806594299,0.001309829329,0.001456178611,0.000988832218,0.000454633900,0.000205948089,0.000110012538,0.000122673191,0.000341090508,0.004277081136,0.042930038501,0.079246337631
0.040586614295,0.013650391858,0.001414779558,0.000266340961,0.000132281342,0.000112086567,0.000125602160,0.000119921203,0.000141932557,0.000264951563,0.008413409210,0.331608986487,0.897484060970,0.053032361164,0.000682508754,0.000682937177,0.004772482384,0.022091304950,0.015865971787,0.001830541597,0.000194607611,0.000124587573,0.000293133440,0.001225325830,0.002594413778,0.003546314244,0.003364063581,0.004257477055,0.009079267014,0.019513323010,0.039915281178,0.065778681503,0.070136216440,0.079731796273,0.105243027749,0.121808116213,0.135157347532,0.080905119334,0.025414919590,0.005254104123,0.002956082489,0.006716707314,0.025783269148,0.053030255716,0.055255185311,0.044111989837,0.034017071572,0.014422443878,0.003481001344,0.002068554869,0.002277737988,0.001283987942,0.000534604578,0.000249868427,0.000133543302,0.000125276685,0.000217740224,0.002135011252,0.031363911950,0.086314010006
0.043901784316,0.015576897031,0.002289868853,0.000343593559,0.000145590537,0.000101417514,0.000077920432,0.000075607179,0.000081774112,0.000125045547,0.001959683723,0.134836957415,0.946457820290,0.127289332499,0.001525185599,0.000277075904,0.001901965927,0.014028245963,0.014430047518,0.001471547370,0.000082990739,0.000073912938,0.000222838181,0.001277589207,0.003840024399,0.006148578738,0.005029333774,0.005752019596,0.012551250925,0.025848660541,0.050843681928,0.072990360738,0.064659685339,0.060951100901,0.076911170472,0.097469546883,0.133198073869,0.097332711627,0.035142946428,0.007764955129,0.004458614840,0.009193604067,0.029353199925,0.050329752516,0.045411286158,0.032630448230,0.022922699848,0.009213675015,0.002626448109,0.001928002774,0.001991510377,0.001061366930,0.000426494655,0.000202085642,0.000110213563,0.000097597361,0.000146651724,0.001413891304,0.023034160852,0.079311456747
0.045817380988,0.012990410841,0.002369033446,0.000355138456,0.000125195580,0.000080410980,0.000064405547,0.000058416549,0.000060052628,0.000078825864,0.001308764222,0.133714932862,0.949392350510,0.144516759464,0.002280321376,0.000181226410,0.000901838429,0.006903932234,0.007993837227,0.001032501454,0.000071993252,0.000050000000,0.000134950834,0.000811141252,0.002496669353,0.005133759573,0.006191793748,0.007630066445,0.018187178623,0.036173632203,0.062143444581,0.069603302691,0.048014292331,0.040410983948,0.055520095127,0.085877605857,0.135094499805,0.098023888701,0.037498902221,0.010496013753,0.007122351646,0.013059491514,0.032590088094,0.048415819293,0.040262652107,0.022871787610,0.010588801365,0.003379854579,0.001309387645,0.001326671815,0.001432385762,0.000814982881,0.000359853019,0.000179944018,0.000098449011,0.000081438463,0.000115666315,0.001082498452,0.016549416245,0.066922985303
0.043708923253,0.014366362095,0.003206353073,0.000340050607,0.000104090797,0.000075814751,0.000061922452,0.000056502898,0.000057858213,0.000073468400,0.001390518078,0.130398314457,0.949369748994,0.165440107042,0.002745236463,0.000235901852,0.000762208562,0.003289548191,0.003395177376,0.000624131136,0.000062660804,0.000050000000,0.000100700294,0.000563728814,0.001987712237,0.004322565818,0.006829756303,0.009899853015,0.021294252869,0.039804927893,0.060682265364,0.060529562816,0.039248112623,0.034396470966,0.048761600262,0.081990011451,0.134217202762,0.096928852787,0.039311214086,0.013623829438,0.010767628477,0.017878761779,0.034673480646,0.047614023501,0.035499228504,0.015030123931,0.004130277427,0.001049036581,0.000566475501,0.000828641324,0.001177488735,0.000848773534,0.000447459574,0.000225030250,0.000106060453,0.000065485991,0.000084681437,0.000801078114,0.012574876892,0.055542432838
0.038763519096,0.017272875103,0.004336873631,0.000411099209,0.000095364053,0.000073256461,0.000064331421,0.000061591666,0.000064909333,0.000082033272,0.000840491175,0.104935904073,0.961211163318,0.149542540269,0.001732382252,0.000320957688,0.000608933014,0.001508705922,0.001682354830,0.000374884103,0.000053280944,0.000050000000,0.000078296221,0.000388592772,0.001583341324,0.004367956280,0.008806461403,0.013472757618,0.023280185567,0.037318613062,0.048298761842,0.044666399410,0.030565737521,0.032692261935,0.050368104366,0.082428340618,0.120676966494,0.085628544618,0.037891898136,0.015031823001,0.012357681165,0.019255931431,0.031890516055,0.043294885119,0.028460569338,0.008945709874,0.001449599564,0.000277773831,0.000188537963,0.000408534539,0.000889806515,0.000920396611,0.000584333333,0.000279591773,0.000110576255,0.000058429642,0.000056024155,0.000448561648,0.009064469269,0.045603758759
0.035039410769,0.025490739697,0.005609890190,0.000387014995,0.000089712835,0.000069288871,0.000061539668,0.000061534760,0.000069798049,0.000096949243,0.001275984766,0.141543919923,0.968751033030,0.118917407357,0.001463737886,0.000424229154,0.000626256813,0.000987217958,0.000960301382,0.000300641805,0.000059563008,0.000051629599,0.000108892465,0.000600942977,0.002774361633,0.005907407200,0.007578556426,0.011639646747,0.022601632936,0.036369375566,0.041089560964,0.031079733319,0.020140724869,0.025598582874,0.048000721129,0.081014424076,0.098930028557,0.062905199312,0.030099470950,0.014312343835,0.012618080541,0.017998895698,0.024062380279,0.029380944415,0.021498521645,0.008642269688,0.001544925825,0.000238852530,0.000129415296,0.000259388196,0.000542611915,0.000583565624,0.000415999405,0.000236869195,0.000099374704,0.000060411848,0.000050000000,0.000264211617,0.004905113052,0.028821269654
0.025550363956,0.025051531141,0.006081267460,0.000452658025,0.000081153230,0.000059874374,0.000055820965,0.000058764772,0.000071436675,0.000111507057,0.001605925676,0.138491883619,0.970214637557,0.140215051699,0.001802625932,0.000511454601,0.000587811635,0.000577110794,0.000480362800,0.000257681067,0.000084765918,0.000123180168,0.000409867181,0.001905408025,0.006137004338,0.006987009976,0.006813093597,0.009959974096,0.020791594500,0.032501956396,0.033969814749,0.025058463960,0.018304231960,0.026519647776,0.050627914917,0.077365181332,0.081654909761,0.051385207675,0.027278415517,0.014966560089,0.013429498865,0.016536417729,0.017032418570,0.018421715790,0.016175461272,0.010260009482,0.002591725352,0.000357555561,0.000128045771,0.000187700692,0.000304158603,0.000303223296,0.000236756548,0.000176049720,0.000091528784,0.000052843390,0.000050000000,0.000193282425,0.002802307336,0.015380478146
0.011632418897,0.012779106656,0.005694080570,0.000957007526,0.000129350615,0.000052767946,0.000051787729,0.000054863414,0.000064741018,0.000101347338,0.001607481023,0.122069764884,0.971188862707,0.168270126838,0.002326850876,0.000561148746,0.000446824814,0.000243769981,0.000155383609,0.000139558008,0.000118085884,0.000357920979,0.001033440313,0.003128741594,0.008465635200,0.009492653806,0.007056752775,0.010171148217,0.019871040625,0.027597993419,0.029499519851,0.025650050432,0.022301236288,0.029873360942,0.047434980534,0.065593608345,0.069010803208,0.043624179165,0.025660429349,0.016767217004,0.016743233728,0.018266653066,0.012375158037,0.009004055308,0.007839952672,0.007599075055,0.003118862098,0.000513982114,0.000131573599,0.000122916142,0.000138947910,0.000127389079,0.000111629822,0.000106033541,0.000073774742,0.000050196296,0.000050000000,0.000113444314,0.000820074351,0.004255660174
0.006293575794,0.009134230134,0.002108995313,0.000265332597,0.000065261677,0.000050000000,0.000050000000,0.000050000000,0.000054110404,0.000074630040,0.001252278475,0.155719819985,0.976356890628,0.115886923140,0.001966255800,0.000506679043,0.000336211315,0.000160204441,0.000107144548,0.000122230593,0.000152961732,0.000566731080,0.001697675382,0.003694628328,0.007719430186,0.007019296476,0.005083632542,0.007618170116,0.017070510137,0.027461920615,0.034879162811,0.032244094734,0.024441547930,0.024015989312,0.033106586372,0.046312644008,0.057506484663,0.037483881125,0.022793689148,0.015525544010,0.014543127757,0.013458760136,0.007035745429,0.003833186811,0.003047989157,0.003692912353,0.002444484861,0.000430812860,0.000087337494,0.000069266369,0.000073907849,0.000073413839,0.000071004778,0.000069249897,0.000056334440,0.000050000000,0.000050000000,0.000064971314,0.000182349113,0.000859391319
0.002478450603,0.005503734599,0.001767918767,0.000208094821,0.000054050748,0.000050000000,0.000050000000,0.000050000000,0.000050000000,0.000057266464,0.000960412311,0.172032904330,0.977243790053,0.086307530337,0.001537131740,0.000458176372,0.000274613745,0.000189800681,0.000208444258,0.000326694226,0.000853968496,0.001724856670,0.002533782841,0.003765422355,0.008030134238,0.006544583438,0.005264613672,0.007071618539,0.015320582261,0.027378483634,0.042291402889,0.043153393754,0.026477660441,0.018941440862,0.023377542762,0.034538239188,0.054843468732,0.038251045210,0.020171622195,0.011383786523,0.008533809487,0.008174163953,0.005177613578,0.002885998545,0.001797128988,0.001654367196,0.001389745960,0.000502359611,0.000095114963,0.000056706567,0.000066636075,0.000076255958,0.000072903894,0.000062124277,0.000050000000,0.000050000000,0.000050000000,0.000050000000,0.000081759041,0.000476152551
0.002414278150,0.010904035223,0.003112336627,0.000136143065,0.000050000000,0.000050000000,0.000050000000,0.000050000000,0.000050000000,0.000050000000,0.003473286091,0.300098185314,0.948340945197,0.063428022706,0.001765930612,0.000671666814,0.000365103248,0.000283767177,0.000426105057,0.001761411687,0.004222512324,0.005439384098,0.004425740314,0.003962223045,0.005825286361,0.005622062905,0.007385781692,0.010097369406,0.018146171095,0.027502972405,0.042077041136,0.046147482073,0.027877483806,0.019021722825,0.023650850021,0.033245470894,0.053460543487,0.037417063792,0.018363095642,0.007966706648,0.004058311224,0.003322550548,0.002838592816,0.002618701589,0.002084267543,0.001575940591,0.001121014413,0.000378317888,0.000098561144,0.000056320417,0.000073025827,0.000103610697,0.000097121653,0.000066667486,0.000050000000,0.000050000000,0.000050000000,0.000050000000,0.000069737384,0.000342866979
0.003960944898,0.012949441804,0.004196045786,0.000170359570,0.000050000000,0.000050000000,0.000050000000,0.000050000000,0.000061023188,0.000087121374,0.004716356122,0.302615238375,0.949490008053,0.067743593160,0.002073826780,0.000788984980,0.000455788799,0.000487491522,0.001034105588,0.003924598402,0.008453619045,0.006834640869,0.005243163310,0.005677566857,0.011973903610,0.008774923548,0.009313106525,0.011770256877,0.018473170442,0.024942483864,0.036424158111,0.040261231627,0.025405200909,0.018460173549,0.024923912574,0.034929765677,0.046584942192,0.027772583238,0.012470854630,0.004696602514,0.001790998333,0.001124485712,0.001222503682,0.002295004707,0.002778935018,0.001747302102,0.000853071502,0.000297586614,0.000107099645,0.000076566236,0.000111883346,0.000176203704,0.000138817328,0.000071774007,0.000050000000,0.000050000000,0.000050000000,0.000050000000,0.000117307514,0.001028824063
0.006123410841,0.009540522175,0.003431102206,0.000175742661,0.000050000000,0.000050000000,0.000050000000,0.000061055884,0.000141043814,0.000265449573,0.005932002665,0.330808153389,0.944650544611,0.056785016355,0.003101305323,0.001534870259,0.001238010492,0.001568311363,0.002777119384,0.009885215536,0.009024381981,0.003785570676,0.003274153126,0.005429918661,0.011109052118,0.011028450396,0.012717156859,0.015041372390,0.020486663014,0.023870579496,0.030267605768,0.032934653790,0.022167239846,0.017693068336,0.025132117844,0.035659839753,0.041118272490,0.021299465764,0.008385703992,0.002825068892,0.000977209313,0.000598594131,0.000720995320,0.001802580665,0.002376109837,0.001209525589,0.000463608700,0.000175520486,0.000091549469,0.000096134942,0.000177392601,0.000274276506,0.000185372752,0.000075412074,0.000050000000,0.000050000000,0.000050000000,0.000050000000,0.000176880987,0.002325781923
0.009059257406,0.007195108783,0.002116839659,0.000134312411,0.000050000000,0.000050000000,0.000050572246,0.000090077347,0.000286406463,0.000531948160,0.005311694589,0.335911101009,0.941181725509,0.062266023403,0.003082876961,0.001626124793,0.001633924510,0.002553085776,0.004914658355,0.008006441225,0.005399626553,0.002576280177,0.001996522170,0.004134579908,0.012457935285,0.013473825527,0.012133529939,0.015325526758,0.023726835270,0.028574981657,0.030501527339,0.026505375205,0.017038203704,0.015010632302,0.023288947579,0.034091623103,0.034740737389,0.015850857193,0.005873555760,0.001832999539,0.000612239661,0.000410245613,0.000565880536,0.001664793541,0.002079744195,0.000771124151,0.000196123454,0.000074251219,0.000053726129,0.000063667994,0.000124045397,0.000154573216,0.000093235677,0.000050000000,0.000050000000,0.000050000000,0.000050000000,0.000050000000,0.000206556094,0.003894364753
0.006651848951,0.003881816687,0.000883853459,0.000067989502,0.000050000000,0.000050000000,0.000050000000,0.000078513094,0.000241999237,0.000444516357,0.006750940487,0.408012292006,0.909143128321,0.055564133550,0.002229901712,0.001221889855,0.001615264405,0.003273458228,0.005663836959,0.005402958779,0.002212689695,0.001092019029,0.000928939275,0.002436584640,0.009033443825,0.011242218526,0.010728051014,0.015347872155,0.028075337455,0.036240649158,0.034891105045,0.025951747422,0.016363182901,0.015257229236,0.024358097686,0.037293943986,0.039397963566,0.019386768861,0.008095835732,0.002677352440,0.000983897547,0.000829776729,0.001220235194,0.002999142694,0.002339040351,0.000452518486,0.000079614856,0.000050629823,0.000050000000,0.000050000000,0.000061776643,0.000062549369,0.000050000000,0.000050000000,0.000050000000,0.000050000000,0.000050000000,0.000050000000,0.000253955653,0.004548659627
0.003927363014,0.002440131114,0.000476122109,0.000052684828,0.000050000000,0.000050000000,0.000050000000,0.000061284824,0.000138866284,0.000225897050,0.007333646081,0.438225697575,0.893582442916,0.049312215231,0.001249854602,0.000680741132,0.001258427077,0.003583068461,0.006998654594,0.006754414518,0.001845256140,0.000754796588,0.000804954290,0.002377099783,0.007320198992,0.008973882220,0.008514307295,0.013617682804,0.028723045983,0.039798817375,0.038309304736,0.027050325094,0.017145219556,0.015877406249,0.024300958319,0.036509857815,0.040378426238,0.021544667973,0.009760634720,0.003556872606,0.001773081488,0.002150698352,0.003281878224,0.005489937064,0.002574163380,0.000329306538,0.000060102560,0.000050000000,0.000050000000,0.000050000000,0.000053198049,0.000051536916,0.000050000000,0.000050000000,0.000050000000,0.000050000000,0.000050000000,0.000052104045,0.000479839226,0.004259169224
0.002317071633,0.001144516292,0.000205090503,0.000050000000,0.000050000000,0.000050000000,0.000050000000,0.000050000000,0.000083308785,0.000124772263,0.005258775646,0.424607255376,0.899744558056,0.045301124374,0.000719548084,0.000289503358,0.000709720965,0.002832888702,0.006770931193,0.006680040114,0.002625180724,0.001036701303,0.000895466334,0.002765947201,0.008326495790,0.008855531312,0.006958704668,0.011215378318,0.026353693267,0.041445932753,0.043466836935,0.029193791987,0.017551642997,0.015783792500,0.024189466347,0.036011255340,0.040654480481,0.022993718417,0.011428955828,0.004746979100,0.003120033879,0.004583488497,0.006367890574,0.007739323282,0.002656143792,0.000251812250,0.000081147648,0.000098396209,0.000050000000,0.000050000000,0.000050000000,0.000050000000,0.000050000000,0.000050000000,0.000050000000,0.000050000000,0.000050000000,0.000079863131,0.000757459289,0.003069320796
0.001598507902,0.000455401200,0.000084778168,0.000050000000,0.000050000000,0.000050000000,0.000050000000,0.000050000000,0.000059060656,0.000086482761,0.005499844106,0.386318652970,0.916711147791,0.045516009282,0.000445573489,0.000132942527,0.000487963929,0.002870669225,0.007665595438,0.007945973503,0.003266080595,0.001213690779,0.001053211904,0.004103351556,0.013111417700,0.012456197209,0.006153250584,0.008867984520,0.021350768106,0.038773153425,0.044935943412,0.028687818121,0.016045313655,0.014277892391,0.023236835027,0.036116474950,0.040041227743,0.023090881948,0.012246725436,0.005692798647,0.004168876395,0.005868531170,0.007200891724,0.007803131403,0.002692956545,0.000247371677,0.000114605248,0.000317972939,0.000050000000,0.000050000000,0.000050000000,0.000050000000,0.000050000000,0.000050000000,0.000050000000,0.000050000000,0.000050000000,0.000118805292,0.001030551659,0.004121445008
0.001079002863,0.000412438700,0.000110034654,0.000050000000,0.000050000000,0.000050000000,0.000050000000,0.000050000000,0.000052927398,0.000082424458,0.007688076867,0.509397130593,0.853499923912,0.029634551622,0.000291290295,0.000141827909,0.000553025625,0.002710336273,0.007589148104,0.008637360799,0.002715814439,0.000778587601,0.000745908710,0.002624339198,0.009534236237,0.009076626749,0.005091140342,0.007162721402,0.018576750353,0.041081376008,0.049780508198,0.029180108703,0.014332893649,0.013218794344,0.025726677348,0.047377087925,0.053203181902,0.028050197372,0.013431119476,0.006301530934,0.004950809771,0.007384278248,0.008926238307,0.008883341694,0.002712849137,0.000246713055,0.000199289922,0.000337647377,0.000050000000,0.000050000000,0.000050000000,0.000050000000,0.000050000000,0.000050000000,0.000050000000,0.000050000000,0.000050000000,0.000114372277,0.000881680729,0.005049145012
0.002203093625,0.001059757741,0.000207664516,0.000062154304,0.000050000000,0.000050000000,0.000050000000,0.000050000000,0.000050000000,0.000092948607,0.012065006375,0.550433357143,0.826502619686,0.023340338220,0.000214485796,0.000121201612,0.000486079143,0.002547317759,0.009418887013,0.009908820911,0.002625506166,0.000817721011,0.000770268057,0.002451739079,0.008955278942,0.010838842087,0.004333333735,0.005821109635,0.016553302812,0.040681075380,0.048360422192,0.028763763327,0.015131001803,0.014824253549,0.028232905823,0.052621927215,0.060595778025,0.032815259000,0.014636997710,0.006232402604,0.004960383649,0.007975565888,0.009776471450,0.008328345968,0.001897206303,0.000191427538,0.000550386002,0.000870219772,0.000050000000,0.000050000000,0.000050000000,0.000050000000,0.000050000000,0.000050000000,0.000050000000,0.000050000000,0.000050000000,0.000069731561,0.000341638301,0.002653088441
0.003269538771,0.002341437445,0.000574879053,0.000093116509,0.000050000000,0.000050000000,0.000050000000,0.000050000000,0.000050000000,0.000116250881,0.015498643776,0.573855086325,0.809357140663,0.024795609168,0.000229010982,0.000091287550,0.000257528708,0.001031976297,0.004686341367,0.006807264140,0.002476646616,0.001145175877,0.001103935653,0.003044603917,0.010759817813,0.011307395223,0.004000727921,0.006357432790,0.018642874895,0.043269915028,0.046652248831,0.027581412911,0.015477670754,0.015859350562,0.029730735191,0.056012104835,0.064205376297,0.035890490047,0.015316988350,0.006126832426,0.004818800459,0.008142789897,0.009725941941,0.007238022422,0.001481133954,0.000221356081,0.000645201762,0.000719999282,0.000050452550,0.000050000000,0.000050000000,0.000050000000,0.000050000000,0.000050000000,0.000070678146,0.000067959456,0.000050000000,0.000053448539,0.000218255849,0.003311387991
0.004122681891,0.003641812313,0.000811052030,0.000072653941,0.000050000000,0.000050000000,0.000050000000,0.000050000000,0.000050000000,0.000089576967,0.009558298062,0.539892178247,0.833207795510,0.037155084760,0.000542348536,0.000086754701,0.000168177850,0.000343898802,0.000518332605,0.000875697596,0.000870494611,0.000770656969,0.001164118020,0.003034620403,0.013102586702,0.014969328052,0.004982151596,0.009163545837,0.021445465607,0.039510203871,0.039885422342,0.026183737895,0.015764467327,0.015898931975,0.027650400274,0.050649693010,0.055740565275,0.030614019144,0.014203462258,0.006810200270,0.005554692302,0.007783351927,0.006810088839,0.004385217025,0.000997961394,0.000166638921,0.000185451024,0.000500225012,0.000067651723,0.000050000000,0.000050000000,0.000050000000,0.000050000000,0.000050000000,0.000050000000,0.000050000000,0.000050000000,0.000060354486,0.000214951158,0.001870180973
0.004054289887,0.003258829360,0.000516202690,0.000052188324,0.000050000000,0.000050000000,0.000050000000,0.000050000000,0.000050237112,0.000067968098,0.008413477480,0.502736940757,0.858247205802,0.031528083648,0.000264462030,0.000107474624,0.000167410355,0.000268820358,0.000402914077,0.000549248046,0.000609636436,0.001027988596,0.002101449796,0.005195627337,0.013627819260,0.010009660222,0.006761703005,0.013211261407,0.023341840136,0.032630459899,0.031272833055,0.024249658714,0.017189503311,0.018664673481,0.028904965340,0.044553643701,0.042854053692,0.024814442082,0.013743950603,0.008103500654,0.006473521691,0.006151549499,0.003240011710,0.001366321590,0.000314164445,0.000093802410,0.000119820077,0.000162421045,0.000050000000,0.000050000000,0.000050000000,0.000050000000,0.000050000000,0.000050000000,0.000050000000,0.000050000000,0.000050000000,0.000066990090,0.000341957087,0.004737978116
0.005179994604,0.005282515456,0.001292794876,0.000072527275,0.000050000000,0.000050000000,0.000050000000,0.000050000000,0.000052133064,0.000081379927,0.010481483909,0.531006208309,0.841768732486,0.035151293870,0.000426847686,0.000153586502,0.000257779349,0.000455819007,0.000868712184,0.001142358594,0.001110519712,0.001782154588,0.003146296190,0.006959892699,0.018458790910,0.015165837136,0.007665302298,0.014265791020,0.022915567458,0.029000335829,0.029290305007,0.025786365649,0.019808065323,0.021150957779,0.029457748867,0.038453998768,0.033818516607,0.021725097620,0.013972241188,0.009690825127,0.007221749976,0.004590438713,0.001627221903,0.000622579560,0.000190915728,0.000087420945,0.000059472881,0.000063081966,0.000050000000,0.000050000000,0.000050000000,0.000055636769,0.000070031197,0.000059036983,0.000050000000,0.000050000000,0.000050000000,0.000056714374,0.000305249015,0.004594563810
0.007327478589,0.007089468916,0.001277012061,0.000076114238,0.000050000000,0.000050000000,0.000050000000,0.000050000000,0.000054345540,0.000115676938,0.011383781972,0.526821913250,0.845356371636,0.028954821443,0.000364700964,0.000134105438,0.000313473641,0.000812841792,0.001630390361,0.001935144328,0.001959783801,0.002166613603,0.002790127431,0.006478727943,0.022994085903,0.014420166151,0.006876071410,0.011980764880,0.019211540777,0.028138127759,0.035765178759,0.034257170624,0.023671131331,0.020285706972,0.024828180625,0.029874040752,0.027236684128,0.018016653254,0.010840041913,0.007898165541,0.006285374566,0.004105552277,0.000867741001,0.000338986513,0.000162994973,0.000082752685,0.000055772626,0.000057209294,0.000050000000,0.000050000000,0.000050000000,0.000059187523,0.000095410422,0.000087301292,0.000050000000,0.000050000000,0.000050000000,0.000050000000,0.000131204350,0.004536732895
0.006593224200,0.004793037147,0.000743677979,0.000064372396,0.000050000000,0.000075352937,0.000090213534,0.000065714415,0.000083463634,0.000278314079,0.019870068277,0.652383902251,0.753739699112,0.022049969905,0.000354836621,0.000190647338,0.000484514187,0.001437614240,0.003320881306,0.003870181061,0.003257445031,0.002649434172,0.002825499493,0.005003616658,0.014822658643,0.017460131620,0.008384778322,0.010203272325,0.015483007513,0.025028368414,0.038726613407,0.040094687441,0.027094753821,0.021256164013,0.025061866522,0.027881858648,0.025518607340,0.015261287181,0.007989130258,0.005327550309,0.004687905219,0.004454577744,0.000945365710,0.000565917811,0.000425306664,0.000198018225,0.000240167619,0.000133031511,0.000050000000,0.000050000000,0.000050000000,0.000066995946,0.000140273537,0.000126539278,0.000062013484,0.000050000000,0.000050000000,0.000050000000,0.000100035149,0.007656876514
0.005479816090,0.002192726907,0.000239144571,0.000051456508,0.000058326748,0.000129034041,0.000188972173,0.000140571634,0.000177767296,0.000599040876,0.024550500831,0.767387850216,0.639855211250,0.014024586194,0.000478023812,0.000349812345,0.000809896352,0.002034150024,0.004408429616,0.005551259019,0.005682277939,0.004064440143,0.003926954945,0.006609904316,0.019984543399,0.022910245470,0.009397486070,0.009018500013,0.013147237553,0.022240577667,0.038297182054,0.041805330808,0.029552725249,0.023471023139,0.027531375315,0.027914500316,0.024436390440,0.012738299070,0.006491491939,0.004705647089,0.004206058004,0.004071106367,0.001063583989,0.000723045548,0.000670968782,0.000398824487,0.000221495380,0.000169836327,0.000050000000,0.000050000000,0.000050000000,0.000090311292,0.000258282005,0.000270849471,0.000107747119,0.000061105605,0.000050000000,0.000050000000,0.000334760103,0.011495947887
0.004097164351,0.001249084694,0.000145305772,0.000051842210,0.000063023483,0.000187254428,0.000377381153,0.000344387163,0.000423558819,0.001132274862,0.021611499448,0.749393411057,0.664015781533,0.010933096394,0.000614237314,0.000519216411,0.001050903630,0.002327311527,0.005165118335,0.006866038801,0.007267589690,0.005862854987,0.005569555211,0.009136709199,0.023540528613,0.023384848307,0.009875166889,0.008365095235,0.012617904392,0.020803280650,0.033931641844,0.036556804569,0.028388718577,0.025640597978,0.032139973665,0.028696402851,0.020830598559,0.009251248363,0.005006194356,0.003994921553,0.003231283562,0.002320571580,0.000904453592,0.000864503208,0.001104076914,0.000955893656,0.000395039040,0.000240273797,0.000050000000,0.000050000000,0.000063346652,0.000186679401,0.000552729627,0.000498942070,0.000179107309,0.000231605149,0.000107589902,0.000056123118,0.000237120489,0.007195697945
0.006300652274,0.003007811965,0.000323325541,0.000067804393,0.000058469070,0.000144933559,0.000300321519,0.000343926746,0.000566386080,0.001671498516,0.037089115358,0.792017242379,0.613733713883,0.011425909575,0.000940015963,0.000718426061,0.001178550414,0.002267535286,0.005332783495,0.008513078006,0.009747626643,0.007699699289,0.006987004816,0.010273633179,0.024000058482,0.027621815684,0.010178247279,0.007937400658,0.012436762368,0.019666569841,0.028830052703,0.028194206170,0.021757978077,0.022961689798,0.035409352228,0.032412083085,0.019724501474,0.006854582027,0.003431506724,0.002582527564,0.002047276602,0.001543751202,0.000742871439,0.001125646725,0.002253517312,0.002492188303,0.000979608722,0.000330887879,0.000050000000,0.000059391240,0.000142319565,0.000523662540,0.001253181604,0.000946007414,0.000295794158,0.000363799969,0.000140809721,0.000061549998,0.000206781251,0.006083451475
0.006706663767,0.003398271778,0.000468825551,0.000084742463,0.000050000000,0.000080012257,0.000176367912,0.000260922918,0.000501567753,0.001849255919,0.057627365346,0.849791103235,0.526910218884,0.011112298650,0.000878275338,0.000579288884,0.000864753791,0.001617642387,0.004056333182,0.006974720914,0.007916858011,0.007155644176,0.007213055095,0.011128925383,0.021971884829,0.019327016321,0.009961702649,0.008574222279,0.012413251121,0.017125462283,0.022108144345,0.021758058816,0.017733739021,0.021373074283,0.038494250429,0.038238139928,0.021716290279,0.006642072290,0.003408072628,0.002927250962,0.002880687705,0.002766988744,0.001646375334,0.002692890786,0.004785557373,0.003852008994,0.001103244869,0.000246825172,0.000050000000,0.000075110054,0.000227803897,0.000750146948,0.001430233933,0.001052384680,0.000357321463,0.000482551096,0.000138909650,0.000050687911,0.000121228314,0.004655650278
0.010739225897,0.003862809365,0.000347335306,0.000063581168,0.000051284167,0.000073950296,0.000098992853,0.000110316218,0.000233188239,0.001461346479,0.110488508106,0.931843576879,0.341705439245,0.005334385630,0.000471994235,0.000366838661,0.000580301763,0.001079064342,0.002478275213,0.003932546985,0.004105391263,0.003644760806,0.004350566585,0.007197208305,0.013989382949,0.016105731279,0.008374321899,0.007872152741,0.012463541159,0.017604341173,0.019296822777,0.016063378594,0.012550229212,0.017847596457,0.037726326079,0.039591389653,0.021960092015,0.006397541088,0.003189585780,0.002964587302,0.003641906708,0.004789747533,0.003966400915,0.005922981142,0.007119099971,0.003550924998,0.000725204560,0.000133121363,0.000050000000,0.000061558855,0.000159456541,0.000492184982,0.000907101797,0.000690993285,0.000248708114,0.000195925162,0.000063363653,0.000050000000,0.000124247422,0.005986024192
0.010280939872,0.006360976821,0.000809593906,0.000113584033,0.000056779660,0.000074767977,0.000077784363,0.000070123752,0.000130918068,0.001211085109,0.137642881481,0.966125314443,0.208556216840,0.002301917277,0.000313168192,0.000298375999,0.000462843894,0.000679385505,0.001066815772,0.001609944807,0.002077067888,0.001984418805,0.002840101316,0.005871480914,0.013658258164,0.009813964103,0.006717456393,0.006894048500,0.012037509651,0.018461433953,0.017902657648,0.013117962644,0.009436604099,0.015115189091,0.036727719075,0.042664011946,0.023088854772,0.006206863141,0.002915696116,0.003181088756,0.004775486427,0.006622133002,0.005023179728,0.006862967632,0.007291661701,0.003117364790,0.000600582389,0.000099888470,0.000050000000,0.000061979405,0.000160384748,0.000427379757,0.000632327094,0.000412002878,0.000175085231,0.000711953248,0.000194594909,0.000067379725,0.000372534849,0.009678714366
0.012526669208,0.007106827208,0.001157948968,0.000229576428,0.000078699659,0.000057901917,0.000059720678,0.000057770732,0.000100255459,0.002299612492,0.228213483894,0.958132578498,0.158161763533,0.002042904075,0.000494981556,0.000514092656,0.000612417435,0.000528486451,0.000527623232,0.000730648947,0.001051060245,0.001451261664,0.002603761558,0.008460031135,0.022677185564,0.009069014575,0.006282781475,0.006410561694,0.010787123331,0.017114784407,0.018390018598,0.014486771586,0.009312531677,0.013435203368,0.033371008295,0.043230391204,0.025351486303,0.006343927165,0.002791685635,0.003228796468,0.005540277587,0.007802846146,0.005015086976,0.005996002678,0.007114513180,0.003653714135,0.000672031624,0.000096536765,0.000050000000,0.000068648101,0.000150689440,0.000303234716,0.000404049364,0.000278325363,0.000138978585,0.000117083511,0.000086925052,0.000091117630,0.000561748789,0.007701591889
0.016862996502,0.004985713856,0.000415141456,0.000105695769,0.000065448039,0.000050000000,0.000050591893,0.000051149467,0.000086004625,0.002924437275,0.228672418966,0.957740865903,0.163194789618,0.002093428900,0.000712412220,0.000778483095,0.000761617867,0.000459537296,0.000347718064,0.000384675181,0.000592551886,0.001106475372,0.002609947447,0.010120168230,0.021487295496,0.008229759896,0.005656375359,0.005347895891,0.009079651605,0.015612077581,0.018287345639,0.014884120166,0.008955930945,0.012416871278,0.031767276987,0.042990593069,0.025829231234,0.006409767308,0.002809412682,0.003175499358,0.004890943160,0.005584300422,0.003170142980,0.004091000388,0.006774144599,0.004805488983,0.000946328214,0.000130652587,0.000054907881,0.000083453421,0.000162521386,0.000248176090,0.000275992641,0.000188380580,0.000102980098,0.000057477087,0.000072513289,0.000091514810,0.000347360397,0.004930705959
0.017130283192,0.002679739905,0.000151141240,0.000053487655,0.000050000000,0.000050000000,0.000050000000,0.000050000000,0.000054996175,0.003718259507,0.348088808873,0.929464280678,0.104994533263,0.001504278581,0.000998856985,0.001272001978,0.001324955696,0.000704156363,0.000429689805,0.000426794177,0.000669526489,0.001059666005,0.002208051775,0.007559793086,0.018982248452,0.008290040502,0.005830767686,0.004713839896,0.007438100546,0.013566984824,0.017328517808,0.013973779301,0.007950655023,0.010660469173,0.028479497659,0.042630192822,0.029204795875,0.007981381712,0.003222184848,0.003021206190,0.003871575316,0.003592527622,0.001877606578,0.002592657736,0.006185178416,0.007086817146,0.001810464462,0.000216502092,0.000065843651,0.000074531957,0.000128120346,0.000184456604,0.000214071227,0.000166724780,0.000104639006,0.000090989636,0.000064802979,0.000086027238,0.000580857467,0.009343624831
0.022551797220,0.002954172679,0.000165171661,0.000061395311,0.000056766823,0.000050000000,0.000050000000,0.000050000000,0.000077738774,0.003064008921,0.262425720133,0.951806049778,0.149716431521,0.001953984804,0.000594011613,0.000892104377,0.001462463552,0.001161883612,0.000761503205,0.000660966902,0.001088123351,0.001645742628,0.002819516218,0.006195691283,0.012347980368,0.009142707938,0.006365475936,0.005097396148,0.007482088457,0.013072242732,0.016740659751,0.014443946871,0.009135691379,0.011868116768,0.028807337630,0.041977637549,0.029073624387,0.007389728634,0.002228665659,0.001479501799,0.001592038727,0.001693255718,0.001238048200,0.002235145627,0.005883854133,0.008035382868,0.002677434957,0.000380762041,0.000095746365,0.000080237400,0.000115578130,0.000160324049,0.000179484179,0.000136839345,0.000090348983,0.000054279488,0.000062140906,0.000101506823,0.000681763439,0.011216684585
0.026080237270,0.007378596402,0.000622095682,0.000132483606,0.000077306084,0.000050000000,0.000050000000,0.000054272899,0.000118209447,0.001995165759,0.180595870018,0.966430419810,0.178424618281,0.001538408479,0.000287634069,0.000443889045,0.000984783234,0.001327317397,0.001203367307,0.001032725114,0.001187570587,0.000962284014,0.001273094592,0.003084941856,0.011348134185,0.011560022793,0.007197547363,0.006145412540,0.008128847137,0.012416380405,0.016175437753,0.016156497212,0.011855506290,0.013387542266,0.026175402205,0.037349085909,0.026734507586,0.006447148352,0.001476283662,0.000617815241,0.000522532988,0.000764658508,0.000999590100,0.002549444115,0.005705724746,0.006868324851,0.003031863116,0.000898889940,0.000082976726,0.000070336646,0.000096341205,0.000132135154,0.000143069526,0.000106406912,0.000071617293,0.000050000000,0.000050000000,0.000065094616,0.000347614116,0.007299736100
0.022849204822,0.011812597898,0.001576842010,0.000175327392,0.000055199300,0.000050000000,0.000050000000,0.000080785322,0.000231244504,0.002881668190,0.220586209260,0.967023421501,0.123260006538,0.000926335473,0.000284003799,0.000463325039,0.001156846898,0.001969753831,0.002097822159,0.002211671957,0.002566524146,0.001499904081,0.001700161482,0.004451276321,0.010915413504,0.008574880039,0.008881555320,0.008978266823,0.010944838088,0.013565855626,0.014716616089,0.014351753462,0.011124531188,0.012330060060,0.023130842850,0.034180403245,0.024083716048,0.006977251272,0.001693624835,0.000624331133,0.000452186621,0.000715679869,0.001048342954,0.002523323350,0.004128882424,0.004689235973,0.002609438460,0.000494267475,0.000083376927,0.000068532377,0.000112880710,0.000206779558,0.000255658763,0.000159780915,0.000085333655,0.000059108052,0.000050000000,0.000053120197,0.000389139988,0.010669497297
0.028293262077,0.013220310037,0.001163433623,0.000091059837,0.000050000000,0.000050000000,0.000061818644,0.000123867726,0.000336696900,0.004246724546,0.259152440236,0.956774854601,0.127928240777,0.001200768075,0.000317624059,0.000527393487,0.001257546337,0.002209296110,0.002726328052,0.002851799762,0.004926711479,0.003969341326,0.003078338045,0.004978862386,0.007388743120,0.007812168133,0.011009408791,0.013026565833,0.014640511350,0.015236075316,0.014098596402,0.012827959482,0.009542123479,0.010641064888,0.020771394449,0.031378142543,0.021838256307,0.006969266549,0.001936580952,0.000797791485,0.000560101004,0.000849695264,0.001144817488,0.002119924567,0.002708613828,0.003137949225,0.001996432758,0.000415098690,0.000088874795,0.000071062115,0.000145732682,0.000367214866,0.000524772008,0.000295443377,0.000113088392,0.000050000000,0.000058582542,0.000073557672,0.000413123133,0.006537355960
0.028800930045,0.011812351338,0.000642645965,0.000055519734,0.000050000000,0.000050000000,0.000056783419,0.000093842133,0.000244974104,0.002258180257,0.181906526206,0.969567698049,0.158396013035,0.001121220974,0.000212602585,0.000325722032,0.000724909537,0.001260967370,0.001731634588,0.003144459985,0.004991604224,0.002778675576,0.002166706368,0.003905351910,0.007139687445,0.007487682002,0.011231134488,0.013958904452,0.015557475912,0.016031466903,0.013690565894,0.011642770978,0.008095437201,0.009375817209,0.020444747649,0.033575854072,0.022677341761,0.006539433932,0.001849953676,0.000984435931,0.000882987666,0.001532845092,0.001730047395,0.002518205574,0.002581479791,0.002409644086,0.001442590700,0.000376693209,0.000084471441,0.000062887671,0.000127847518,0.000342791578,0.000494598563,0.000342847207,0.000471447419,0.001189314738,0.000219151413,0.000068734206,0.000129967362,0.003391884405
0.024476618093,0.010988883447,0.000405764955,0.000050000000,0.000050000000,0.000050000000,0.000050000000,0.000052701534,0.000122149986,0.001610482359,0.228652624002,0.963646415584,0.133262713152,0.001086552928,0.000255799312,0.000369727744,0.000897271903,0.001607248937,0.001665173255,0.002903759245,0.003445238205,0.001204133240,0.000964424499,0.002510323811,0.009233849323,0.007898996421,0.011601551943,0.014112225106,0.016433990996,0.017857910963,0.013119791121,0.009049424358,0.005901680002,0.008133405936,0.021720612643,0.038279375286,0.023797493133,0.006911064521,0.002367252207,0.001992067797,0.002531669797,0.004476851489,0.003441871371,0.003514292519,0.002813577647,0.001865846014,0.000829110927,0.000182136713,0.000070203465,0.000061091219,0.000141148755,0.000377613614,0.000476060052,0.000271339771,0.000364864512,0.000852630541,0.000062951790,0.000050000000,0.000073940642,0.002069020506
0.018924629326,0.011592509660,0.000893637452,0.000057379458,0.000050000000,0.000050000000,0.000050000000,0.000050000000,0.000105295920,0.001884607800,0.261255734857,0.955745029307,0.136626169160,0.001396463325,0.000296785068,0.000474340316,0.001502833737,0.002639699488,0.002390910889,0.003523273225,0.002144947045,0.001052011864,0.001111925080,0.005110421213,0.010210490343,0.006557936373,0.010085743685,0.014333485781,0.019076934758,0.020762500260,0.013197099635,0.007896782210,0.005231121131,0.007797714961,0.020024354498,0.041461926690,0.035297862847,0.011316671923,0.004296693409,0.003865026252,0.005421794810,0.008751606749,0.004842547830,0.002729076733,0.001172627934,0.000759680229,0.000538084832,0.000091056651,0.000060935808,0.000066051056,0.000157850074,0.000520408723,0.001071873470,0.000690912418,0.000896419576,0.000331443188,0.000050000000,0.000050000000,0.000439319194,0.007973890199
0.021576078795,0.011625874993,0.001298988358,0.000099173219,0.000050000000,0.000050000000,0.000050000000,0.000055479345,0.000178849687,0.004425290936,0.230351216678,0.955246927533,0.185427244731,0.002886829826,0.000393162134,0.000647531764,0.002014638708,0.002619629307,0.001823176556,0.001215307671,0.000852913318,0.000980309218,0.001688711075,0.005223412999,0.009909612864,0.006484074265,0.009010927894,0.015166430692,0.021547146766,0.024776453805,0.017763151930,0.011640505569,0.007612865531,0.009476131626,0.018112321761,0.041561523395,0.046763863424,0.015853508274,0.006770043492,0.006252829773,0.008818434016,0.011758769325,0.004718055330,0.001553874735,0.000392152066,0.000193626171,0.000321526044,0.000090009032,0.000064642334,0.000092964366,0.000241023164,0.000852540772,0.002144022750,0.001143403308,0.000341381740,0.000294013016,0.000126497448,0.000063542976,0.000299264652,0.006792378306
0.023071291278,0.022174648903,0.005019189777,0.000394588998,0.000070193731,0.000050000000,0.000059218629,0.000081268237,0.000237387842,0.005311552959,0.242890084807,0.954699109007,0.177323461718,0.003974623137,0.000568480956,0.000903858352,0.002551275792,0.002668181513,0.002063692419,0.001307080055,0.000836701720,0.000781689993,0.001069665765,0.003162053803,0.012997191961,0.006663390698,0.008386145313,0.013907392911,0.018989759667,0.024902142055,0.023872064762,0.018208042068,0.010387873354,0.009906048449,0.015590635257,0.032258736025,0.036704052103,0.015175109574,0.008107103006,0.008240748383,0.010204798653,0.009798262888,0.002926988813,0.000892780266,0.000304865157,0.000320868843,0.000586572044,0.000143937798,0.000098785987,0.000141972874,0.000328090998,0.000653135538,0.000331223210,0.000103338487,0.000068049517,0.000104896978,0.000050000000,0.000050000000,0.000227422326,0.004462807979
0.028201904448,0.019361849896,0.004142949221,0.000586998886,0.000168216633,0.000094062268,0.000115132818,0.000112168183,0.000287742484,0.005965494097,0.247667208228,0.953025009240,0.186674036292,0.004792925373,0.000649434146,0.000847642908,0.001805191962,0.002296720227,0.002681396671,0.002052096319,0.001293919927,0.001096178751,0.001515453886,0.004298763756,0.006717997192,0.006670535796,0.008951768447,0.013097182777,0.017235569825,0.025787868835,0.031317370120,0.027756508371,0.014462138812,0.011219129696,0.015136748847,0.032139123705,0.034496873206,0.013658895411,0.008440038370,0.009382537007,0.009369152310,0.006333263730,0.001657392394,0.000678771406,0.000404281378,0.000389678530,0.000984864649,0.000388815747,0.000177127502,0.000203953049,0.000223064914,0.000170305760,0.000112859648,0.000087240641,0.000081802168,0.000062816720,0.000050000000,0.000050000000,0.000244748525,0.005547450670
0.027149476079,0.018949665430,0.004219808674,0.000801190599,0.000349200449,0.000317168342,0.000311478090,0.000201004074,0.000557771947,0.010011913074,0.239037751425,0.943104795197,0.244376384197,0.006387794570,0.000637297644,0.000757275108,0.001370907196,0.001880630671,0.002886302433,0.003270525960,0.002439523170,0.001632706146,0.001608850455,0.003108923818,0.006678809654,0.009272700562,0.011057392633,0.011668108477,0.013452410652,0.023746939169,0.038907883088,0.039451955419,0.019328343097,0.012728847342,0.015678560795,0.030105062919,0.039534517908,0.011905425095,0.007483358358,0.009580952937,0.008083110939,0.003485106659,0.000800970450,0.000511613047,0.000638984764,0.001163187164,0.003136344500,0.000739424566,0.000260445224,0.000248006291,0.000197897384,0.000141222082,0.000125646420,0.000140613750,0.000176299066,0.000108586097,0.000062480048,0.000052699642,0.000226452316,0.004886223645
0.034701546109,0.028048937373,0.007883652285,0.002238419140,0.001259920766,0.001247226338,0.001082144740,0.000504180998,0.000888614319,0.010648381822,0.238818780332,0.929912939053,0.295749333389,0.011644349345,0.000985018764,0.001057257002,0.001656818625,0.001858168612,0.002889976448,0.004381803605,0.004137284553,0.002586278214,0.002128368167,0.002904675649,0.006061621593,0.010766961760,0.011937598749,0.010805445920,0.012663143871,0.025112265183,0.046222614514,0.049899129317,0.024474838441,0.015429273221,0.017669398800,0.025092984668,0.034602408595,0.012117346879,0.007078055695,0.007541984954,0.005027420157,0.001988739627,0.000689598857,0.000783503894,0.001506424834,0.002218996853,0.002220124870,0.000905196799,0.000475869719,0.000457691112,0.000322091557,0.000215295475,0.000329777759,0.000833695876,0.000925671104,0.000374696480,0.000152857109,0.000134879282,0.000514546404,0.006004083658
0.046626639026,0.049616350606,0.021377103231,0.009086076982,0.006083351604,0.003850343777,0.003578019304,0.002736424624,0.006560959132,0.033864418580,0.280020180775,0.862845936605,0.413617898696,0.023337239091,0.001541929185,0.001928113723,0.003360054867,0.003500718131,0.004563752107,0.006145953844,0.005903609725,0.004503373703,0.004227656944,0.005974922688,0.012402271914,0.011805825241,0.010773708470,0.012351033620,0.019930494281,0.041203245618,0.063573828854,0.061909744864,0.028979262025,0.016732067713,0.017225078376,0.025182964081,0.035219228300,0.011278230079,0.008407441133,0.008064135882,0.005571916873,0.002539039745,0.001154910601,0.001295585787,0.002161820145,0.003012376685,0.002469659385,0.001892657558,0.001201073735,0.001148341970,0.000854586728,0.001135723425,0.005491992984,0.013786302667,0.007268737929,0.001418748197,0.000731654331,0.000737194947,0.001778930567,0.009938426404
0.079630168173,0.082419046821,0.047507177131,0.026272607275,0.021995007574,0.013533578258,0.010785188025,0.010152423252,0.024963467199,0.087857823703,0.429487869194,0.813504048256,0.324880532147,0.031244063782,0.003707780831,0.005490315664,0.008807452882,0.006440116040,0.006260787312,0.007839848754,0.008576961206,0.007957564842,0.007547756604,0.009923488321,0.032674227880,0.031098786363,0.017054585838,0.022042187308,0.038038449347,0.075935267857,0.098305581769,0.077113814358,0.028356581672,0.012961160373,0.011731108592,0.025236814826,0.026866045939,0.017110422024,0.017946768710,0.016389643184,0.010267477042,0.004096348496,0.001849790863,0.001921893254,0.002927476289,0.003798095771,0.002983432945,0.002514179529,0.002001166925,0.002176602689,0.003113975270,0.007602855548,0.019415138129,0.032486007616,0.022129160972,0.005227240677,0.002622261219,0.003438007701,0.007279978201,0.024861886561
0.191000449209,0.164066903608,0.101063750623,0.061938019192,0.057807457671,0.052057957013,0.051474873093,0.051474685760,0.096523075345,0.214194116328,0.567107660606,0.640745506086,0.264841549583,0.050375539113,0.010592453387,0.013261572000,0.017431721390,0.010816526251,0.009717007084,0.012655932537,0.015800498227,0.016265804771,0.014286871817,0.015462594881,0.027978819964,0.036322755057,0.031240695456,0.045416171656,0.077728306433,0.141634666774,0.145701370446,0.088241871730,0.027553290645,0.012885130279,0.013669175310,0.020824615327,0.029518746268,0.029695039665,0.028932394081,0.023751140293,0.015114672599,0.006246914605,0.002770472240,0.002297845857,0.002441601266,0.002327063828,0.001757549924,0.001448084411,0.001574885418,0.005127653259,0.019178672841,0.036357440765,0.038384272339,0.038630007832,0.027706464681,0.010603854250,0.006667832984,0.010562036495,0.024802577659,0.076793870146
0.426653599519,0.274322303541,0.121154054321,0.085498085856,0.134113801656,0.230958044110,0.227280824181,0.114675375081,0.080332567430,0.123849715272,0.378131669768,0.577954757195,0.192382292133,0.054445009815,0.022573711872,0.016068616721,0.025127342673,0.019765273815,0.019055387933,0.023359505357,0.027181928777,0.026387676882,0.020725996409,0.016417044444,0.021357640143,0.044022328934,0.058538567963,0.088236510240,0.115135476724,0.181009375214,0.199191462731,0.156038028558,0.066667955124,0.039078379103,0.038893189183,0.044787871099,0.043992092980,0.031018359721,0.025026860960,0.022077631950,0.017836253079,0.011112922638,0.005363709865,0.002939897730,0.001798925718,0.001204731234,0.001080034770,0.001718897794,0.002090554269,0.005273574632,0.013201338910,0.012780225925,0.009457319376,0.009233594467,0.017570400287,0.025537002431,0.014249134431,0.015176922675,0.046729812569,0.168958606831
0.494280508058,0.474502820416,0.226910360438,0.118295800256,0.131455203991,0.190314760024,0.154326040434,0.058886085766,0.039078899260,0.065544742542,0.287792161573,0.420334751660,0.099306153365,0.015606311215,0.006456648298,0.010209004358,0.020404013929,0.021617334335,0.025245791218,0.029238137934,0.027375747473,0.023529856120,0.017568147329,0.014386961358,0.020948818056,0.021847432475,0.024838016943,0.050037151738,0.082790322811,0.169042388728,0.266502162095,0.226594478116,0.086573445240,0.038345332740,0.032508640502,0.034190753015,0.033687606628,0.023431423620,0.019961351173,0.016285791906,0.014058517209,0.012682612312,0.010948654447,0.008457884320,0.006580988337,0.004068584682,0.002049116921,0.001204212114,0.000827847455,0.001817953516,0.006942583288,0.012590221813,0.014759465238,0.014852835288,0.011953314492,0.006289416035,0.007951160048,0.023755131545,0.058669252866,0.157396533279
0.458954738807,0.404874729312,0.279654353042,0.238081296963,0.305462834886,0.256071302327,0.123155784434,0.055659045115,0.055616938660,0.118811573440,0.338924469416,0.248228316531,0.043740659166,0.008543091344,0.005960551363,0.011356224821,0.024808253081,0.029267937024,0.032851149597,0.033675837913,0.024896005636,0.017585575005,0.014594081436,0.012716566013,0.020385841015,0.062491005137,0.045628039377,0.040357940775,0.074557272382,0.164545688668,0.255713000566,0.233833011955,0.107523907742,0.059155643364,0.057531020460,0.057803261300,0.046396995308,0.022320338171,0.011416716084,0.006459107102,0.006680320279,0.020889537861,0.056157059330,0.058700600921,0.030937531036,0.008706859270,0.002228225804,0.001128422411,0.001056972117,0.003155373496,0.016697085265,0.029111569702,0.018737767954,0.009719999043,0.009052960811,0.015154505181,0.026515777884,0.051028902966,0.098608983205,0.217383812404
0.336853821598,0.256174343696,0.265761541326,0.339635264358,0.432687087961,0.332720586879,0.184419600877,0.102430320175,0.129366052634,0.239994723111,0.348126804564,0.205906932103,0.066275172945,0.027167237342,0.017266157755,0.018283738618,0.025976968723,0.028446467703,0.036158177309,0.032474798954,0.022573143639,0.020572872009,0.022165699161,0.029139231573,0.043470798162,0.074471229210,0.073477928783,0.054229292380,0.080617054703,0.169597114497,0.218885544269,0.193539549254,0.094631958902,0.056644552097,0.049305908902,0.045512132921,0.046527997061,0.043260369710,0.032269172860,0.018557010904,0.012220778045,0.019262409631,0.046757391917,0.076949883460,0.060543491262,0.015559808237,0.004123140123,0.002640274686,0.004209199620,0.008282919598,0.020855233093,0.037510136176,0.050565647939,0.055011291196,0.085367035291,0.080766049075,0.045710407902,0.031647179401,0.073093383729,0.209798737800
0.382297219468,0.201882875855,0.119582714897,0.163157398732,0.270574765370,0.326151845062,0.317212141624,0.259819693107,0.300636896584,0.417571606913,0.380984926160,0.181146236456,0.077636337238,0.053065110191,0.036120282589,0.024122004095,0.025078204016,0.027562477738,0.037683951390,0.030646671822,0.020883923849,0.022533093961,0.025476967331,0.032379612460,0.040202353726,0.061208503987,0.060840181657,0.068581241656,0.108073824330,0.173543628307,0.172018571473,0.131386934315,0.064956580410,0.046064976436,0.053076608598,0.067656689838,0.086078471520,0.104013746049,0.093289977060,0.054099656663,0.032366705029,0.029715905553,0.036742438177,0.049214394797,0.044374737762,0.014342132391,0.005073764425,0.004984524960,0.009264025660,0.011967376701,0.014800514312,0.021055205670,0.059192713859,0.178690563324,0.245387891955,0.100404195735,0.018248909020,0.006140756795,0.024895834337,0.150347283113
0.251202069819,0.166135490313,0.068864896827,0.046780601641,0.072705349173,0.100932594444,0.113486161811,0.186131835115,0.471275069316,0.748025174694,0.451445201985,0.151062364926,0.075864310188,0.064228289715,0.043797440278,0.029090999016,0.037910852921,0.060321738478,0.091706907708,0.072091435365,0.030754139026,0.023151875765,0.021573269604,0.018060543222,0.015381878316,0.019897156217,0.025425145232,0.042971364493,0.090461415868,0.146573010579,0.139762643397,0.081294815895,0.037525474249,0.029749621405,0.055951264070,0.117329169571,0.170275163046,0.117701011849,0.049706918542,0.027212420959,0.019993336862,0.018586020571,0.018340837271,0.021436839042,0.023551719902,0.015697181788,0.008218333417,0.006914971820,0.009902306791,0.018655840094,0.029223718477,0.039331674301,0.049369205724,0.078475474511,0.086724968980,0.033304749670,0.010061020714,0.014047986759,0.029378921893,0.101993570994
0.121423465366,0.083565402537,0.040865063588,0.030474782884,0.030560256116,0.034692434890,0.030871761832,0.042277602480,0.130413160978,0.722882433674,0.771700958601,0.161145216259,0.055393209809,0.037162457671,0.024097211264,0.021353919559,0.039166841778,0.062339363906,0.063139047067,0.043881790319,0.028166475570,0.023269618961,0.022994943558,0.019681561803,0.014278366064,0.011422986763,0.009048362172,0.011152563870,0.024004968029,0.044729907797,0.053826243408,0.036578065019,0.024152894163,0.025083058136,0.053206797731,0.105767618847,0.130153690948,0.086702055873,0.044886173245,0.025351889242,0.018470675916,0.013120405653,0.008847856583,0.007404601120,0.009105040161,0.010117925269,0.011881027982,0.012166464423,0.015213072254,0.026624367170,0.043382803640,0.052293037624,0.046354184136,0.034357474278,0.022260727766,0.023449323060,0.031287306984,0.034336703726,0.038191943466,0.072958333425
0.073775836542,0.041531350765,0.025540674447,0.022457121376,0.020943784710,0.021046723245,0.017752736392,0.022605056328,0.041342158018,0.296541255837,1.006033226279,0.334178588568,0.068578088202,0.030223822405,0.018213370417,0.014631133500,0.018176191743,0.019707117971,0.020518983601,0.021594707117,0.020116477931,0.018291857926,0.017965844197,0.015744941485,0.011608634563,0.008065420607,0.004823005485,0.003381784335,0.004212110114,0.006203507946,0.009995724851,0.013231795834,0.018875946752,0.028309404235,0.051035507499,0.092308248402,0.104033166129,0.076821413485,0.045184486292,0.023942219519,0.014887051804,0.010664312152,0.007353686682,0.005758719987,0.006820329695,0.007913663339,0.012069149347,0.014305669219,0.018098413250,0.028625888498,0.052006566040,0.076533610159,0.069205398059,0.046515886991,0.031931742958,0.038276557458,0.049134349876,0.070530282917,0.077547557556,0.087864255888
0.073835074848,0.042733243561,0.026415894788,0.021048036127,0.016633556898,0.015097215847,0.015160915694,0.021697862126,0.031406132677,0.074566342321,0.570549926577,0.907216815467,0.207802127835,0.042841431315,0.018472340828,0.009943995210,0.009028729226,0.009605917963,0.010018475336,0.011333895441,0.012485194556,0.013849771677,0.013632309785,0.011470500659,0.008668808114,0.006061559725,0.003845472314,0.002577865781,0.003001749429,0.003825070849,0.005645794140,0.006796584287,0.009446547115,0.018869193324,0.043554064752,0.081642793511,0.087908114307,0.066352146045,0.043114870999,0.028207123541,0.023327418303,0.019555596273,0.013272667108,0.008718052790,0.007866331976,0.007735101361,0.012531515209,0.016801235177,0.022461884510,0.032009944118,0.056492280796,0.087009398815,0.093476327328,0.076933424968,0.050907691587,0.050795560970,0.061151246069,0.086666639630,0.098995032245,0.096933322237
0.082873341189,0.056048573738,0.032803555564,0.024031060539,0.017646528903,0.016149608150,0.016397402722,0.021657673245,0.028713496008,0.048055815959,0.159156546018,0.906118397897,0.553728532487,0.060727492832,0.016052025592,0.008115307335,0.006918030121,0.007774362104,0.008139479795,0.009325779102,0.011144986785,0.014541169651,0.014158670712,0.009767656410,0.007514595539,0.005539641829,0.003966709661,0.002843365742,0.003432670994,0.003961945541,0.004729181474,0.005035978373,0.006358602566,0.009869294949,0.025105970745,0.067314463524,0.074660686091,0.071282695602,0.055303572797,0.038002497798,0.033928785128,0.032662565594,0.025346995214,0.015772688948,0.011309520664,0.008878893730,0.012376063095,0.016716620422,0.025051289791,0.036685720363,0.059769131294,0.094839838942,0.110152119917,0.088944506887,0.069233093346,0.073095815066,0.075974899124,0.080692512651,0.084647808795,0.091943272610
0.093869661528,0.085278197695,0.053736007180,0.033433867766,0.020227718699,0.017655576467,0.018643885937,0.023387112872,0.027908721873,0.042686373681,0.069888087629,0.502198796648,0.965391818506,0.114703851292,0.015941301040,0.007776055404,0.006372958844,0.007644018727,0.009235422037,0.011984580727,0.014688813490,0.018027522979,0.019078532946,0.013322426825,0.011337944408,0.008788720224,0.005902557195,0.003768960033,0.003100730668,0.002739975835,0.003264880010,0.004522924378,0.007739025545,0.012930558973,0.024132437927,0.043489583050,0.061071894685,0.069652233640,0.061994727016,0.047848120664,0.044720674870,0.046817587245,0.042946171242,0.030439230150,0.019108716452,0.011995631118,0.013319584388,0.018401686934,0.028473098908,0.044405504488,0.065427700531,0.092632874160,0.108235772477,0.126005623231,0.115626997691,0.103639174547,0.088091636158,0.077437417760,0.076016545550,0.087718527536
0.112785788968,0.108004585915,0.066402897475,0.041117050516,0.024469521122,0.021449004667,0.021929730401,0.024700551431,0.025175405571,0.035598663588,0.057245521950,0.308665443598,1.077646203426,0.267060991136,0.025162365517,0.008761597792,0.006790050475,0.008467242106,0.012595596153,0.017308661414,0.019053809535,0.021292329181,0.025318423141,0.022412709800,0.023464996713,0.024975189122,0.017217085736,0.009322793224,0.004404190653,0.002887159608,0.002950541117,0.003776052333,0.008103219543,0.016163612524,0.030422354895,0.048351759108,0.069654567079,0.093615514457,0.077558746266,0.061293872115,0.060084487816,0.067864508613,0.067272824348,0.048345632503,0.027888647008,0.015509403486,0.014990950579,0.023575872852,0.046711411489,0.061710407963,0.091244749674,0.136162067013,0.161187241433,0.193141116736,0.179015933384,0.148735159786,0.109210567070,0.082999427612,0.078993203955,0.100076095122
0.130673060238,0.119035305700,0.075581651891,0.044179040422,0.023944646389,0.019806350091,0.019791366278,0.021076114034,0.018893418688,0.024317935025,0.040429132252,0.204103761841,1.037798807335,0.333852906662,0.033492328225,0.010933483768,0.007738785491,0.008981493596,0.013318542139,0.018743807909,0.020545136925,0.022333539599,0.025385776252,0.024396061800,0.026054402628,0.036025765340,0.033967612854,0.015487056989,0.003839015233,0.001573228847,0.001450179593,0.002246395268,0.006717936670,0.017552020148,0.033778120030,0.047384763534,0.065670358546,0.096900143643,0.090690904027,0.069581599912,0.068959330178,0.088008911424,0.096878736776,0.072630670757,0.038604790982,0.017967707867,0.013852752057,0.017868022361,0.035291103463,0.074535574984,0.132714051396,0.209079361164,0.235988531243,0.245084152801,0.205574427390,0.157960364036,0.119632290954,0.099123378188,0.100229388392,0.124146260075
0.122414420542,0.118404997353,0.085857817092,0.048867573549,0.021213640846,0.013169477763,0.010371349588,0.009896052765,0.009204122915,0.012840087602,0.022670724887,0.106510164436,0.956935234022,0.360333786238,0.034345246944,0.012222182102,0.007965469333,0.008363846723,0.013030300105,0.018771819056,0.016643734094,0.012381059220,0.010637614892,0.012158429933,0.021196049327,0.028199474348,0.019570452600,0.007190506279,0.002275843771,0.000817637751,0.000623340597,0.001013329769,0.004021990509,0.012966546108,0.026573192368,0.035533000179,0.048989734006,0.083189324929,0.089569243203,0.067458815877,0.072607617900,0.097583359120,0.116547350918,0.091922075820,0.046689847184,0.018410330643,0.010939637897,0.011708467001,0.029122843766,0.083824136877,0.168525793137,0.266244808903,0.271691382045,0.246662119642,0.201274514701,0.157388197322,0.125398029892,0.104225849590,0.098177354556,0.115463781899
0.111469385087,0.128101426174,0.103506282352,0.053100858535,0.018673547250,0.009218082634,0.006052824086,0.005324121061,0.005549883786,0.008396183656,0.016032120455,0.106723171638,0.894071679331,0.292138186142,0.031085223327,0.013696829631,0.010373656356,0.010800121093,0.013487680692,0.013785177055,0.008722808089,0.005495347265,0.004719278683,0.006830229169,0.014108630756,0.017523462410,0.013865571112,0.005947564414,0.002208503848,0.000801689080,0.000531161291,0.000714389484,0.002388386355,0.008819295194,0.023080687885,0.034215358695,0.044691991536,0.077903793288,0.080160150140,0.061041231737,0.069004127266,0.098132630456,0.121276504513,0.103532371381,0.060500516819,0.025587749585,0.013800365228,0.012796903772,0.029363136456,0.088106125596,0.186860179202,0.291257167867,0.273725916536,0.215199746449,0.168988790563,0.147680542646,0.137920588292,0.117333769567,0.097591557426,0.098084363738
0.109967087585,0.150829805733,0.136441697726,0.066193692425,0.019905069700,0.008227392635,0.005269851704,0.005044026373,0.005632394248,0.008049696463,0.013506902110,0.103422986758,0.842759786159,0.255647289206,0.026430074108,0.015910198414,0.015755112673,0.017332860142,0.016363483276,0.011523602810,0.006260187107,0.003935747925,0.003074982070,0.004008000458,0.008063614170,0.013257756096,0.014409695016,0.006474246358,0.002141077322,0.000791221298,0.000605121131,0.001000430451,0.003024389664,0.010298166236,0.027908708121,0.041012942349,0.047939590972,0.064909872456,0.075934322898,0.052590985634,0.052512341193,0.087546403082,0.124751289708,0.119707456308,0.080656070628,0.039778087368,0.021551742837,0.019193505984,0.040786820484,0.114662804684,0.223016730154,0.305972423568,0.258998000798,0.180240310878,0.140564193823,0.143762191975,0.155967145274,0.131122068713,0.097043415749,0.087058032728
0.126522394095,0.190326777619,0.165537652354,0.065104174025,0.015042009870,0.004862304195,0.003301596258,0.003781946016,0.004713307387,0.006396004451,0.012947876662,0.206914813815,0.791848170402,0.099263816351,0.015392359209,0.015217016107,0.019264490867,0.023810082203,0.019798443137,0.011396905289,0.005539747798,0.003023977834,0.002101930904,0.003584501744,0.009349059880,0.014142257777,0.014106539746,0.005127972440,0.001777865781,0.000745392778,0.000603848564,0.001053219157,0.002878193464,0.009810745324,0.027015086124,0.041244515449,0.056321849365,0.087539886968,0.056494565531,0.034740742956,0.042222106330,0.082293029007,0.138537647390,0.139389077052,0.096759631343,0.053071346869,0.030312315967,0.029597491833,0.062507281451,0.154352333097,0.252632831879,0.296279777355,0.235464279920,0.155279644413,0.118343837891,0.135581253226,0.169425976069,0.146163118120,0.103164110053,0.089818062347
0.182858728715,0.248717518929,0.177977670849,0.054429285675,0.010400424967,0.002756676886,0.001844364101,0.002316023415,0.003213505219,0.004959057067,0.071928341021,0.651374027248,0.440531360109,0.018450289697,0.008017751096,0.011668295149,0.018878040068,0.026037804094,0.019602076937,0.010393438538,0.004522972801,0.002289304725,0.004404619650,0.011454398880,0.014265541982,0.007875933169,0.005712175536,0.002848626109,0.001600421971,0.000857586237,0.000694773287,0.000971942639,0.002567425487,0.008714880770,0.021250751852,0.031833451307,0.046505703153,0.072299874790,0.049383592679,0.035249828676,0.039445232134,0.081199373886,0.149576577603,0.155320896744,0.105232670809,0.059224297035,0.034227024649,0.037164760009,0.086421247033,0.190153413970,0.254092548688,0.256367978994,0.212957344095,0.148071446336,0.106276637684,0.109309703403,0.140248713477,0.135579100794,0.117570710253,0.127954351447
0.293866713682,0.321983141797,0.204069695547,0.064263292788,0.011818087388,0.002830979952,0.001820221224,0.002736825541,0.012259139180,0.139915196003,0.635750004838,0.298702731812,0.025897988575,0.006596420408,0.006808089686,0.010518808888,0.018284919936,0.023586805579,0.015394305160,0.009522699528,0.017483046881,0.028579632649,0.033963770776,0.031435404110,0.009981500828,0.003238200256,0.003421036762,0.002521025782,0.002162378375,0.001667173754,0.001524123681,0.002102788672,0.004054707155,0.007474072462,0.013017020413,0.021539913820,0.043969597012,0.078671669385,0.085043075067,0.074166621789,0.058767781309,0.084063531701,0.140648351034,0.164788296262,0.127093434890,0.081592568944,0.049203398125,0.053385940863,0.103941414592,0.170486906381,0.218003267080,0.261085693789,0.265517445628,0.167252005800,0.092192810997,0.085159773704,0.132587403039,0.166710122807,0.188095830264,0.228136626840
0.425225353678,0.299889884772,0.194580575843,0.096356005622,0.025801786778,0.006449943286,0.008581443944,0.068339449502,0.391462178516,0.488815617351,0.096818163464,0.019490807606,0.012097082883,0.007023153387,0.005427531550,0.007234522141,0.011906038305,0.020747418337,0.057521695490,0.052091476877,0.024738271584,0.012692007563,0.021013257760,0.020681693925,0.003100283141,0.001865625045,0.002581301564,0.002919302753,0.004306582526,0.004921892257,0.003669921332,0.003283527030,0.004517607279,0.008359187527,0.015227412654,0.027867683838,0.059541153715,0.099207973873,0.081794399642,0.065098861934,0.062470395652,0.083719951420,0.128910935637,0.171859578220,0.163966964684,0.129667532203,0.072343218896,0.062383065159,0.077999837900,0.102244583745,0.168370440640,0.304704426404,0.342919879628,0.179894605133,0.081121712211,0.074198366120,0.145500528177,0.215495752946,0.237659832320,0.304929606090
0.371654005671,0.227323638627,0.124291075677,0.073998547411,0.070438118837,0.125581260717,0.227323545735,0.239585162060,0.124812802709,0.094696787213,0.077303978167,0.036485628475,0.015385054589,0.006166914418,0.003533637182,0.004255491581,0.008601432346,0.018178556411,0.021959975943,0.019301046137,0.011978034238,0.005645702480,0.004142287221,0.003501790112,0.001972259634,0.002180320128,0.003431889876,0.004083152684,0.006229251492,0.009322686056,0.012076583403,0.017138675566,0.027577548428,0.047994415862,0.061252350902,0.056824655783,0.045413502266,0.044517952948,0.037660531086,0.049007022824,0.088843276039,0.158478122329,0.202198708670,0.251041440639,0.219690587429,0.168300036851,0.071407319525,0.048505368843,0.059076499404,0.105358846168,0.221758884543,0.372190529080,0.357303499656,0.210505170472,0.130408980666,0.172620257567,0.283079712409,0.298810315661,0.337336833144,0.393176705838
0.267750376054,0.146364404465,0.139750056333,0.225886563596,0.307976579924,0.192616902891,0.064752661127,0.038709980305,0.063383086836,0.103171491431,0.097394488712,0.039705241759,0.012909431998,0.004287864048,0.002311459502,0.003659566621,0.011316050484,0.019060272610,0.013823030721,0.008869274695,0.003878680903,0.001348756795,0.000754711836,0.000715904903,0.001149972623,0.002293194484,0.002904206263,0.003384839443,0.006615032088,0.017556048095,0.040127252223,0.070994412872,0.100131877299,0.112513102073,0.087952295365,0.054603226271,0.030010563527,0.029538610362,0.036191077320,0.052152299813,0.076778187177,0.118162334377,0.188493305774,0.256046670850,0.214070983457,0.157006959303,0.063841360725,0.039972909793,0.050755042208,0.097774113141,0.211452766171,0.314869343537,0.264816361744,0.199382346140,0.225050743310,0.188513628949,0.168536560699,0.254128784394,0.411661453579,0.416610688202
0.440313332705,0.434573273029,0.283613700489,0.191804393470,0.119463329880,0.074268690900,0.052649545132,0.047071170766,0.074265572553,0.114527354998,0.100171291157,0.036989557327,0.012106446463,0.005170411396,0.003706888738,0.004667151296,0.008656402861,0.014178811247,0.016096923334,0.012735242256,0.005922901864,0.002949218993,0.001577199946,0.001116686124,0.001335298394,0.002669538164,0.004085717338,0.007147119464,0.017403277078,0.053284643438,0.122378662514,0.169107050204,0.177364781795,0.154156901558,0.123913944270,0.092510415694,0.056349691748,0.048358063275,0.046668775012,0.050204863101,0.058898517006,0.089854664343,0.172166087185,0.290578427727,0.285569680380,0.182249220207,0.068592137449,0.040695020870,0.055379895612,0.106864314314,0.229965555595,0.306722757615,0.314673848385,0.281121535338,0.176065665114,0.128471004397,0.184832270401,0.311187052540,0.421094177478,0.395722157942
0.293056129478,0.207444528888,0.150656541374,0.111392835722,0.083032763608,0.060350866964,0.047773318300,0.043706146856,0.062875623894,0.079965191514,0.066355765808,0.034643213366,0.018853867088,0.011678690017,0.008130370409,0.008082051463,0.015075102988,0.028766303583,0.034871181890,0.025323321168,0.010758782570,0.004503420397,0.002174662716,0.001595661027,0.002112460855,0.005801951835,0.014475076179,0.030417153700,0.053773026797,0.105894244963,0.167949572721,0.193711116416,0.215560713447,0.210067293930,0.185381830416,0.135055006784,0.071199933579,0.044166045164,0.030911280932,0.026957154105,0.040283181671,0.089572083581,0.199080649135,0.328941318624,0.299139988619,0.182946210690,0.067059753705,0.036862047618,0.049352902676,0.108797616009,0.281004534478,0.344859081823,0.239162332016,0.144742434110,0.089809733304,0.077374844770,0.168108884052,0.459514882881,0.661755508966,0.444624328037
0.223494058902,0.158454531889,0.131320004806,0.116032450030,0.079912769008,0.049145125994,0.033661793287,0.028936177529,0.038837178801,0.051324380116,0.057681487096,0.045580300660,0.027830689683,0.015577657255,0.009805677204,0.010156511505,0.018899070345,0.030450412180,0.038782422283,0.039934407022,0.028699655600,0.013899459183,0.004482698184,0.002191586145,0.003719755108,0.012173623170,0.027750515341,0.056574169001,0.088261362593,0.138270885185,0.183194312821,0.201324490792,0.241074300255,0.253590555526,0.235978966598,0.180353541963,0.100795644384,0.058243898783,0.033262219539,0.026280286123,0.038780007714,0.087249226308,0.187396184316,0.321631450478,0.316931573951,0.221213419861,0.090024208269,0.054794192839,0.067665006914,0.124214520303,0.299896172774,0.440065182283,0.269526744570,0.131564304086,0.081930691072,0.097940625200,0.263664034646,0.586706682046,0.528942835048,0.305732051920
0.320688656519,0.215843384400,0.111972491993,0.057266389048,0.032769233064,0.025008554201,0.022303422639,0.021847292523,0.026551637996,0.029176108636,0.032323299005,0.040046442304,0.039532317272,0.028652644017,0.016803346315,0.013834567029,0.019017488740,0.022911586897,0.020931075128,0.027433565267,0.089796321712,0.047677136956,0.013609688962,0.005344326660,0.006523950823,0.012781067466,0.022184762962,0.047106345972,0.088173942217,0.151025124812,0.201838532016,0.201192177393,0.222764592424,0.234354758843,0.249881149433,0.242287682466,0.180808701322,0.118232125783,0.065688574943,0.046053338272,0.054076291463,0.089033269163,0.151585530792,0.278484344962,0.359097729965,0.330377394680,0.180911386610,0.122068146519,0.115707944806,0.165098622957,0.290519908837,0.361571432655,0.278624931906,0.284649780256,0.262965802617,0.202505399224,0.189238514750,0.247803252164,0.353319125258,0.395430846713
0.251195165889,0.173384395333,0.079201682772,0.027248339739,0.011259402518,0.008071931263,0.008070670257,0.009785893648,0.013292231607,0.016718671316,0.021703607156,0.031006302599,0.032340019273,0.024409789106,0.016923167987,0.015124945392,0.018828578728,0.019193156911,0.016834461047,0.011955168358,0.008335262346,0.005586995073,0.005230715622,0.006474010712,0.009251493368,0.015530160825,0.023304240382,0.045447620437,0.078364256943,0.119211180274,0.151239203589,0.145775737050,0.164219788186,0.195344415957,0.263499744634,0.318332972451,0.277645324252,0.185255381449,0.101985362515,0.069908027061,0.074769873427,0.100367741495,0.128719852415,0.206302389488,0.286906637279,0.369732819700,0.290986498597,0.187945647471,0.167636713882,0.182411424512,0.267031617800,0.362937362522,0.328685050651,0.296567674038,0.228143947364,0.150063778467,0.153199598206,0.208425929119,0.271925970897,0.288650105229
0.150170487964,0.053996816611,0.019049311985,0.007842627089,0.004247211701,0.003569470117,0.004020987920,0.005146048640,0.007143199558,0.009907547683,0.015363362234,0.023687489382,0.023958510509,0.016942510963,0.012268089041,0.013038331434,0.021175856722,0.024251483567,0.018433876884,0.011530237774,0.003285951953,0.002962632960,0.004099104411,0.006836998785,0.013506495346,0.020847343859,0.027404395814,0.046412783571,0.066206580623,0.083910760716,0.101118772569,0.101071977509,0.125062055770,0.179957636339,0.302589346165,0.417809238057,0.382471943456,0.258930713324,0.150998135093,0.107972077542,0.109910894608,0.124276650622,0.118351800652,0.160139126520,0.231913505098,0.357520549684,0.359172646449,0.245557953568,0.195736682417,0.171423607527,0.284557547205,0.364728743620,0.239759515613,0.169500894030,0.120248934889,0.088437468261,0.118152663173,0.168717915238,0.225854658023,0.246719045515
0.143603803477,0.024443276175,0.007119424635,0.004131324326,0.002901491481,0.002455622667,0.002731836497,0.003545386418,0.005202381854,0.007926856412,0.013634215182,0.021407065282,0.022158359267,0.016648288953,0.011887112391,0.013745175188,0.023221292482,0.020123421210,0.010386009230,0.003272540869,0.001385307307,0.001607029398,0.003352424441,0.016503535415,0.036200317437,0.020276830108,0.021581310230,0.029576822081,0.034608104740,0.040661891101,0.055478186312,0.065349013936,0.100451025594,0.188944847956,0.384226446670,0.533078798357,0.459848884232,0.313336422799,0.190469346642,0.136142243642,0.129992920367,0.132199413539,0.111030154480,0.138987028808,0.186519139023,0.284532776448,0.348004711608,0.282467531811,0.243982276877,0.220764111870,0.243908051320,0.196883242298,0.118308565867,0.108806831360,0.089051512465,0.055490004682,0.049854464654,0.061136060114,0.117438953021,0.238408755304
0.077367821432,0.012552604775,0.004394017857,0.002517951482,0.001712553199,0.001487675793,0.001832404064,0.002739469812,0.004646546220,0.007958319397,0.014192428044,0.021771177332,0.025801790882,0.020413970092,0.012674958184,0.009820329504,0.011186739581,0.009273839397,0.006542682160,0.002896953641,0.000811400315,0.000444045325,0.000793655744,0.002302089924,0.010977508734,0.014132730095,0.011809299282,0.015990664851,0.019363934710,0.024881219106,0.041223902159,0.054957473690,0.091331044752,0.180953967341,0.406022862745,0.614885199512,0.503561887209,0.319090778716,0.197373758512,0.143089455419,0.129975568283,0.116521173504,0.083136195210,0.095423218544,0.126558898722,0.205164593015,0.299375168389,0.289585851975,0.255889696265,0.248325718999,0.229107337130,0.140098980707,0.074130994653,0.072052444819,0.061848488111,0.039794902410,0.018437808024,0.016102278467,0.033874854081,0.106897560166
0.014456468158,0.005756143148,0.002790004306,0.001471801860,0.000922014878,0.000790774320,0.001052572202,0.001797659375,0.003475767108,0.006457445966,0.012061152091,0.021318692956,0.032138099581,0.028562048278,0.017568848941,0.010705459652,0.008113076366,0.003875085688,0.001606871740,0.000503886965,0.000153694758,0.000117253212,0.000203117052,0.000585725994,0.002039091179,0.004370751694,0.006710842985,0.016007086779,0.028477077047,0.041676978925,0.066561531777,0.081642287852,0.123435010503,0.205845094421,0.393036148276,0.614861558391,0.547803690537,0.328652459962,0.190716257385,0.131111448116,0.112384834404,0.094882068465,0.068954990481,0.080489896371,0.096443306200,0.140723035415,0.239030151320,0.312682916144,0.302418111202,0.216704933229,0.140196324350,0.113665775958,0.089533673504,0.067125583084,0.061726999738,0.035603196068,0.008170026888,0.004780363344,0.006522866714,0.017643251449
0.004055194967,0.003046249996,0.001624784031,0.000793385899,0.000463440270,0.000392254764,0.000565569299,0.001127898231,0.002532914182,0.005077315061,0.010374600523,0.024218961298,0.040395765903,0.032106849294,0.018071985902,0.009306093435,0.004783267311,0.001508197785,0.000475880284,0.000483117619,0.000399741146,0.000064797444,0.000063186729,0.000128705365,0.000463899808,0.001538395429,0.004851525742,0.022422463874,0.053421316477,0.074900061438,0.098864846225,0.105624780400,0.143168580525,0.212448636747,0.387887633718,0.628646895229,0.567481616901,0.310701367699,0.161004983805,0.100394056345,0.080541452987,0.067936057883,0.056428299771,0.073351320394,0.085613514910,0.110182198822,0.179290691907,0.275604755903,0.301182498167,0.223453236594,0.131343814646,0.100135299749,0.094516989216,0.102070981224,0.052830979572,0.015343521167,0.001716699918,0.000249359855,0.000160118999,0.000544663026
0.002496167213,0.002533714368,0.001227530363,0.000592018669,0.000359530699,0.000328730795,0.000521307284,0.001182718219,0.002700458960,0.005443707316,0.013337005126,0.033650223502,0.049829515821,0.033537339381,0.017105261987,0.009471277969,0.005591432711,0.001740635646,0.000339732987,0.000070294598,0.000050000000,0.000050000000,0.000050000000,0.000056778883,0.000161601693,0.000918096088,0.005942751725,0.035885457999,0.086094827783,0.107654429717,0.112409416132,0.103549962619,0.141680166177,0.226133187614,0.429382080640,0.667167874885,0.581773820510,0.301559874483,0.137752862226,0.077432984763,0.060977447404,0.056616084969,0.055460671107,0.073714627929,0.082340688788,0.097205138194,0.133058847946,0.191177827258,0.231037913311,0.212169668974,0.135309218253,0.096153129200,0.080638932354,0.043251104136,0.010423194331,0.000625618716,0.000057513496,0.000050000000,0.000093791981,0.001353373132
0.001701019719,0.001401572259,0.000841647214,0.000488800585,0.000372724998,0.000446458824,0.000960493300,0.002487085750,0.004908048311,0.007269077437,0.015713480503,0.072374551174,0.103051722869,0.036841190321,0.015226019179,0.009378343760,0.006712334529,0.002383925304,0.000483865839,0.000179582400,0.000120062166,0.000091173745,0.000093314281,0.000377011697,0.003262720361,0.006395206148,0.011640213486,0.059343862379,0.128472299842,0.133892246948,0.110952140180,0.101443432295,0.157042005980,0.270224660089,0.477268354059,0.683827691049,0.656881696409,0.378638411724,0.164303343369,0.087080112040,0.067415886525,0.067385747138,0.074925991894,0.086634993094,0.078757994597,0.077055807410,0.088783633278,0.117932707167,0.155284125044,0.169699413802,0.124240333810,0.092001297516,0.068206805049,0.031547678239,0.015787464651,0.003989650697,0.001435181750,0.001330020255,0.001377505181,0.009849865917
0.012181872957,0.003024646272,0.000856618208,0.000441209352,0.000367569253,0.000498593758,0.001352401426,0.004451213410,0.009098628198,0.014360093683,0.029190467070,0.065430631738,0.071215666401,0.026924372974,0.012139248962,0.009220009914,0.008045093569,0.005054039435,0.005778951446,0.002900682046,0.000210268110,0.000075125574,0.000139150796,0.001451400383,0.013305242258,0.016967250792,0.023874807774,0.081816443699,0.148692463475,0.175565961331,0.158232942737,0.140877002147,0.189127672105,0.309152193043,0.515144141182,0.665372248207,0.683875790023,0.455594469250,0.210809093283,0.118666701228,0.093884302463,0.095110559532,0.105274779218,0.127135442810,0.115172640482,0.082356538635,0.057278238179,0.050196837444,0.065384065707,0.100487915840,0.080098388263,0.035036009344,0.011033990340,0.005097679124,0.006603297362,0.003381000106,0.000698189361,0.000863565611,0.002345185721,0.017202629281
0.021560760045,0.019078131787,0.004214043728,0.000851010632,0.000564413770,0.000748013940,0.001882944896,0.005583960195,0.014969577655,0.037550813544,0.073973296318,0.091672973649,0.048561062039,0.014538223229,0.008786050905,0.008484163722,0.010707171124,0.012140354521,0.007216827471,0.006584572270,0.001343992365,0.000195663367,0.000135501555,0.000744833469,0.016265040007,0.069561884845,0.065782378952,0.085865105190,0.138037112245,0.209962429612,0.240530167047,0.189384365470,0.183125041161,0.272589684152,0.497427217475,0.652060835208,0.656184523889,0.442444098882,0.217535953843,0.133918434800,0.154907077161,0.120451882860,0.090987718114,0.133539405556,0.165801433802,0.108529248380,0.045124218495,0.021039772307,0.017797165704,0.024733625760,0.019437205827,0.008706979584,0.002746394392,0.000621196152,0.000382665189,0.000583360078,0.000075381518,0.000081881284,0.000497124447,0.013295410328
0.092576506606,0.071021897170,0.045174264654,0.013516190415,0.003679971179,0.002806960169,0.005311286584,0.010240320530,0.024041482261,0.058658496178,0.080890304024,0.080454357255,0.054491548096,0.016327351906,0.009147444115,0.010035662423,0.014785483910,0.029154608181,0.034144663796,0.032305508837,0.009828946474,0.002282757173,0.000923325148,0.001192827655,0.005055327782,0.023694912550,0.065616605787,0.098602075131,0.099130298415,0.168132480466,0.322200914878,0.288450287215,0.209553019289,0.247319155503,0.471953520179,0.693056636169,0.610981280721,0.365016583908,0.218034075734,0.150050475172,0.119201080788,0.087235090086,0.065948290803,0.111426482238,0.174979359402,0.097353918898,0.050989419644,0.072286806097,0.047335869947,0.029868903749,0.016494145767,0.012068662889,0.003236835758,0.000518170460,0.000184868124,0.000149083213,0.000101692598,0.000116918024,0.001815010325,0.030104760789
0.148686525908,0.077393340305,0.032418014095,0.012949970159,0.008371412292,0.016696308900,0.029553279164,0.035327440516,0.049332799136,0.079379413531,0.073247370391,0.055147906364,0.040213176866,0.019590211327,0.021324192290,0.028972370243,0.038775335258,0.073659210333,0.085576798842,0.077264791442,0.051259334808,0.035099264949,0.029772819932,0.026991766211,0.042515083034,0.080489405028,0.104844993312,0.074816419165,0.076577013811,0.159039214954,0.397698930755,0.362617524918,0.203531660729,0.199138501063,0.362921187775,0.621729047970,0.610768337390,0.399696033654,0.224875592442,0.152061207556,0.113740160232,0.071590705725,0.062462909267,0.092529803789,0.136118131035,0.089567239273,0.073179653287,0.168630144700,0.139780665431,0.050084886128,0.007151457854,0.003043363803,0.002148809403,0.000790258378,0.000652957851,0.001203213773,0.001041726775,0.002617034403,0.014335550572,0.072157920588
0.263376349080,0.100858501002,0.036513468194,0.026825645070,0.033376132582,0.046494092833,0.049223206705,0.055526482686,0.063917188891,0.080994267750,0.067006890710,0.040256911242,0.023823146652,0.022707589066,0.050796126696,0.088466619625,0.109413924448,0.144606379116,0.154040298661,0.169210516617,0.165377174384,0.135308271637,0.130249335428,0.125473323758,0.128900740497,0.136640557521,0.122918264693,0.079727477531,0.092548423806,0.199126513853,0.445738647502,0.394492851479,0.236196072515,0.230080321802,0.370705776859,0.633887685676,0.591972671049,0.382368537317,0.238106493349,0.164928646237,0.114677947998,0.071030873839,0.063150949687,0.075558387221,0.108119855843,0.101412876990,0.079897963838,0.075944366516,0.057036561909,0.039265465567,0.008797432100,0.001044710684,0.000267611924,0.000365051847,0.001340125317,0.006910494681,0.011204738611,0.016414164359,0.040315289771,0.135356608670
0.253256109887,0.242070669426,0.180648315345,0.129319237623,0.082913132390,0.060153911468,0.043521817886,0.050059908641,0.059004074457,0.073516453085,0.067656732581,0.058081333178,0.050914966595,0.067084591737,0.122532575792,0.166477934381,0.176133023577,0.252229242817,0.308853505231,0.254605074510,0.203989689153,0.200392677522,0.248511413687,0.292360294348,0.238962413138,0.160896103659,0.109874343093,0.069094791915,0.085140265844,0.169635047000,0.360640627509,0.382012557797,0.279805757759,0.279639459029,0.415342927450,0.518999966548,0.404918163857,0.236917558997,0.180791173250,0.152083451323,0.134494992612,0.098693197763,0.087160451925,0.091795937898,0.115932867122,0.105484283668,0.075871307062,0.039117814328,0.015737422656,0.005997751067,0.002423839612,0.000942180542,0.000657865610,0.001502866337,0.003072948265,0.011607817635,0.028842439258,0.063922884726,0.111219064384,0.179318585694
0.332632705362,0.354294692021,0.277084288990,0.197462556119,0.111486885974,0.055879301123,0.023314225063,0.020752600870,0.031525678595,0.070137849359,0.111238838127,0.087373085618,0.066202505267,0.086788921260,0.164470398720,0.227028284073,0.218250623196,0.226766178304,0.194682569069,0.167582116199,0.146782386792,0.168979104743,0.227767576294,0.296982640999,0.282022012073,0.188795832845,0.107382607791,0.058343545786,0.063986314749,0.116839188571,0.239829912951,0.288512494272,0.235390182131,0.198245936097,0.212376131403,0.208233678951,0.171846840866,0.132175022754,0.118139438902,0.104288373126,0.117564144667,0.134789347186,0.159644420523,0.165970031520,0.174948847714,0.117579779031,0.057061770988,0.025755853259,0.012857509835,0.006124145199,0.002212786187,0.000670419823,0.000358531272,0.000687131952,0.002599912591,0.014455260346,0.045987709604,0.130149647246,0.213554446227,0.262166928390
0.389038563244,0.333596303060,0.226640904426,0.152868890121,0.080038891057,0.039905131148,0.016946772264,0.011220659196,0.013080356442,0.032812066233,0.089152545978,0.113878421360,0.082125371734,0.083427850565,0.108954814548,0.137258819765,0.160140385363,0.182849914958,0.166355029829,0.162814544731,0.146392846520,0.151020642318,0.193322269729,0.244420490605,0.208321345191,0.133829085664,0.099976372271,0.077281128842,0.089558512068,0.135933795692,0.198256808068,0.160748468919,0.108271140534,0.092909033898,0.115843910977,0.130454859610,0.127522342287,0.116702349243,0.146915590413,0.170528761374,0.193609915439,0.157692561281,0.160895138644,0.165570851955,0.187307869536,0.147865150203,0.076471269174,0.028943489052,0.010998415109,0.004894748371,0.002077666766,0.000773688148,0.000460325652,0.001090648498,0.005655409775,0.029967931547,0.075904308493,0.190252001640,0.324321281798,0.381178113353
0.364517300541,0.293714155654,0.193319118312,0.123410234832,0.065674624858,0.035891455724,0.018220931985,0.011213637607,0.009726028058,0.015797536724,0.031676755645,0.067759548516,0.107621081661,0.133197992121,0.138928083967,0.155557908301,0.188524678820,0.222611835375,0.220311344601,0.201145375242,0.189947735970,0.228792792622,0.228641544765,0.173132069858,0.110424160277,0.092653986470,0.110286202725,0.111695535503,0.113547135315,0.122870613516,0.153535837641,0.163925932349,0.139046356111,0.088568835926,0.091781857076,0.128117990391,0.191645728594,0.219083591303,0.210600224732,0.148709435105,0.128342907446,0.119169150505,0.207396403501,0.266130707684,0.228537705608,0.120098702242,0.052498850807,0.026707573006,0.013031130354,0.005214000222,0.002250909076,0.000852583516,0.000455242055,0.000712434037,0.003096649174,0.020793259258,0.075158807614,0.206907392446,0.343448793938,0.385127961249
0.391634975432,0.331419239623,0.208877620110,0.110656552242,0.058926464762,0.032179324698,0.012795700696,0.008719329062,0.011440610131,0.022841848400,0.044664841525,0.071390478573,0.095181869437,0.124470821402,0.132699785005,0.148773946190,0.190425214003,0.261535029069,0.254886298029,0.247390888977,0.228272353930,0.197766923902,0.127567743404,0.098429049348,0.088562656416,0.090676083950,0.114421755879,0.122142049090,0.127022177516,0.125157421749,0.127398391652,0.152786071478,0.175021113546,0.156453556999,0.130780703287,0.144823337669,0.208096314009,0.227056861188,0.188558827507,0.128587535185,0.121606230992,0.166237518483,0.294697895089,0.278597133756,0.210015438551,0.137773292010,0.078158073918,0.055274406637,0.046716614272,0.020827014492,0.002623733503,0.000771049772,0.000365555768,0.000433050369,0.001263845853,0.008077669638,0.041587885658,0.158350396474,0.298177278338,0.381018787196
0.496466063996,0.347548444484,0.176149605503,0.062485999997,0.019453483295,0.008438668330,0.005000529725,0.006081034624,0.008157844160,0.014538395134,0.032488478011,0.061116011199,0.078319911548,0.088875524633,0.099568624675,0.124028606684,0.151898744697,0.211282168934,0.196905473918,0.156048259346,0.111854787402,0.087534455030,0.065995103274,0.063746115223,0.063579854035,0.058959504923,0.064471499511,0.079842991975,0.110374402256,0.144625544474,0.152109015224,0.123028135051,0.108167318483,0.078179394645,0.063982973532,0.095487285079,0.162680061259,0.193400704142,0.155919221507,0.080464645497,0.068042856572,0.093998452192,0.192131563770,0.236524637339,0.190180941148,0.092145881364,0.048424924581,0.020254574796,0.010727093292,0.006426821196,0.002625512615,0.000778244284,0.000281321132,0.000199101777,0.000366715244,0.001980279878,0.012962823430,0.090385985468,0.295160913846,0.489789243425
0.598564129928,0.438407667122,0.153470586915,0.025901642538,0.004331352288,0.001923939578,0.002038823066,0.004848987843,0.010506195987,0.020971265122,0.035538314564,0.038518112167,0.038419193869,0.056498613028,0.096685325407,0.149548609712,0.147694597098,0.133736528692,0.133629936087,0.125373358687,0.076993450974,0.049365159893,0.042812568169,0.049009868402,0.053327809876,0.042585106354,0.039744972290,0.059495866427,0.103385332978,0.146671603551,0.135568112004,0.100961209204,0.086240253791,0.090491602630,0.077182148814,0.098020274288,0.144631296388,0.163009121193,0.119138066954,0.053630181212,0.038654343431,0.063809023430,0.164161292088,0.222678669259,0.156404299032,0.067934130163,0.030200071682,0.021205782867,0.021409745423,0.023729171668,0.005725789835,0.000916656979,0.000220817407,0.000120669494,0.000183320762,0.000943438176,0.006387762984,0.048212240247,0.184485598592,0.420240152126
0.692872887054,0.432408398017,0.093722554244,0.010510690922,0.001922479967,0.001242202286,0.001784395547,0.005073039754,0.012912347435,0.025187463141,0.024830062496,0.015355946699,0.014700017773,0.033208927119,0.097289062206,0.180468073296,0.175747632414,0.140100637228,0.102052339159,0.077892223017,0.046610327174,0.031285130359,0.028802947351,0.035570513475,0.046193647276,0.041695714570,0.029987720469,0.038712297978,0.076609636907,0.139175938669,0.132990547715,0.085062507997,0.044130557480,0.040294124575,0.062242344659,0.112957264719,0.157077642877,0.140561833449,0.095625972064,0.047053167753,0.035813130303,0.053217826463,0.102982659467,0.129003405451,0.121175621811,0.043319982813,0.016830183509,0.013220308135,0.031228416184,0.048572743030,0.013058613757,0.002226596217,0.000335423901,0.000108945764,0.000188705815,0.000817070284,0.004696093409,0.032094869523,0.134676023907,0.393475730133
0.746478207409,0.410144471297,0.063313506109,0.006596673913,0.001517580834,0.001192213015,0.001893144497,0.005119748811,0.011687099132,0.017880637758,0.011377425704,0.005875594789,0.006934196120,0.019509359640,0.069100377300,0.149429791846,0.192748637451,0.175428074486,0.100919012060,0.060785770969,0.029137817816,0.026323046800,0.028786214306,0.025922692622,0.018762374896,0.017566869762,0.020737166657,0.034011350376,0.069798044865,0.130944275441,0.131544887165,0.088056477942,0.044433587709,0.039647385167,0.067936564065,0.155034675491,0.167910800937,0.114614343251,0.104114771482,0.063082137720,0.034234542619,0.026268487208,0.056818514249,0.109410485641,0.108763659004,0.032975182022,0.010557295221,0.006575403991,0.013055189811,0.044951643770,0.010656163808,0.000642953348,0.000149022553,0.000083046743,0.000120973458,0.000446359415,0.001923422264,0.012026406150,0.073000787579,0.338710743256
0.776481044937,0.367968336589,0.059304536230,0.007727813993,0.001408524004,0.000618093740,0.000654606696,0.002217051604,0.008024137487,0.019022344969,0.015173884032,0.006874979031,0.005418770377,0.011553492186,0.040090889463,0.120468459813,0.200653056046,0.223900429351,0.146746001601,0.067520245740,0.025426429522,0.018910519134,0.017921625365,0.015950708016,0.010537538914,0.011018695720,0.016332196467,0.032221465311,0.071797905619,0.122252162109,0.110763190064,0.084654529519,0.056166732786,0.056427456746,0.084229856748,0.150094067381,0.148138489226,0.121173252322,0.111312059597,0.062375466575,0.028643492764,0.017509846494,0.033046037248,0.049693804000,0.045770333723,0.022898488894,0.009588796081,0.005187603877,0.009984507044,0.045901406901,0.022748093273,0.001058989611,0.000090439864,0.000061494639,0.000078642488,0.000180663021,0.000599919949,0.004696741905,0.048630991180,0.341623709656
0.792746177990,0.334850694268,0.052960347415,0.006407128009,0.000982646170,0.000174882138,0.000161443668,0.000596861991,0.002521347458,0.008693035808,0.012216677847,0.008995211962,0.007991508773,0.015213972336,0.041675203651,0.114110917251,0.172651024963,0.192455031402,0.122308590611,0.061953474707,0.027370168980,0.016414421955,0.009124871820,0.007096332611,0.005165381411,0.006271718328,0.011413355023,0.029265440049,0.075026781815,0.121655708093,0.089393460819,0.059633874560,0.041117324772,0.056943958948,0.108249498459,0.154095307799,0.128522367158,0.100486792246,0.091624899133,0.056521246664,0.027659307238,0.015405708087,0.018669871568,0.025761469924,0.038589290383,0.037217211788,0.016984660079,0.005169030937,0.004340131470,0.016277969639,0.008639903573,0.000798865139,0.000178191599,0.000083709935,0.000050393300,0.000054432510,0.000147508234,0.002438197095,0.048931770257,0.381031102667
0.804683064066,0.321767950826,0.040927755798,0.002742686932,0.000234100290,0.000238912517,0.000318622269,0.000342227909,0.000944836442,0.002802361312,0.004722808992,0.005431050054,0.006673275641,0.013446267971,0.031510790062,0.082203403115,0.137021340536,0.159815983006,0.106174230129,0.048240796441,0.011598504789,0.003955040687,0.002832507902,0.003758394156,0.004341127943,0.006549637792,0.013620513064,0.038595112068,0.083049869591,0.098043314328,0.053685048404,0.032997404477,0.027365715357,0.055040528175,0.133257891528,0.184350491752,0.126692290522,0.085724844778,0.072471017255,0.036193385450,0.016219087667,0.011214205252,0.021841404251,0.033328899370,0.030972196068,0.020249009914,0.010497622487,0.005858546217,0.007318438214,0.054829718667,0.028441432135,0.000954388248,0.000113470300,0.000062117362,0.000050000000,0.000050000000,0.000097339164,0.001652033635,0.042816625947,0.360091441076
0.820887154330,0.382545500477,0.040815358004,0.002133029939,0.000175766060,0.000358792303,0.001029630921,0.000615041752,0.000739232031,0.000805730251,0.000652342383,0.000709200063,0.001464461114,0.006139089276,0.025434719793,0.084446962336,0.146856941003,0.162309854971,0.097837089938,0.031013262496,0.003402908951,0.001069744332,0.001329609393,0.003053320843,0.005457409105,0.009244234966,0.015432041422,0.033055403431,0.070803138818,0.083898991580,0.042265230196,0.025904193828,0.023872746761,0.054891931199,0.139793533375,0.213834751001,0.146729456958,0.078983428321,0.051499338588,0.018411950653,0.007209748056,0.006232309337,0.021950413643,0.028687491720,0.025154069264,0.020879792967,0.008839867417,0.005421380802,0.010266288631,0.051237225576,0.014528135759,0.000202603686,0.000088244564,0.000069903736,0.000051491286,0.000052096043,0.000078296818,0.000790174945,0.021403584638,0.250925882472
0.779940198915,0.498474460146,0.062126743989,0.005251566693,0.000552681814,0.000142316152,0.000113915698,0.000157664439,0.000336251677,0.000651377534,0.000628875135,0.000586734563,0.000834507904,0.003658456737,0.021376227895,0.103789337368,0.186525038512,0.182265884622,0.065707061729,0.015515895331,0.001655357335,0.001026367916,0.002254374155,0.006816960794,0.012696388193,0.016547192162,0.014466042933,0.022354379787,0.062108951332,0.069915636661,0.060744136271,0.060752460612,0.052535813037,0.088063540308,0.162745183116,0.251455480318,0.194203447149,0.097022406197,0.048114122657,0.015088008795,0.009058749257,0.010882063390,0.024582614614,0.019260582061,0.014158035733,0.011303808883,0.002934715582,0.001426538783,0.006627328808,0.040769809338,0.017737976992,0.001838051270,0.000824036178,0.000275185830,0.000092696457,0.000070235612,0.000145229186,0.000990739934,0.015776504424,0.181350068120
0.810047028030,0.503328486907,0.060533369637,0.003047156646,0.000203392014,0.000075233247,0.000083651172,0.000126403251,0.000210006811,0.000476116545,0.001100208773,0.002063432445,0.002730370529,0.005637747561,0.022852839123,0.107374818937,0.158776178966,0.116903445599,0.048645069987,0.020706327592,0.002569392230,0.001465570646,0.002970288002,0.008130349186,0.013463569166,0.016793572855,0.015581606989,0.021234848076,0.029507352772,0.039451023113,0.056094932207,0.081392106737,0.071249002051,0.094948537291,0.150129747544,0.244559498755,0.227540524440,0.117328756997,0.045683036313,0.012383781453,0.009070048144,0.017523697067,0.049922482638,0.035382681147,0.009396922384,0.003212550424,0.001854652990,0.001389930273,0.002523359895,0.014908033954,0.037882481781,0.025013626656,0.015828962911,0.003389958413,0.000949252842,0.000312408079,0.000169699847,0.000757692824,0.015102242670,0.197076030008
0.774038540262,0.552517400407,0.068247697263,0.003159042992,0.000242704060,0.000096701588,0.000090877991,0.000106000409,0.000193567944,0.000535250381,0.001595055176,0.003339852139,0.005039385257,0.010277274049,0.032568472672,0.112554060975,0.158485838677,0.085450410290,0.014490709388,0.004663304979,0.002953142401,0.003131114642,0.004231162559,0.009090894347,0.011543324604,0.013663408520,0.012169487331,0.014018062114,0.021425657693,0.043928101988,0.060535975102,0.084971928712,0.094369785711,0.142462425480,0.188466313537,0.265203376764,0.235178731018,0.097079056370,0.030730678565,0.007966058627,0.008139923928,0.025968034664,0.061730434286,0.031070189818,0.011476123468,0.009233748546,0.008147371836,0.005900752350,0.006781955952,0.036485180089,0.059963653415,0.032320707896,0.015045913893,0.001720919547,0.000149120249,0.000056555681,0.000104474254,0.001085397194,0.019279162910,0.187502843307
0.725843374456,0.597870026587,0.073392130879,0.003689077136,0.000442403118,0.000216402037,0.000235079956,0.000359780161,0.000568789468,0.001135387713,0.002525087826,0.005121316498,0.010025233644,0.023179739754,0.058877551680,0.141171902371,0.152102260779,0.082963961470,0.025127900631,0.012142857021,0.003945217176,0.002557678581,0.003989750115,0.008670862612,0.011498608557,0.015602586119,0.014687256519,0.017131472913,0.026712701845,0.042541360801,0.052493074857,0.081279257639,0.110686563977,0.186324534957,0.242472195630,0.276950029678,0.203549292199,0.074138202294,0.025260565670,0.007702696528,0.007863530983,0.017819555525,0.028572562975,0.016950913268,0.017704714572,0.022594052981,0.020249642928,0.013926792158,0.022074180692,0.053693497388,0.040518497833,0.025352438499,0.008251196141,0.000815967725,0.000099657415,0.000058493050,0.000265217094,0.001424123154,0.015471606582,0.151420462723
0.656028027164,0.716431552097,0.124250583021,0.007751281552,0.000423339881,0.000095434055,0.000098021218,0.000173943684,0.000569629148,0.003472313568,0.015656799992,0.034135216940,0.032989859164,0.034762687894,0.068957008056,0.133417516910,0.141916651148,0.097825813426,0.033321140328,0.011247912138,0.003278309194,0.002198119416,0.003634117686,0.007035251601,0.010268029330,0.018093373228,0.021280040918,0.026212604483,0.035819593144,0.051457696531,0.068204190394,0.092943414381,0.103780211671,0.179362516820,0.287450308519,0.367287924181,0.226859300264,0.062836227309,0.021066094411,0.007366666240,0.005586285397,0.008166046984,0.013682935286,0.018773044805,0.027780366684,0.032592890674,0.024399759684,0.017495498387,0.036903294325,0.072806844168,0.041531325220,0.024241987300,0.009038105130,0.001845761327,0.000608873717,0.000990081901,0.001843342790,0.001980971980,0.015747150337,0.126180952281
0.552693733560,0.789367204090,0.157518016904,0.010426577646,0.000657344292,0.000104906073,0.000122033175,0.000197325627,0.000456807917,0.003449091840,0.036149525347,0.089497850623,0.039821819880,0.027604995571,0.055770828295,0.105190556678,0.136038549950,0.096732202319,0.028173380461,0.010128916463,0.003003076658,0.002423082775,0.004513503024,0.007702221621,0.010014792490,0.016580264575,0.021166491736,0.030736273551,0.050978405459,0.071975245832,0.073185404872,0.086320626858,0.094149961366,0.162336880367,0.305023766612,0.467915282615,0.282054766739,0.071873352927,0.020862002597,0.008280820567,0.006381959612,0.007942653613,0.011676840587,0.017331804804,0.031401243260,0.039503146036,0.028301883659,0.022836946601,0.062754054451,0.064115119309,0.043559234958,0.038358383977,0.021340769009,0.009634525812,0.005719363232,0.001970770936,0.000813090814,0.002662823584,0.014844872613,0.097280436426
0.479427261988,0.745904994232,0.208255248049,0.016650661069,0.000578938323,0.000126869183,0.000196074370,0.000375143475,0.000853509783,0.002779556807,0.010584576337,0.030596273381,0.030056120796,0.032401386771,0.053898386344,0.084306234375,0.098935127606,0.063068099902,0.020646932533,0.011233548412,0.004114465328,0.003072558804,0.007167398321,0.012466276393,0.013443776516,0.016251720859,0.020135202905,0.034693378657,0.053483951101,0.069197072073,0.073450792587,0.084856359917,0.096935495538,0.179315916567,0.332823540260,0.524359429745,0.376163001970,0.103121834148,0.019702691854,0.003587182213,0.002653829368,0.004797101691,0.009213106493,0.016634138541,0.031394923093,0.040811657396,0.029664070333,0.022682604481,0.062972826451,0.124030556137,0.078243468005,0.062356111854,0.029164604346,0.008846022083,0.008072050939,0.006085614056,0.000914503556,0.002294906581,0.014490717486,0.091221367810
0.509905135430,0.604179864579,0.135174055531,0.022223081349,0.005089018166,0.001209576089,0.000617701417,0.000769896205,0.001146058647,0.001801991233,0.003381445020,0.009728901859,0.029747744223,0.077473871845,0.101424448065,0.077834097066,0.037121047636,0.015103472641,0.009017165104,0.015310038697,0.013357752274,0.005363186694,0.008505546387,0.013865999668,0.015259087802,0.020832618376,0.032074419443,0.066195488132,0.083158060985,0.076269495363,0.067362025008,0.078581481566,0.113652816036,0.234414482533,0.373839239900,0.507979114872,0.407333526335,0.120431892249,0.028169126968,0.015863064882,0.013661861606,0.013816349995,0.012644075837,0.019916801629,0.033667778814,0.039262854203,0.025073187676,0.013836675762,0.040124830237,0.094249152691,0.073637760237,0.061640444941,0.027324812193,0.006404225109,0.002947371427,0.003372992684,0.002674173055,0.003163194177,0.019328004939,0.117086504369
0.471325048375,0.568563281707,0.160567097750,0.028206403775,0.004055342684,0.000903131750,0.000687815905,0.000879102638,0.001379801296,0.002198777837,0.003654079119,0.010427875113,0.036733376082,0.094639335918,0.117800074947,0.066829025344,0.023373956236,0.007785727007,0.003609352001,0.012940445274,0.029160728569,0.008365835188,0.006990482260,0.010023444674,0.012295288734,0.019826738279,0.034512514965,0.077724175919,0.103550295356,0.102276494408,0.085574880433,0.075451194570,0.096067448949,0.202501063140,0.384302502533,0.563783798803,0.388830738632,0.113733190333,0.048390496606,0.040207067869,0.013973973715,0.012018994395,0.018743096609,0.025919695085,0.037623730760,0.033734223719,0.016497042862,0.007773141438,0.020959568214,0.095902068326,0.053335874485,0.027988075525,0.012481198067,0.003408027146,0.000763909129,0.002324841871,0.003560224915,0.007266947602,0.025005094630,0.113931694179
0.417375271303,0.491988964907,0.178644531539,0.042001754428,0.008614017081,0.002191198967,0.001091957769,0.001077995766,0.001907431044,0.003666927322,0.006899752174,0.019366767891,0.052982955273,0.096485603555,0.115460815722,0.071876902397,0.029933077150,0.012574957697,0.006441486688,0.008470497999,0.006781140910,0.003493491897,0.005777882775,0.009574422198,0.015268131940,0.027249482427,0.045441245889,0.091729180093,0.127627963502,0.129006821742,0.095998613270,0.066277114234,0.077592421784,0.200159605561,0.449290751050,0.663892323973,0.410219172734,0.126344396015,0.042429169933,0.031491396522,0.031455855572,0.027699892638,0.025727292685,0.034522733908,0.044318623641,0.032307188900,0.013731718791,0.007321161682,0.019381698241,0.089030606303,0.082534477183,0.028910697565,0.012766115867,0.004495242415,0.001411825180,0.000590181144,0.000375593357,0.001264225008,0.013100814226,0.103727399738
0.428250284532,0.474164370247,0.126830630109,0.023360947434,0.006794088411,0.003920127391,0.003421254382,0.003564567907,0.005384033639,0.008912749096,0.011799870726,0.017555077798,0.036614253258,0.088861210828,0.178651835314,0.128749776944,0.043795446651,0.018195231006,0.004772567110,0.002089638344,0.001345285337,0.001306557004,0.002889881325,0.007116265424,0.017222237630,0.033521408494,0.044917093276,0.075575032558,0.123979962875,0.155091888191,0.115176059685,0.058102531349,0.044658346900,0.126193226653,0.468313289842,0.698810127806,0.342396162247,0.114086943667,0.058065206056,0.037186632701,0.038182486595,0.038838380343,0.034325353874,0.039759719594,0.061071258258,0.031829804029,0.010599826343,0.004534031326,0.010372485237,0.064259320846,0.072473838642,0.022957764530,0.011585598161,0.007919652758,0.010831593323,0.008151564717,0.001110212992,0.001226027644,0.009717927065,0.092584412457
0.457534221778,0.498886134187,0.102639181442,0.013254331490,0.003423379346,0.004691723741,0.008554393041,0.008281219245,0.014023291265,0.021517821476,0.021405071452,0.026983326147,0.043664991225,0.094993341168,0.178163370329,0.137319815955,0.042600723124,0.011207302457,0.003415156663,0.002057696747,0.000778494209,0.000591801266,0.001535281644,0.004528834619,0.013810852244,0.031493447886,0.045923206791,0.081509747089,0.130853365874,0.134828961469,0.088891136938,0.044160446770,0.036881640486,0.094935453463,0.378418788292,0.636345802308,0.296748320828,0.086148690536,0.036211581698,0.019726351332,0.025225588118,0.027683836976,0.026068077906,0.026316429073,0.040043408433,0.031313043890,0.013788618406,0.005037886152,0.008663973858,0.040459510495,0.058276107181,0.020350461695,0.007122580854,0.001354296824,0.000388984355,0.000187227754,0.000318205965,0.000947984676,0.005731652866,0.074685138179
0.551773568938,0.390491282016,0.076841343866,0.016491562781,0.004840693469,0.003375747916,0.005530176294,0.011454929721,0.022393303936,0.032396368202,0.043511134318,0.082756667948,0.115502931439,0.164547719766,0.155568816490,0.069572637290,0.019580628883,0.005231460965,0.002217666192,0.001732974152,0.001502812541,0.001238044322,0.001752343489,0.004579872040,0.013712028158,0.034483511127,0.062275982415,0.118473742771,0.151283046154,0.108324318606,0.056669253448,0.028705638822,0.031639060433,0.101859337196,0.388686895800,0.585676324500,0.251089905465,0.073812873331,0.047919108657,0.035219903267,0.016917909567,0.009600436738,0.008843354758,0.011002816341,0.013165439400,0.011596660485,0.011742310818,0.006943497251,0.016065159856,0.064992029956,0.063537345409,0.024658429321,0.016130942781,0.003860147044,0.000373704844,0.000070187454,0.000092353212,0.000533891422,0.007884508966,0.120250769294
0.634758618715,0.390105292493,0.055025036946,0.006990770466,0.001294871975,0.001287923233,0.003686445199,0.008826867694,0.016086545883,0.027683111191,0.054078239192,0.134886959525,0.192018310762,0.190756606167,0.143445710486,0.058037466932,0.012122082481,0.002098715401,0.000713907214,0.000889880586,0.001346287895,0.001502636159,0.002082205321,0.004881568064,0.012938516178,0.032463732661,0.062382332675,0.122079312212,0.145063790816,0.096894804274,0.051833289352,0.034541265633,0.041667775779,0.114240803696,0.352424451015,0.451864172960,0.192482589456,0.057184233987,0.029891493586,0.021287092616,0.014200437979,0.009536509805,0.007374781282,0.008348600103,0.010199605240,0.008830815177,0.011313301015,0.027234249116,0.039773457695,0.060651575851,0.035192154046,0.011254056699,0.003910190975,0.000633360729,0.000107270984,0.000062803101,0.000090731112,0.000556839481,0.008504480892,0.130553400973
0.586421653618,0.495743832151,0.085570814142,0.007114624755,0.000725316783,0.000663246728,0.002504105837,0.008920962773,0.022247001486,0.044260671120,0.090045449596,0.174664214184,0.154362674099,0.133487026383,0.144198507265,0.079513321176,0.017875261038,0.002865491997,0.001172337128,0.001110800259,0.001317016692,0.002540212042,0.004529133891,0.007823393687,0.015954821881,0.035918858361,0.065920176870,0.115204072559,0.115422444847,0.081727035777,0.060074700417,0.056611741493,0.067302345069,0.136161053969,0.347579601656,0.475347817820,0.232973186007,0.074439473237,0.032981924979,0.018476019643,0.015114777628,0.013188043108,0.008836984598,0.007478882804,0.007039052667,0.005875833239,0.006687436042,0.012297747337,0.029532055911,0.068592065619,0.035086000842,0.008065169069,0.002292179803,0.000460724243,0.000171308895,0.000313017573,0.000767697121,0.001162993858,0.006063598338,0.091316308917
0.565483966635,0.511139884640,0.075504511572,0.004968985711,0.000882616460,0.001206906905,0.006188004892,0.023581334868,0.041843213687,0.053031023029,0.083246018281,0.141488487242,0.145975833954,0.127360387248,0.110744833766,0.051802397446,0.012068227199,0.002185204369,0.000899970610,0.001410267151,0.002617665653,0.004311102440,0.007634338058,0.011612048565,0.016995414740,0.029464392235,0.050953126469,0.088499616865,0.082800077003,0.059625763710,0.041544373038,0.044171530173,0.057427955051,0.120432126075,0.349512417210,0.544725864145,0.259598211409,0.093336075326,0.040563128923,0.025088032601,0.024896795442,0.027847399790,0.016132251758,0.008070709113,0.004888996151,0.003229110318,0.002442433798,0.004196562877,0.021344804400,0.074568399967,0.036605229630,0.005875330606,0.001420379019,0.000436094541,0.000218942361,0.000334240509,0.000303834176,0.000723884366,0.005438698592,0.078700234847
0.506816804746,0.532694468284,0.107103068439,0.011654340396,0.003339526001,0.005897790022,0.023295469771,0.048590956838,0.045210808369,0.043437132280,0.074397676307,0.124958307632,0.107421537593,0.062928822640,0.051509572000,0.040930226476,0.015943997841,0.003237344010,0.001211422827,0.001941349589,0.003899981290,0.008651474877,0.019131189223,0.027688929478,0.028566845350,0.026503959376,0.030907192681,0.052126449402,0.059169146573,0.048554437350,0.032893586239,0.036516920782,0.052548687899,0.132206490548,0.423349624849,0.609002840548,0.224715528785,0.069859443269,0.034011383091,0.028590210230,0.033627871542,0.038716852654,0.021832339322,0.010742523630,0.006603032324,0.003713455751,0.002748446216,0.004773878894,0.020239511754,0.083639578187,0.037104436141,0.003653722294,0.000986229968,0.000631195320,0.000347192071,0.000217651894,0.000194767565,0.000324212268,0.003591567359,0.054901676632
0.395259672532,0.435654108406,0.143862376949,0.035038142566,0.020552439217,0.026278370729,0.038496784756,0.032841645704,0.024095098361,0.031143132452,0.056878414085,0.095211038944,0.114840073494,0.109097967549,0.105182069450,0.085614102388,0.042575766215,0.012513860037,0.004675575874,0.004972342637,0.006763203608,0.014565380539,0.036559564951,0.076737214426,0.130944216205,0.065350834633,0.047962377359,0.054340634717,0.063037261254,0.073635131881,0.067000883304,0.076105267146,0.097382840002,0.231499371580,0.560947652249,0.574012916679,0.200116252921,0.075802833539,0.050567720412,0.060838547420,0.067255301129,0.058323347180,0.033799871699,0.019382706940,0.013223542398,0.009804052297,0.008910701952,0.008066224941,0.018099389485,0.075768821928,0.032794454475,0.005672936103,0.002338427673,0.001280119647,0.001189078179,0.000990237812,0.001187600218,0.002500103916,0.015224421509,0.081759904012
0.469043120505,0.247590981297,0.103533147225,0.056007237440,0.055155187396,0.067369231001,0.069166268495,0.047931576879,0.025309748290,0.020523546688,0.026705889805,0.053949140677,0.103602154575,0.168007847681,0.212540609318,0.206766300397,0.128474027559,0.048712576081,0.016937862624,0.013077911199,0.012617325807,0.021337058472,0.048419326026,0.098389367665,0.099428493386,0.096364283902,0.099596193407,0.121477951287,0.147486397632,0.160452208170,0.120275475435,0.131246244721,0.162063977041,0.295278921532,0.461104135935,0.396934876795,0.198936109732,0.124874759298,0.117216726485,0.151275990473,0.160831082598,0.113388893423,0.057225822347,0.026202190195,0.016762160759,0.015978276480,0.017907517652,0.016202337716,0.021915151591,0.025058619809,0.013836126539,0.005667763546,0.001620648334,0.001394169519,0.001539756967,0.002531343872,0.007061170682,0.024025893650,0.071121012558,0.242729982841
0.510881529758,0.214407713500,0.107120156431,0.081701960417,0.099805821593,0.122859255956,0.084880648575,0.045686455894,0.015145187342,0.008773360265,0.010213926493,0.029228745997,0.092437972008,0.192108099753,0.255198369252,0.275150670147,0.191237584171,0.091496648718,0.050143737496,0.043483964977,0.043326229845,0.057689403048,0.071593095670,0.079490765330,0.068478823058,0.065764087257,0.074865794918,0.098112963926,0.148107484016,0.169245102878,0.132220352628,0.156572152049,0.204138785072,0.311263808746,0.354060807116,0.260882448790,0.166021222565,0.125035979783,0.112497898336,0.106490443164,0.106010846360,0.103429650175,0.075539671685,0.039002117183,0.020764813039,0.016843810368,0.022005441947,0.022282646194,0.016084128183,0.005653491736,0.002529926674,0.001780542153,0.002050148227,0.002387427531,0.002407240481,0.002236432500,0.003388890837,0.011219770671,0.069520303231,0.303924273354
0.464237424665,0.219246871039,0.114745019271,0.102181261141,0.128786500638,0.158888749095,0.090541847439,0.036406081938,0.009028428669,0.005081668493,0.006914664299,0.024546569652,0.081126889749,0.165495128581,0.239932697583,0.278716783885,0.233862162913,0.150574251946,0.090592406884,0.072272804621,0.054792173478,0.045496124344,0.035016137763,0.039143451078,0.040061023979,0.052265011330,0.075872684278,0.097569901657,0.125002144828,0.109539842698,0.081911416725,0.107067193990,0.183712412372,0.334086857385,0.375999776782,0.234933693817,0.130032233694,0.088212764868,0.073802512756,0.057733706025,0.049003992340,0.058640197932,0.088774643605,0.070454530572,0.033008385568,0.019259117634,0.020792130431,0.017577574509,0.009349695374,0.003633771584,0.002246808802,0.002216461723,0.002947685990,0.005340532657,0.002468577003,0.002344069890,0.005407197482,0.018839884982,0.096575257511,0.337192238848
0.447853663645,0.250931370560,0.175360128071,0.146723626225,0.134836982793,0.127838329998,0.076513024899,0.043791519456,0.015629728682,0.007480855131,0.006762032736,0.015467222021,0.041063866861,0.107056463309,0.217121449813,0.300132489859,0.280882987870,0.186055250793,0.102683397302,0.068434508386,0.052035213704,0.048455787729,0.038999660729,0.041420664390,0.039763934633,0.042688584675,0.058459232253,0.071869086008,0.090355185894,0.093069707064,0.083720439902,0.103618054235,0.151283967205,0.219948159434,0.260186018219,0.223309912656,0.159292437713,0.103805430264,0.069808452365,0.049470071877,0.046728683542,0.059559195322,0.071636391383,0.062194335104,0.046177154315,0.033336112304,0.036065780014,0.031808206614,0.016706680372,0.004408587214,0.001560326060,0.001158825757,0.001139562233,0.000818228669,0.000796301025,0.002238216731,0.010016188661,0.055969671205,0.207110102301,0.424717996730
0.446075719690,0.242442861259,0.172365522366,0.145905948483,0.128615213599,0.113323095278,0.070952423748,0.050657413293,0.023596680904,0.011601403259,0.008113116888,0.012269023865,0.026439629573,0.071747227732,0.164520370647,0.259717779992,0.261588817172,0.193096640618,0.145882084540,0.124341774365,0.094799449355,0.073300663137,0.052937292302,0.046969136791,0.038017526588,0.033005063336,0.041111141950,0.054523807758,0.072998328600,0.076060251451,0.063272190182,0.064167675076,0.090041237236,0.145531687945,0.206438869935,0.225422170037,0.194992514588,0.143662898667,0.106001677547,0.073828651149,0.068668084148,0.069136560328,0.075506018439,0.078668541124,0.082888393219,0.069802814820,0.082307055567,0.086971402417,0.064438410391,0.023952927235,0.005548797749,0.002469785010,0.001757139597,0.000955910732,0.000834741858,0.002763741471,0.014491538243,0.096024176131,0.309572617997,0.496981302408
0.346742368769,0.217052545779,0.160452770750,0.133592762553,0.109753126145,0.091779992518,0.064872439712,0.061498049484,0.043554145325,0.026734709407,0.019322775185,0.023257643884,0.036963543178,0.077915886120,0.161756789805,0.275558744413,0.331895029767,0.326488471968,0.322092787680,0.313000993407,0.266064402939,0.194332773908,0.132781020627,0.117163732005,0.108085563900,0.096850900712,0.082901146930,0.069291104737,0.060602954515,0.048594889986,0.038840379823,0.055107321433,0.131564707107,0.258530477088,0.318948807456,0.338692254086,0.302032252884,0.254762941287,0.198425194567,0.138409446043,0.120283687195,0.112701520520,0.129151994302,0.141068792582,0.152643505126,0.128355188552,0.140224662682,0.181903518206,0.193679814794,0.116835302916,0.031544241323,0.008803199876,0.004223955695,0.002303173778,0.002169834040,0.005015594940,0.017278139729,0.090771758800,0.253695511513,0.372938769803
0.478180440692,0.297036767867,0.181115227891,0.106138332582,0.060885225734,0.043338016841,0.035619499409,0.043007432451,0.033863072242,0.021787212439,0.015825054788,0.017374671131,0.025370920601,0.054006563820,0.122143013115,0.201734003281,0.235448307797,0.249518600435,0.284788290720,0.250797931961,0.165576927597,0.073674234097,0.042040300130,0.057666251588,0.089783503050,0.070631949943,0.046554037253,0.036886151580,0.028769771613,0.020284328519,0.014307318880,0.018516410515,0.058086029615,0.160158309440,0.194270400913,0.215362114892,0.242751345233,0.235937709826,0.184183457689,0.109911877470,0.089162579140,0.094226533910,0.137790573519,0.170942957548,0.178908305553,0.139318482354,0.129060326985,0.136617903502,0.158422533387,0.099039174384,0.021806950926,0.007621790774,0.004263755568,0.001825447122,0.001327434905,0.003177092656,0.013675683914,0.091974562224,0.291675254691,0.455120395876
0.615384665866,0.369546890763,0.156768543866,0.052814879841,0.020009738744,0.014193830154,0.020234701783,0.030281065833,0.019969509453,0.012048604866,0.010455742470,0.012584035001,0.018094004184,0.038584354492,0.088825893724,0.155317900429,0.190997832810,0.192653127313,0.183229307993,0.120634106512,0.062368700680,0.030079802086,0.013819459104,0.018896908014,0.046714059701,0.047106828249,0.022175139187,0.017113890213,0.015379357167,0.011917729586,0.008934289308,0.010713608307,0.027147654641,0.079798312321,0.117243820448,0.144321524032,0.184514922884,0.176987518522,0.113083963211,0.057073858212,0.053917355157,0.076783586380,0.152745095757,0.190936518213,0.165473086033,0.092471680316,0.061977092816,0.064931131513,0.094969086260,0.073797053128,0.023939921337,0.010900252820,0.005021885051,0.001677522944,0.000821776197,0.001627443516,0.008101110633,0.064830264861,0.232534814990,0.451185903066
0.713232283428,0.352001316330,0.092272327085,0.016360270631,0.006350361446,0.008980163829,0.016125939635,0.028540823022,0.018520336344,0.008065747494,0.005235073300,0.006724330910,0.012921256506,0.033449053060,0.073675045208,0.132022979852,0.161307540193,0.152745813567,0.121119528034,0.095908200043,0.044104796213,0.013718716893,0.004329774816,0.002966108505,0.003274175035,0.004829653086,0.005347019164,0.007859107035,0.012608566930,0.018386695249,0.021424990850,0.023453989304,0.031318284899,0.043041402927,0.059776031787,0.113974036880,0.193653334842,0.160146744296,0.074818738080,0.036022477196,0.047525948578,0.093570711851,0.163385006452,0.138152607917,0.101073636058,0.058517842529,0.042255189705,0.043762872222,0.057184764718,0.066565970050,0.041876783470,0.017320503699,0.005845075309,0.001851632916,0.000794233850,0.000842054803,0.002882749689,0.028823741292,0.150955234185,0.445157650485
0.745235655055,0.467683291834,0.087131653649,0.006634583766,0.001503922491,0.004122261677,0.017068690746,0.034825229254,0.019323104402,0.006569111733,0.004011446534,0.005315925363,0.009163561091,0.019883755669,0.046825753257,0.108229393123,0.173698371445,0.174692320325,0.115576239243,0.069228897434,0.026338444643,0.007094071107,0.002077970085,0.001451151049,0.001156610663,0.001408224404,0.002068969544,0.003687219426,0.008756521447,0.019458944975,0.030797734446,0.035663798043,0.041696216345,0.049903161645,0.063362371569,0.120504963750,0.208199005558,0.161620246213,0.072123059859,0.029756773143,0.036822030375,0.082455936260,0.146822777562,0.110460307767,0.075753259487,0.045877223566,0.035049798493,0.038271621989,0.051345791300,0.063487130993,0.045359841681,0.025262820835,0.010072466672,0.003723187537,0.001942654680,0.002081873849,0.003842995612,0.019313107542,0.088510342077,0.325450471907
0.709851578422,0.589262575363,0.070396712905,0.003208452299,0.001430601193,0.003752939089,0.016712362007,0.039190510099,0.021178171952,0.006064675960,0.002415450957,0.001983344915,0.003207992365,0.009971614748,0.034966741787,0.103909518346,0.194918957782,0.191517875914,0.106135746088,0.049563540877,0.017181430247,0.004324059449,0.001084371178,0.000857078279,0.000776402145,0.001001896266,0.001763318391,0.002533026795,0.007405676892,0.021496930063,0.038588353989,0.048125771380,0.057787690073,0.062878517411,0.066088220056,0.124092856158,0.242221507106,0.199330285580,0.094150014498,0.033700526898,0.033750663613,0.068769641136,0.123911672861,0.092761095416,0.068910787190,0.043233569698,0.033156991272,0.032445695424,0.044737639363,0.056700689221,0.041792175276,0.029213595902,0.019395003870,0.009926820388,0.006025294934,0.006182730182,0.007201063126,0.016759285681,0.052331767826,0.213146099792
0.685631788988,0.619819096416,0.071310737613,0.005035040131,0.002251607442,0.003486733299,0.012051644019,0.031037405906,0.018508789561,0.005550721191,0.002224266849,0.001439947139,0.002036606478,0.007869431955,0.032560786418,0.097955892366,0.166686540106,0.167471382348,0.094651042804,0.044781083629,0.017688624273,0.003735760910,0.000621471247,0.000589289784,0.000698725346,0.000830762114,0.001542090746,0.003634272882,0.011616305608,0.029815936421,0.046430168437,0.056600266533,0.062682804984,0.059108913710,0.068391767161,0.139990028610,0.292285072503,0.259357161037,0.134857789925,0.044618274318,0.033585977464,0.059398860472,0.155202498523,0.105618069831,0.064117421683,0.039539444060,0.031630475118,0.032529529247,0.035674879883,0.039431770733,0.038934610397,0.041632804978,0.037037002098,0.020790733983,0.011921244696,0.011446585527,0.011495169912,0.018500860552,0.047334501344,0.191593051856
0.640748265768,0.643193783082,0.118409969514,0.012008124400,0.004475191806,0.004749537689,0.010450550258,0.021479983976,0.012782746609,0.004722217486,0.002394174289,0.001637962441,0.001714949547,0.003737909857,0.014664806690,0.054468947654,0.117928325855,0.161760489454,0.099679612178,0.036907795702,0.010490192744,0.002837158958,0.000747121014,0.000765793585,0.001027055907,0.001250653484,0.002010967590,0.005471279644,0.016152024230,0.034235854687,0.047142164748,0.048218899822,0.045162108652,0.043898658365,0.068732619130,0.169031656527,0.336688457286,0.324389115638,0.211935576735,0.092297143129,0.068423702057,0.079064395550,0.163648430040,0.109348305380,0.050439768885,0.029485152549,0.025946343788,0.030694493974,0.038869407626,0.050162181073,0.051695716306,0.049863400905,0.044271767398,0.024944574451,0.014112584062,0.015046267541,0.016133648718,0.023070998420,0.056163529621,0.197934620180
0.551289617656,0.702089294699,0.198641329475,0.019342696777,0.005663919712,0.004826822415,0.008298160508,0.014659698741,0.008046145058,0.003144383041,0.001858453646,0.001466237099,0.001552615538,0.002217746710,0.005947230876,0.019683069447,0.056485787521,0.139935011191,0.130319267556,0.046620937139,0.009296154840,0.002340762602,0.001207902634,0.001528158035,0.002035270475,0.002200660426,0.002824645201,0.005405273623,0.013238468372,0.031140280691,0.048597792215,0.045778823365,0.028900015531,0.023340632246,0.050392197385,0.175895622842,0.374508933311,0.393385091212,0.277493800281,0.150688174723,0.120596965829,0.116865510116,0.176710051011,0.086329757809,0.027188450021,0.013425558901,0.013584954249,0.020394749388,0.036334613965,0.063002966762,0.066267763052,0.054117809091,0.044622932216,0.027030241715,0.016412862414,0.016777269936,0.016249336888,0.019077331098,0.041542177654,0.152120432095
0.534944274667,0.677359901986,0.221939693199,0.025661934982,0.005754030933,0.003829159974,0.004861500966,0.006637163947,0.003126104343,0.001294686778,0.000934344166,0.000978060588,0.001266041451,0.001769299196,0.003339674514,0.007746652935,0.024657353893,0.089094198025,0.129484314042,0.057646957276,0.012394904087,0.002962703302,0.001511734313,0.001988777490,0.002787200305,0.003010969722,0.003407393098,0.006002494319,0.014488870710,0.034252111094,0.048603658790,0.029187640107,0.016050672455,0.016665114676,0.042216779369,0.172041556125,0.416613840551,0.537111444984,0.346327224518,0.159991579042,0.107983728624,0.120765628160,0.252003395369,0.116597229143,0.018909541573,0.005219305584,0.005369740873,0.009789990486,0.022201268209,0.063247412274,0.096211070898,0.074893535917,0.056371708679,0.028766843696,0.013090070461,0.009710627741,0.007920252425,0.007970982762,0.018976095756,0.110399077479
0.466096898486,0.680012179281,0.224101931343,0.025904527890,0.005221545373,0.002997632051,0.002804489196,0.002679282247,0.001152236727,0.001481533925,0.001781636809,0.001025898117,0.000875276364,0.001071692018,0.001969962233,0.004371073252,0.015901388199,0.061274027058,0.115458485134,0.060599107206,0.012960613902,0.002794957858,0.001501421855,0.002075738568,0.003176922675,0.003711703842,0.004423553183,0.008539979901,0.012988181410,0.026972696171,0.043910922246,0.022437345445,0.009018098809,0.008410158341,0.032781022844,0.234421354765,0.428206346220,0.575287457116,0.402623321283,0.196529885305,0.120748054487,0.124220587106,0.251021856435,0.134628817410,0.020078347335,0.002181969760,0.002009339712,0.004353753924,0.012843387799,0.044210850706,0.084445698934,0.074789764005,0.060236613671,0.025701810198,0.008102226743,0.004026833774,0.002574100470,0.002139693292,0.004515059717,0.047515392000
0.369079556402,0.598823772710,0.298435502220,0.046916514261,0.007699193034,0.003546493310,0.002252554418,0.001364121402,0.000472971779,0.000518987211,0.003021941241,0.003614550526,0.000636816388,0.000739784731,0.001626720951,0.004068532690,0.015871350914,0.056292448518,0.111369704918,0.060722636949,0.013927848513,0.002879019876,0.001702521741,0.002661954709,0.004635431650,0.006378759376,0.007537448184,0.014341062902,0.017967237144,0.030532170248,0.051569448198,0.030454158324,0.011354881538,0.008120861038,0.020037724000,0.198845889703,0.589342249650,0.695659948563,0.427111721950,0.250303932455,0.194271406957,0.161166089683,0.208342334807,0.128210498011,0.049072303522,0.008887825439,0.002959804032,0.002933139398,0.007877931432,0.032263208015,0.083702237073,0.090548541597,0.054248760870,0.015792459819,0.004132985757,0.001911367528,0.001109338294,0.000931811071,0.002748442893,0.034804777657
0.318099209630,0.445184833685,0.203741517842,0.038937358982,0.007839396543,0.003776013018,0.002975837839,0.001358120439,0.000294293721,0.000128790776,0.000139505541,0.001108366224,0.006926318342,0.004029052886,0.002357484108,0.004220259284,0.011701659738,0.035350144781,0.072630208411,0.043668934871,0.009486163639,0.002361323601,0.001868606792,0.003369231923,0.006204997663,0.008901107153,0.009571684589,0.014535695139,0.023155188108,0.042831993977,0.072060719548,0.050909798831,0.022714549810,0.016652773335,0.025952678399,0.085635949299,0.329142298829,0.952067705812,0.660844055266,0.267655873562,0.128168750673,0.077505379618,0.131089526993,0.098964413605,0.051165504849,0.007128998698,0.001926992969,0.003571919876,0.021808283077,0.051997506308,0.065265881104,0.055120475162,0.031765148694,0.009608591192,0.002487938344,0.000948309248,0.000546975286,0.000500004256,0.001866196564,0.028895348530
0.215894732162,0.287640958927,0.156162983805,0.033364586391,0.006140783477,0.002857854232,0.001942151354,0.000985738392,0.000266157467,0.000106758852,0.000098957099,0.000191703088,0.002971048651,0.017042541726,0.005564195862,0.003188332041,0.007153633346,0.023407076087,0.053162369330,0.034157801396,0.007325513893,0.002085404696,0.001910863575,0.003953239356,0.007417302006,0.010407662515,0.010390563188,0.014977942881,0.024851191627,0.047465045145,0.068876513994,0.050734879265,0.028756664420,0.023964911824,0.029088886171,0.060635565654,0.148191425511,0.750522055641,0.928866446139,0.234437450715,0.054420106354,0.020225954372,0.040104323326,0.051124455811,0.048631347490,0.011543588121,0.002982210520,0.002643442437,0.013277361883,0.029494411594,0.041080229594,0.023629524917,0.009045696441,0.002623438494,0.000890259619,0.000385869870,0.000233857040,0.000247030104,0.001653447381,0.026002185370
0.143667719169,0.202638909877,0.140013068092,0.038309233417,0.006757703010,0.002488174904,0.002553022998,0.000900766009,0.000186516863,0.000099199193,0.000143512295,0.000352271173,0.003994591590,0.001711796772,0.000764679606,0.001236114849,0.004310968560,0.017352579543,0.052928538109,0.036438252408,0.009230309093,0.002720757705,0.002011584517,0.004226672150,0.008316470746,0.011665396445,0.010084767379,0.013292557481,0.022379966594,0.040326857823,0.053318889318,0.038106889992,0.022956309055,0.019364656190,0.020098915232,0.037395681553,0.129322867932,1.006749923674,0.896386913287,0.148976167725,0.028054943969,0.008621305803,0.023676060631,0.046007282489,0.038656241978,0.008573907258,0.003839536417,0.008038164888,0.020286291374,0.021400100279,0.026706540336,0.009665376962,0.001854313091,0.000400323495,0.000160323981,0.000101758495,0.000096490275,0.000098668427,0.000916556090,0.017354600396
0.094418520260,0.146874426336,0.122073271623,0.039372971729,0.005994250172,0.001638362825,0.001420362131,0.000564401582,0.000150466519,0.000142792021,0.000266214772,0.000548015435,0.001414301143,0.000909298086,0.000830598792,0.001145430988,0.003775364711,0.012107053570,0.037160718800,0.038228347181,0.013595302502,0.004581650618,0.002358429953,0.004280412891,0.010101960781,0.014916974999,0.010650071387,0.011784341693,0.019963348001,0.035580375623,0.043855719371,0.025841795472,0.013798657753,0.011797520612,0.013820045062,0.030725929864,0.117797166591,1.114933757244,0.987951954736,0.117412428998,0.019968894025,0.004627872311,0.006093380165,0.017533484779,0.035841062945,0.014801511611,0.003844292719,0.002988524823,0.005872455630,0.014545435216,0.014108041557,0.002849885357,0.000301403128,0.000072804313,0.000051961057,0.000052808641,0.000168100605,0.000285608662,0.000492370836,0.010677353515
0.059580037079,0.106164961239,0.092374106929,0.035199046410,0.007023120275,0.002013533197,0.001311306340,0.000637250855,0.000297971808,0.000249175237,0.000479226830,0.001090131170,0.002077737309,0.001231895670,0.001044941102,0.001087543219,0.003024796334,0.008653894280,0.026773314874,0.031954423239,0.014390733955,0.006494928593,0.003651135013,0.005501099733,0.011944503137,0.019076708056,0.013533589953,0.013204259285,0.018270959815,0.026269382257,0.031449176799,0.020126427126,0.010672793676,0.008040318262,0.008414852040,0.020895957279,0.123872294196,1.196967144749,0.953233587343,0.157654800098,0.029083137332,0.005443118138,0.005044296797,0.012634223743,0.026046293710,0.013115309164,0.002674396843,0.001341878275,0.003135975138,0.007370195781,0.006388652542,0.001239827900,0.000138651671,0.000050328514,0.000077600750,0.000089084025,0.000506982079,0.001182995357,0.000430149314,0.005120167776
0.056538983753,0.105791899118,0.081238548571,0.026129651821,0.005910384484,0.002064179597,0.000896916256,0.000627589638,0.000335020036,0.000251555279,0.000468598269,0.001004654092,0.001521638494,0.001165177294,0.000963902570,0.000915529815,0.002418159779,0.007490060102,0.021569746891,0.024060257467,0.012686667251,0.005984368702,0.004128388079,0.007699307284,0.013244237485,0.019417040575,0.014099833319,0.012966071806,0.015055134313,0.018006976187,0.018626713204,0.012091640457,0.006581714057,0.005666785492,0.007197392189,0.020669586362,0.081358322566,0.955632532172,1.191606369127,0.189324366950,0.034043985210,0.006904862344,0.004836776657,0.006546000600,0.010672483364,0.003437805306,0.000502832741,0.000439761143,0.001318454431,0.003136366459,0.003108014647,0.000787102816,0.000117602148,0.000050000000,0.000050000000,0.000052834486,0.000098055299,0.000708838389,0.000247088520,0.003960502282
0.048410476442,0.097628001309,0.075945999131,0.022960164766,0.005597673304,0.001992177362,0.001156385921,0.000361422692,0.000103704824,0.000175233743,0.000404809581,0.000878218471,0.001242792629,0.000941538615,0.000727146873,0.000579883045,0.001361392978,0.004880832244,0.016608267933,0.020929118253,0.012314511779,0.007133759729,0.005584337073,0.009520093625,0.012695013018,0.016542719908,0.012588627350,0.011990799498,0.012976946968,0.013973120254,0.011758063567,0.006654578025,0.003569679542,0.003608651419,0.005695411712,0.019559268407,0.076351825020,0.850800099887,1.244466327285,0.244922197096,0.041735495571,0.008858712008,0.004948145182,0.004282324102,0.006898013407,0.002896041282,0.000349051715,0.000132402354,0.000407895519,0.001294260454,0.001969980563,0.000795471462,0.000149053188,0.000051602064,0.000050000000,0.000050000000,0.000068643825,0.002865617770,0.000526980048,0.002857849145
0.048389909683,0.092644493925,0.073166073044,0.020146075326,0.004542698784,0.001151029431,0.000232397309,0.000118706962,0.000083289774,0.000155886351,0.000386487654,0.000824768194,0.001108343433,0.000784696471,0.000534209665,0.000362367672,0.000792662862,0.003583162819,0.014734113558,0.021632648398,0.016067927751,0.010579912863,0.007882218084,0.011071622931,0.011736091801,0.013215833952,0.010378196793,0.010884015252,0.012323045978,0.013041687897,0.008906457484,0.003772963422,0.001650960539,0.001997022527,0.004578552564,0.020413491062,0.073901590514,0.713476237017,1.287007462405,0.354444320966,0.070614267084,0.011232910594,0.003986766331,0.001049972984,0.000826589492,0.000465976679,0.000218813626,0.000094256398,0.000197947171,0.000762576757,0.001585618146,0.000903807219,0.000212457634,0.000062646002,0.000050000000,0.000050000000,0.000050000000,0.000751073019,0.000173745731,0.003328297842
0.050328768239,0.076503031676,0.049327636378,0.013728099210,0.003908350352,0.001279254044,0.000335860031,0.000145421658,0.000103460111,0.000179610818,0.000381281287,0.000705161548,0.000878946934,0.000651686243,0.000426985501,0.000279029633,0.000621632286,0.002762230665,0.010881697730,0.017464538465,0.015939259790,0.012798001273,0.009873226161,0.010969884162,0.008851698091,0.008898654741,0.007403349688,0.008838829570,0.010956593121,0.012909613951,0.009164678378,0.003929639073,0.001745110459,0.002431826332,0.006028358238,0.022912016174,0.055975620085,0.446379092293,1.322356745131,0.472420266338,0.066821760156,0.007142883954,0.001486897150,0.000188577496,0.000171797071,0.000161451926,0.000132434198,0.000084755637,0.000190718606,0.000788540307,0.001800310037,0.001202159348,0.000323412305,0.000082382260,0.000050000000,0.000050000000,0.000050000000,0.000251994360,0.000257651633,0.003981567539
0.046283508377,0.068731291279,0.048365362784,0.017554538045,0.005641674872,0.001534583806,0.000212482951,0.000119527490,0.000128440250,0.000206874876,0.000385833992,0.000626505428,0.000729467024,0.000522389091,0.000384723272,0.000267049988,0.000678003793,0.002918216627,0.010565509545,0.018187360454,0.018710299487,0.015924246832,0.011436414926,0.010352666093,0.007294011500,0.007500716724,0.006738042332,0.008334747802,0.009720517762,0.010973282942,0.008379724392,0.004161781266,0.002272537371,0.003523982258,0.008588802785,0.027711795632,0.055495941368,0.317700505239,1.217803571964,0.732979455544,0.084244782191,0.003948659962,0.000381145381,0.000050000000,0.000050000000,0.000070717638,0.000163983189,0.000603203434,0.000505402919,0.000958922346,0.002228662411,0.001604528043,0.000458611663,0.000104022109,0.000050695469,0.000050000000,0.000050000000,0.000050000000,0.000182958581,0.004013059223
0.038558460351,0.058589651334,0.046949562929,0.020867059167,0.006807503458,0.001525102908,0.000169398369,0.000104217094,0.000117154006,0.000167951422,0.000291033576,0.000466376024,0.000567264633,0.000435504304,0.000351026572,0.000251089680,0.000648635094,0.002378075308,0.008243354288,0.017507528256,0.021938232007,0.019183055026,0.012038215102,0.009206454863,0.006203137934,0.006709426587,0.006366135041,0.007818950249,0.008187583677,0.007589489629,0.005302664372,0.002970428114,0.002276485100,0.003791781535,0.008485807976,0.022412373763,0.034771116752,0.198048585057,1.149059161355,0.838287373362,0.066297308589,0.001494704967,0.000105000068,0.000050000000,0.000050000000,0.000050000000,0.000059596369,0.000188673586,0.000389865152,0.000839596782,0.002079494503,0.001754927637,0.000583000883,0.000123577084,0.000051908305,0.000050000000,0.000050000000,0.000050000000,0.000170565085,0.003460314576
0.022860853537,0.038395788087,0.043027590004,0.026308412195,0.009374116799,0.001839924333,0.000186324037,0.000090985895,0.000087195854,0.000112288768,0.000198143479,0.000369366242,0.000529288191,0.000436631317,0.000308723904,0.000220543221,0.000467385563,0.001316388970,0.004757263976,0.015037194827,0.027967094610,0.027476615242,0.014470213222,0.008275915804,0.004933730999,0.005570507312,0.006149486968,0.008557687361,0.008739507716,0.006633980528,0.003772583276,0.002184053347,0.002004408390,0.003818320341,0.006865017408,0.014218160467,0.022678791863,0.212895015819,1.269859754487,0.663296091507,0.053360553062,0.001524067413,0.000078930191,0.000050000000,0.000050000000,0.000050000000,0.000050000000,0.000097303192,0.000164380799,0.000462507729,0.001548430632,0.001733028654,0.000676173873,0.000136155920,0.000050501068,0.000050000000,0.000050000000,0.000050000000,0.000157730485,0.002400590402
0.014418336010,0.031228476264,0.040542418742,0.025222526377,0.008124812199,0.001452468570,0.000173763715,0.000077998112,0.000068030855,0.000078390337,0.000124618575,0.000234690547,0.000374041366,0.000343954024,0.000282577174,0.000270136855,0.000538116053,0.001273281026,0.004465136032,0.016013322862,0.030484172795,0.026983860788,0.013179890988,0.006906009798,0.004116213274,0.005153764383,0.006334682272,0.009129522667,0.009072672859,0.005903408808,0.002835845522,0.001804762176,0.002460852486,0.005859553905,0.009518692896,0.016569160945,0.024801094107,0.190505673336,1.225881490419,0.776205462134,0.062129125261,0.001542018018,0.000090131786,0.000050000000,0.000050000000,0.000050000000,0.000074994444,0.000096076344,0.000074984323,0.000195343853,0.000569703632,0.000577420963,0.000238668525,0.000075405935,0.000050000000,0.000050000000,0.000050000000,0.000050000000,0.000096596779,0.001272853760
0.008277304738,0.023838902374,0.038956813103,0.024482197949,0.006536337875,0.000949292656,0.000117101005,0.000055431666,0.000050000000,0.000053033649,0.000073191067,0.000134432325,0.000238775285,0.000256212410,0.000280290778,0.000404870648,0.000770055453,0.001586413388,0.005009853740,0.017454193061,0.031071912435,0.024848148702,0.011467584640,0.005495762242,0.003163054636,0.004237526036,0.005493996096,0.008133334272,0.008226261034,0.005025854290,0.002103676089,0.001367171578,0.003074349150,0.008580597239,0.012231357607,0.017734404384,0.022172371311,0.146147526064,1.211157021146,0.820580294439,0.061218630837,0.001680333560,0.000129501668,0.000052385992,0.000050000000,0.000050000000,0.000075416919,0.000091481525,0.000050000000,0.000076629533,0.000157686703,0.000152314211,0.000080503026,0.000050000000,0.000050000000,0.000050000000,0.000050000000,0.000050000000,0.000068190356,0.000604869362
0.005523295404,0.019002521441,0.038845383097,0.026644676094,0.005942303791,0.000588980359,0.000066039932,0.000050000000,0.000050000000,0.000050000000,0.000053654797,0.000091194901,0.000175033872,0.000212492593,0.000265228301,0.000427649417,0.000860524996,0.001930402912,0.006237286148,0.019905540710,0.031095144876,0.021507227744,0.009720740617,0.004785273397,0.002824469846,0.003770273842,0.004639812365,0.006977545925,0.007927340703,0.005236437522,0.002065014601,0.001211461932,0.003293575971,0.009609196085,0.012013153094,0.016544294998,0.020598521327,0.127333238660,1.200799850888,0.836618125787,0.058912977922,0.001636693621,0.000169021122,0.000060095035,0.000050000000,0.000054041606,0.000071556230,0.000072991151,0.000050000000,0.000050000000,0.000075616893,0.000077770454,0.000053703449,0.000050000000,0.000051270918,0.000050000000,0.000050000000,0.000050000000,0.000051215721,0.000353247460
0.004294737758,0.015037438956,0.032466076969,0.024655183306,0.006296684318,0.000750166975,0.000076494631,0.000050000000,0.000050000000,0.000050000000,0.000052072776,0.000084565911,0.000153617752,0.000173516266,0.000185733510,0.000231089102,0.000444785246,0.001231375391,0.005490058453,0.020333661091,0.031037607851,0.019006344881,0.008215591166,0.004051697787,0.002480063111,0.003393866022,0.004377850512,0.007203812129,0.009584186388,0.007475138710,0.003223129427,0.001764869788,0.003408257960,0.009272814065,0.011637414872,0.015318166126,0.019471437828,0.138465816021,1.237987421391,0.770178168224,0.053377226234,0.002090154133,0.000284734607,0.000074453235,0.000052467526,0.000050000000,0.000050000000,0.000050000000,0.000050000000,0.000050000000,0.000066063738,0.000067204470,0.000050000000,0.000053976102,0.000073254505,0.000050000000,0.000050000000,0.000050000000,0.000050000000,0.000257945414
0.003036298205,0.011494614947,0.025319092917,0.019274048986,0.005522940437,0.000860188525,0.000106639760,0.000052042481,0.000050000000,0.000050000000,0.000054633436,0.000082193266,0.000125510810,0.000121186524,0.000101481651,0.000090875912,0.000154878761,0.000515005434,0.003513480665,0.017174113248,0.027831213780,0.017541350799,0.007788046993,0.003862822222,0.002414351429,0.003457485406,0.004954891960,0.008806270672,0.012712346482,0.011154787719,0.005561397479,0.003141621245,0.003957928448,0.007367076650,0.008133988614,0.010945465553,0.016612499864,0.160212274301,1.276805346230,0.682906313418,0.046768967282,0.002293944454,0.000400205128,0.000092541290,0.000063609203,0.000053455885,0.000050000000,0.000050000000,0.000050000000,0.000050000000,0.000058559092,0.000058716481,0.000050000000,0.000055304287,0.000087647373,0.000050000000,0.000050000000,0.000050000000,0.000050000000,0.000156520594
0.002162703286,0.011540272862,0.027849082450,0.018093298631,0.004573426561,0.000720586619,0.000105836022,0.000054106571,0.000050000000,0.000050000000,0.000054676986,0.000070322731,0.000084296823,0.000073426072,0.000061531104,0.000050708816,0.000084458447,0.000335777078,0.002837294093,0.015520972026,0.025515316144,0.015575697336,0.008059416194,0.004544780899,0.002957779692,0.004378538517,0.006352012298,0.011003271811,0.015512520680,0.014162690635,0.007929655949,0.004544702641,0.004252896994,0.005102006465,0.005190488563,0.008280261997,0.015266539218,0.152145626819,1.267903741373,0.694990970253,0.050552944259,0.002882367856,0.000516866547,0.000093123438,0.000079223133,0.000065470681,0.000050448546,0.000050000000,0.000050000000,0.000050000000,0.000057049515,0.000052450762,0.000050000000,0.000053049328,0.000092102033,0.000056554382,0.000050000000,0.000104246055,0.000085091226,0.000088803914
0.001922150574,0.013198733117,0.031853934217,0.018070529891,0.004269842829,0.000622463469,0.000084548039,0.000050123176,0.000050000000,0.000050000000,0.000054517457,0.000063337128,0.000065618957,0.000057869776,0.000050219014,0.000050000000,0.000059658146,0.000240501530,0.002261117057,0.012700513821,0.022733746593,0.012542479184,0.007417590789,0.005195906719,0.004108814134,0.006929178350,0.009302259564,0.013875565502,0.016701490648,0.014722717335,0.009216476672,0.005159976980,0.003484808304,0.003087044294,0.002864855670,0.005380361126,0.012051564919,0.146343222287,1.280003440345,0.670577535494,0.040347842399,0.002109372365,0.000495231759,0.000142430831,0.000287409610,0.000258835074,0.000114269767,0.000063663034,0.000050386165,0.000054074501,0.000065261187,0.000053933158,0.000050000000,0.000052422321,0.000079223058,0.000050000000,0.000050000000,0.000115178670,0.000131675688,0.000075459187
0.002226323035,0.015904698462,0.036870429946,0.021178283041,0.005224648179,0.000702644195,0.000079432023,0.000050000000,0.000050000000,0.000050000000,0.000057622921,0.000064918029,0.000063289738,0.000053496534,0.000050000000,0.000050000000,0.000057928756,0.000247666444,0.002161490629,0.010174382410,0.017123480631,0.009601801848,0.006151825427,0.005361444444,0.005434858479,0.011203276979,0.014316876324,0.017582458282,0.017186906126,0.013940126644,0.009336915765,0.005146109325,0.002663374071,0.001899524171,0.001600780264,0.003476164982,0.009891418467,0.156137710237,1.287378390763,0.668453733161,0.037339501533,0.001644092802,0.000383633150,0.000181851404,0.000869344323,0.001481913338,0.000952984658,0.000550747962,0.000147340829,0.000073808666,0.000090316974,0.000062153556,0.000050000000,0.000068078200,0.000084912833,0.000050000000,0.000050000000,0.000065490713,0.000069769207,0.000085535901
0.002882948850,0.016618274503,0.033328023469,0.020531174848,0.006673524661,0.001179272423,0.000133101430,0.000056828911,0.000050000000,0.000053207452,0.000073032778,0.000088000898,0.000086302574,0.000070043855,0.000066369732,0.000061440793,0.000097184626,0.000302626125,0.001637718593,0.005726256937,0.008860875581,0.006583931727,0.005712066926,0.006948010269,0.008351449183,0.017268542985,0.018381077965,0.018458766020,0.015532968825,0.011694532388,0.007744560360,0.003814304874,0.001691058281,0.000980281729,0.000786993765,0.001900326361,0.007019405493,0.158762279888,1.287343342445,0.647380313834,0.028673212817,0.001090303429,0.000312644139,0.000232421984,0.001740144987,0.005694555328,0.004945529422,0.002318772504,0.000395793693,0.000092553789,0.000101311388,0.000061988823,0.000050000000,0.000050000000,0.000051934359,0.000050000000,0.000050000000,0.000084678074,0.000117676149,0.000110645899
0.003498166880,0.015749615814,0.027609395373,0.017158756776,0.007988076625,0.002350433992,0.000343031415,0.000091376024,0.000050000000,0.000062115836,0.000097922745,0.000134262416,0.000149144192,0.000131806782,0.000142361924,0.000135161565,0.000254694724,0.000460705496,0.001322975372,0.003896178272,0.006010830877,0.005610024782,0.005792077971,0.008522700520,0.011293985861,0.022638073171,0.021538619155,0.021375028280,0.016630587568,0.010695364807,0.005233702321,0.001665023658,0.000636392087,0.000332431486,0.000249387303,0.000765607784,0.005470018538,0.180179516838,1.267456232969,0.675053931100,0.045702171862,0.002505072968,0.000921804419,0.000750847188,0.003998328424,0.008976078361,0.008070668702,0.005491161765,0.001569648755,0.000248203723,0.000108584095,0.000057925239,0.000050000000,0.000050000000,0.000050000000,0.000050000000,0.000050000000,0.000078425219,0.000101906138,0.000128675247
0.002904481598,0.012926250484,0.025643108999,0.014595180099,0.007181993461,0.003007233109,0.000667198522,0.000178637506,0.000075624517,0.000091763672,0.000168535243,0.000257953815,0.000319987493,0.000323627438,0.000402806871,0.000416598813,0.000783446076,0.001070472749,0.002020274318,0.004261061323,0.006743050572,0.007752715067,0.007523357452,0.010209189887,0.013011412192,0.024108557610,0.023294818119,0.026319338692,0.018790968839,0.008876007944,0.002972688413,0.000727032635,0.000326401742,0.000304756824,0.000285908223,0.000824597203,0.005166547778,0.131738287558,1.140785501054,0.862369801634,0.081157493822,0.004198863731,0.001606640259,0.001286976207,0.005824996123,0.012490345102,0.014383448957,0.010908699619,0.003879283425,0.000737100075,0.000198573334,0.000076800207,0.000050000000,0.000050000000,0.000050000000,0.000050000000,0.000050000000,0.000050000000,0.000050000000,0.000105476816
0.003752479965,0.012884899433,0.024218729218,0.012753109463,0.005494546741,0.002434109035,0.000722865080,0.000268728294,0.000122201521,0.000135747260,0.000259125568,0.000454497524,0.000658471545,0.000765445788,0.000984411193,0.000977249752,0.001665351465,0.002256910988,0.004375928396,0.007889959930,0.009975389058,0.009943893490,0.008364094092,0.010465612141,0.012973918040,0.024377596147,0.026058984625,0.031690182493,0.022109919527,0.009310096631,0.002750457622,0.000688557057,0.000987798296,0.000622724073,0.000304593884,0.001007340808,0.004766422263,0.098512618886,0.909709416873,1.055966105560,0.162288868436,0.008414167634,0.003115276101,0.002656192171,0.010650505245,0.020377791791,0.023394792154,0.018649593243,0.008539591064,0.002143650125,0.000583728031,0.000200020596,0.000078430892,0.000050000000,0.000050000000,0.000050000000,0.000055118714,0.000227009061,0.000198724624,0.000142426951
0.005761899613,0.017305994904,0.028884096794,0.012779465257,0.003767084477,0.001253883023,0.000332298628,0.000159313442,0.000113891182,0.000152668557,0.000307342805,0.000574369482,0.000884695300,0.001098950909,0.001503226921,0.001641957917,0.003229205872,0.005499726775,0.012365435806,0.018187294159,0.015724076280,0.011070702725,0.007678324335,0.009534375238,0.012783265778,0.025441901510,0.029076472838,0.035782215686,0.024191717486,0.009973351700,0.003021410670,0.000772838726,0.002307898858,0.004604889585,0.001738970514,0.003407105669,0.010455738528,0.069182759289,0.414137059744,1.203188572744,0.471231055865,0.029905729198,0.007504090919,0.003694221160,0.010877641198,0.023219466157,0.032694277609,0.031922897323,0.019252087350,0.008163185126,0.002804571142,0.000912908020,0.000300603685,0.000099195131,0.000057395149,0.000050000000,0.000050000000,0.000065879355,0.000965490511,0.000981389288
0.007663962824,0.018800209011,0.031392439818,0.014801175847,0.003801984838,0.001017166557,0.000218323570,0.000108625233,0.000092982297,0.000143129517,0.000315148388,0.000624542432,0.000964939743,0.001173716002,0.001544274863,0.001846814520,0.004189974844,0.008464390727,0.022575719421,0.034113848252,0.029523928238,0.018408781982,0.011221936958,0.012394522511,0.014724514365,0.026296484693,0.029272286196,0.037273305649,0.025376233766,0.010682077066,0.003426125933,0.000899786847,0.000820427030,0.004875742315,0.005695360985,0.005494697745,0.012041633042,0.043966300444,0.171667270146,0.899991242144,0.890639437069,0.098648977472,0.026241652303,0.009644610711,0.017669923969,0.027068118404,0.036870849002,0.044469392632,0.038310165861,0.025665111484,0.011073439714,0.003560802349,0.001296533305,0.000353002494,0.000140662342,0.000093163971,0.000083947114,0.000094217022,0.000137521181,0.001144911309
0.008762213556,0.018040791090,0.035017627729,0.020913662245,0.005825798445,0.001320430117,0.000215831746,0.000101721153,0.000107146442,0.000208179614,0.000495149941,0.000913874607,0.001178400568,0.001184382528,0.001321769190,0.002000707886,0.005324700683,0.009450502569,0.034382369965,0.067428360306,0.066408203962,0.033861692463,0.015157292254,0.012266991463,0.012712436138,0.022401843133,0.026268144475,0.037944071489,0.028709798494,0.014059724407,0.005431128621,0.001712667476,0.001009167015,0.005417299759,0.018424855580,0.007943526461,0.012698438536,0.046837523168,0.116989984458,0.405428782284,1.069509544243,0.451387168170,0.129679898383,0.022700273926,0.017437944818,0.021990132873,0.041597273281,0.075550935215,0.077486796403,0.067663088970,0.031260940089,0.007168962214,0.002417679717,0.000824360737,0.000401863879,0.000227154546,0.000225740443,0.000264466179,0.000419523413,0.001104315045
0.011353420601,0.017178604559,0.037907343720,0.040137880627,0.019828801134,0.005817242431,0.001005856405,0.000364607457,0.000326805490,0.000575357904,0.001217939479,0.001969076374,0.002128531341,0.001798573088,0.001675435974,0.001690087996,0.006281803076,0.015273163233,0.052172870186,0.132586370577,0.171343170276,0.089272713647,0.031447421337,0.015631753927,0.011202068093,0.017565725234,0.022016729193,0.041010726802,0.040418839296,0.025823140300,0.012101132576,0.004328611950,0.002102893768,0.001990036677,0.012559151843,0.021720145321,0.021959449622,0.086623272016,0.155316105257,0.311951333868,0.671323115546,0.731585094969,0.565064656033,0.148687669236,0.076497226811,0.047100527213,0.055083239338,0.108328544949,0.137214462932,0.161616562737,0.100553323180,0.032311193880,0.009320055858,0.003351858470,0.001643101556,0.000770946096,0.000608564213,0.000658938750,0.000955744087,0.001633334496
0.011356254578,0.011211039249,0.021685792797,0.041568252722,0.050327771376,0.029336020342,0.006498624916,0.001706224738,0.000945682836,0.001078371097,0.001657799534,0.002296291507,0.002365666883,0.002024415214,0.001834367050,0.001816673312,0.004522910547,0.012993551228,0.052745552008,0.137548238392,0.281874721009,0.205834664656,0.070810490925,0.020883885943,0.007825986812,0.008033615014,0.009161208801,0.023278612668,0.036328853153,0.037766550123,0.024875559804,0.010616240614,0.004862543645,0.002515442516,0.006212462573,0.052271083706,0.055786619617,0.176031558967,0.286038662530,0.321830258003,0.271101359007,0.218625891976,0.482234070786,0.522466038344,0.451667203765,0.167283327345,0.087065148072,0.105067440070,0.126921524490,0.184070737646,0.185881561227,0.133967879967,0.071578185230,0.035508198597,0.012006751198,0.003664270078,0.001621760359,0.001143785129,0.001083645867,0.001266099566
0.011406445718,0.011067092964,0.017858061376,0.034229278763,0.058186159992,0.058966162815,0.025205111989,0.007638286181,0.002621824014,0.001829400608,0.001910724460,0.002011500813,0.001861987080,0.001775664629,0.002044943405,0.002874380143,0.007771531470,0.017498888600,0.054229100797,0.122367365612,0.233295538986,0.222398135499,0.123234426027,0.051258747459,0.017360086138,0.010819318591,0.007283386238,0.015506887663,0.027468637496,0.038765971085,0.035951194591,0.020860525942,0.011166135394,0.007431449951,0.020779292163,0.036975298797,0.027325438159,0.097805178028,0.290626269406,0.437723042225,0.338740155176,0.131821166424,0.122621571315,0.124358590751,0.356867485804,0.482520293570,0.437273919346,0.257812612793,0.143802244649,0.126045853552,0.149883139311,0.125201442677,0.110113975940,0.125180121299,0.098691500563,0.049731898099,0.013698659373,0.004787593437,0.002081400893,0.001854913338
0.014430185855,0.018984195949,0.035385768624,0.059892492009,0.072644210770,0.054423015701,0.024978965991,0.010769238176,0.004950821811,0.003117827985,0.002845815572,0.002683262395,0.002122939545,0.001789192220,0.001972966739,0.003178611288,0.009525494763,0.024727036853,0.078610859775,0.154978224520,0.208175797117,0.154775837521,0.099260685657,0.069311432258,0.043423880955,0.037534500371,0.021653801450,0.030138321739,0.037043505758,0.038797228877,0.031817319296,0.023369635558,0.022825553524,0.027985955315,0.056965774044,0.031096609092,0.015410386834,0.041312855680,0.121957082647,0.289438528109,0.304951944260,0.156196238032,0.154883891064,0.096916864954,0.128618106224,0.149234487202,0.282609704489,0.529743021746,0.491573125920,0.260340415434,0.153778599505,0.074385308015,0.055034304402,0.070531815868,0.135360022053,0.176867669185,0.097571160507,0.034321121520,0.009270976935,0.005021936347
0.028244570823,0.032918385694,0.067303967031,0.103926901002,0.099639660227,0.059204579580,0.023219283835,0.010099106960,0.005641301284,0.004143533146,0.003837630805,0.003560244883,0.002592110922,0.001958345714,0.001853068132,0.002452274256,0.007505487762,0.021685422851,0.078031901314,0.180791895945,0.253053215752,0.168830797572,0.098630270319,0.068125559815,0.048210826390,0.050896148339,0.037124728897,0.056678227948,0.063341947243,0.051305834668,0.030731922495,0.018754020956,0.020424362634,0.023699676402,0.021552409398,0.020595636217,0.020521844130,0.039310288355,0.066798239263,0.115791492250,0.145657060371,0.103798464535,0.129147142589,0.137330595410,0.188965000457,0.143255079717,0.126259125965,0.218595936691,0.344032687524,0.506226173213,0.478892952594,0.208791473791,0.086356886513,0.068403836869,0.086048040865,0.124160640134,0.148524478774,0.140722190534,0.068260057771,0.032642619819
0.108034462877,0.085760924003,0.110246745301,0.134989863714,0.114254634859,0.065920877136,0.026996406868,0.011699481078,0.006775752005,0.005356109666,0.005693281479,0.005953090621,0.005098352884,0.004662971876,0.004821108428,0.006165803530,0.014015361602,0.028352209125,0.059886859596,0.107118393734,0.170277442598,0.180914231867,0.154500491611,0.123612990219,0.073596388321,0.058561705711,0.039818299278,0.072918355986,0.098412454752,0.090158960814,0.053452036333,0.027275253100,0.018539493145,0.014232368786,0.015274380578,0.023974817707,0.032686884834,0.058016979846,0.071416376550,0.052569548957,0.029806285273,0.016758130095,0.029759971400,0.051121401763,0.148614540550,0.269704752657,0.290899599591,0.248271085288,0.151905654234,0.144674225768,0.218770562480,0.316969508738,0.382045871922,0.427618098691,0.285409678589,0.142312534043,0.059268368594,0.050010256206,0.050812442919,0.077148139499
0.068911955666,0.116579445476,0.161879304176,0.143453924870,0.086483667772,0.040918054573,0.017391333583,0.009273773211,0.007424258417,0.007500215459,0.009666981028,0.011168380642,0.010143466153,0.010329302779,0.012790174703,0.020535777567,0.043935224458,0.066101057658,0.092846809101,0.086680570233,0.062385724204,0.049073155813,0.050262236449,0.074537678461,0.080611278107,0.092731486206,0.065282584637,0.098457563693,0.115911339031,0.114242868158,0.085947692638,0.058611181953,0.041711181963,0.028730432397,0.021068927921,0.025656205954,0.034333461287,0.054198742278,0.055909736386,0.031368307961,0.013979371235,0.005870421516,0.005200494772,0.009675147773,0.037053330246,0.095216036209,0.193249813008,0.302954468865,0.275863010219,0.179954584393,0.141683995188,0.086990254807,0.090062452250,0.169319429932,0.445379425890,0.706868823817,0.346851345838,0.117466525168,0.036069381023,0.028589887100
0.084398685401,0.140309272710,0.210663399867,0.171945210983,0.090850471509,0.055955196051,0.023719525448,0.008885146911,0.007588208385,0.009978517778,0.015500122474,0.020030483845,0.018768850249,0.017803308548,0.018592745961,0.028226491887,0.068040503843,0.122684759895,0.195219105762,0.153201770950,0.068919309963,0.029376056850,0.016603946878,0.017621430172,0.024219293105,0.052969377920,0.074769620605,0.147457905975,0.169304749966,0.156913641421,0.128052174916,0.095735276969,0.074083735992,0.053190278862,0.048951003133,0.065285846924,0.077795463930,0.077015747743,0.049070075417,0.019514199847,0.008092064030,0.004072151205,0.003706927100,0.005322096469,0.011722483216,0.027655774074,0.069942741936,0.186660191795,0.261125614727,0.267995697514,0.234293563420,0.126908630372,0.075041050646,0.069518210340,0.108141144477,0.245039117863,0.488772609935,0.677853241678,0.348366451951,0.122512770611
0.572895272911,0.245161193767,0.193991822471,0.210126326674,0.129304076699,0.069055106234,0.039001502702,0.022269290880,0.015168625975,0.015421354912,0.020270709245,0.023954652973,0.021844365351,0.021677362391,0.021262373752,0.027925280579,0.060140484397,0.110221975617,0.200023837475,0.198209768545,0.113695032902,0.048504460991,0.019330234400,0.011981184268,0.012948118353,0.029144575842,0.050527152618,0.125910969624,0.177514220637,0.194352712912,0.183144394474,0.124618778855,0.074877232778,0.052115045322,0.063517954631,0.108975510883,0.166316345342,0.153738409837,0.077934594190,0.022167778660,0.006780915717,0.003399366349,0.021427669428,0.013398186985,0.009427189755,0.016639126418,0.034414947189,0.077242371754,0.123796962522,0.181723312456,0.214394979992,0.187105233334,0.139136732729,0.126854418128,0.111444586540,0.155665543154,0.163749744742,0.222591940020,0.293082279098,0.544761116540
0.204281728139,0.607661870053,0.700968924390,0.243625373897,0.104571585838,0.077649016569,0.047458586394,0.024226775771,0.016862333900,0.018212513166,0.021320836380,0.019163021409,0.013422056394,0.011809195284,0.011153833562,0.014568134982,0.033057682705,0.064220326589,0.127574556702,0.150093555912,0.116921348255,0.070235138997,0.034039396486,0.019165705300,0.014800685452,0.022783322093,0.028944183040,0.057462202441,0.074648977021,0.095462595786,0.130075260325,0.135788592139,0.098209997236,0.061182378721,0.055626071696,0.089907678770,0.148250166718,0.186055229673,0.122707726917,0.037918447682,0.009248077552,0.002831146136,0.002591299777,0.002472589986,0.004253939395,0.005692031789,0.013686330481,0.033120164361,0.058538881589,0.083587851008,0.095322531211,0.090628923981,0.093781551561,0.120420089492,0.159544784935,0.194062972512,0.105431106934,0.081253149994,0.036902616481,0.049215251617
0.061053570992,0.096280008688,0.350747149373,0.827250858712,0.445867083418,0.155766022901,0.064558421649,0.038770893906,0.026589665821,0.020897687511,0.017460968252,0.014979587944,0.009866127325,0.006902830304,0.004930283498,0.005732732852,0.014025956206,0.029881501133,0.071660548455,0.108347612057,0.108486271400,0.079996364138,0.047602432985,0.029104430113,0.019377447300,0.022133166954,0.018593686315,0.026852829731,0.030917874035,0.031608959556,0.039333114046,0.068723827900,0.100198940019,0.104085541609,0.087988313460,0.094919121144,0.104044815704,0.138129411348,0.149867677929,0.075589509288,0.022523451408,0.005405521728,0.002836649717,0.004350369182,0.002378925756,0.001579250687,0.004093287056,0.013142955829,0.034169528680,0.067575676076,0.071601009847,0.043157882578,0.036112198668,0.079402111835,0.189961508725,0.211365590989,0.082691547837,0.037050289707,0.025254575424,0.030014442815
0.072532906272,0.108101036530,0.151831741513,0.274572904303,0.569274269112,0.726097806012,0.308852596457,0.098354687656,0.043719895128,0.034159576933,0.019312977427,0.010018046636,0.005002593502,0.003617341291,0.003014588860,0.003237562897,0.006938570399,0.014607675545,0.043194775866,0.094665256844,0.129194614187,0.100909891348,0.058020320843,0.033324961634,0.020298746307,0.020453355271,0.013941338023,0.014446316616,0.013667785589,0.015253300813,0.013007939617,0.019303876558,0.041846690219,0.092337899115,0.137716470826,0.169377588960,0.135566614761,0.141081839880,0.146129412103,0.094892048287,0.041321276139,0.013141592188,0.003077551023,0.001304151598,0.000901161859,0.000871356094,0.001845273723,0.005225996827,0.016399665964,0.049499566530,0.079807005789,0.052456856935,0.016065852662,0.026060049430,0.081893193104,0.112568030179,0.055515273967,0.022506053301,0.011691012178,0.020672611344
0.042205673117,0.097484388432,0.166907424114,0.182599636560,0.140405523669,0.308424512466,0.776884068876,0.436189738355,0.086215091385,0.037408105802,0.022062172282,0.009038862128,0.003374626481,0.002196116209,0.001881342345,0.001990432743,0.003684275127,0.007467393404,0.024933070494,0.066382153224,0.112731567926,0.096166038223,0.052660012262,0.025875917142,0.012805711580,0.011297693761,0.007255094976,0.006559150806,0.005713642447,0.006054347975,0.004502983131,0.005851480374,0.012621535270,0.038872987469,0.095430953761,0.173472683600,0.149989458175,0.141422049821,0.128929731384,0.075948299493,0.032384127275,0.014161449789,0.004866832260,0.001778818468,0.001135143711,0.000804759699,0.001055066517,0.002014527621,0.005851039122,0.024044161962,0.062484387805,0.063914573886,0.019372449251,0.003468475608,0.005146917735,0.028613497977,0.033047309179,0.025101098873,0.013702883319,0.011654599875
0.041284044726,0.074463948941,0.152758341581,0.237990431367,0.209279687855,0.150345217226,0.305879885955,0.652057927865,0.531622670949,0.177134157510,0.044166431778,0.021617013861,0.008505195060,0.004031459467,0.002447255930,0.002076017410,0.003819565410,0.008557892067,0.031925944687,0.079145949366,0.119137024044,0.093330557952,0.046812360119,0.021393319305,0.009047626737,0.007561701321,0.005328585919,0.004813938825,0.003661366487,0.002895229735,0.003077588590,0.005232068772,0.011243899116,0.030389548030,0.070904791172,0.136495283852,0.139989168124,0.148729487545,0.131450983101,0.068177230860,0.024091501522,0.009089684222,0.007051931864,0.002595589805,0.001512809120,0.001376157492,0.001680421174,0.002181588532,0.004321514596,0.015744252380,0.048004125661,0.069326860395,0.027669518976,0.004811695607,0.001413893534,0.008970794367,0.030596141709,0.040647479894,0.018772858048,0.018271320824
0.035678022122,0.044636148015,0.091883597148,0.214386361488,0.305111707553,0.212361231520,0.150343018867,0.239025810680,0.571272810128,0.680125479095,0.154426740338,0.035582020259,0.015583946280,0.008919521931,0.004935121799,0.002549171044,0.003506842863,0.009179416756,0.042930770601,0.106000606220,0.133847877712,0.084293348244,0.037272802593,0.017276221523,0.007532928940,0.007822992097,0.007052304928,0.006855359706,0.005642619388,0.004745873685,0.004957613678,0.008348823430,0.016060311701,0.034685956798,0.063841617032,0.104248467767,0.110078746838,0.122624599764,0.111411085894,0.058130276221,0.017278225536,0.004827168432,0.001572928235,0.001065438597,0.001386850640,0.002086797856,0.003474158972,0.004732491871,0.007820716412,0.020784183807,0.047486914751,0.059261727339,0.022752345350,0.003962081929,0.000812287332,0.007406069421,0.030244076588,0.033526956315,0.012607416425,0.014187130558
0.023669935003,0.026054627403,0.062662168754,0.169215123581,0.289967108434,0.229174236494,0.147202519976,0.150171307093,0.333368227899,0.790655871845,0.469504874843,0.078155477075,0.024553388508,0.018100059880,0.014052410588,0.005311813029,0.003330098498,0.008700002612,0.046572325400,0.122446279448,0.144698528167,0.072881415866,0.025394080740,0.010219505759,0.004311112356,0.005698321664,0.006415393690,0.008854666416,0.010608962380,0.011365317656,0.010381748602,0.011881333169,0.016057050914,0.032457052031,0.080731629141,0.104968809174,0.091539204344,0.075921621516,0.061029761182,0.035202492408,0.008851613630,0.001509540039,0.000446299770,0.000404632361,0.000847702461,0.001956058602,0.004407296891,0.007569063942,0.013369612263,0.029285754823,0.043699982978,0.036414175725,0.012331292718,0.002270882933,0.000563166851,0.001105673907,0.003672758047,0.007897057370,0.004716479942,0.005555808928
0.013328130939,0.017785579738,0.051749742270,0.159608725423,0.282859353189,0.236090817639,0.157412744901,0.157915337766,0.262260202612,0.631415434364,0.704197068335,0.230357511817,0.052911521508,0.026740070158,0.018362670105,0.006233425686,0.003515947539,0.010212908782,0.061336797492,0.168882127760,0.179067348810,0.071069284872,0.021590524080,0.008160545395,0.003498677220,0.005277718437,0.006268480748,0.010957292349,0.016417589149,0.020778064540,0.020605249407,0.021197822119,0.026483397340,0.048238580725,0.111065553811,0.157801429617,0.080375278567,0.052883236492,0.048636204822,0.025649560228,0.002812267771,0.000297794763,0.000128907696,0.000173155577,0.000567360873,0.001629821384,0.004019293839,0.008441655252,0.018146765047,0.040232239400,0.044468632621,0.026275179709,0.008824244932,0.002047582309,0.000750636314,0.000340957359,0.000173124584,0.000167844182,0.000293234859,0.000574390408
0.016473009448,0.026481340261,0.060590253425,0.156919198345,0.274013170886,0.224502987776,0.134587176246,0.142049034668,0.241396160444,0.689165007980,0.753946541037,0.197049855320,0.053423918245,0.039793661771,0.033242366363,0.011046471025,0.004942821816,0.012738012663,0.070037378779,0.182194666317,0.181575948372,0.066947996083,0.022092789271,0.010428988035,0.006878815816,0.012742818080,0.012916440743,0.017571824819,0.020151819291,0.019562635823,0.017296993143,0.016412137541,0.023511970731,0.050549086828,0.100016314495,0.138944829813,0.076007037770,0.043383283409,0.040846705782,0.027774190453,0.003108449394,0.000190053228,0.000082512453,0.000119338059,0.000480320638,0.001498849574,0.003981118016,0.010147901764,0.024132496872,0.049053568988,0.042688906465,0.021870566823,0.008125126106,0.002415560641,0.001565266088,0.008203637461,0.006926729444,0.002025474228,0.000290502495,0.000724231437
0.020465955229,0.046294694729,0.103685505264,0.185585395790,0.197484676214,0.137638284133,0.108635528825,0.176630528054,0.449016665151,0.929485077734,0.418312917355,0.105011575898,0.053362030628,0.048610287501,0.035559466963,0.010412502883,0.007008957061,0.018477915759,0.077564517003,0.172280784434,0.156156753908,0.050774015880,0.016474385550,0.010296836602,0.012587327538,0.032421469803,0.031460724640,0.033707044072,0.028193511036,0.020019732031,0.015403767029,0.012106287484,0.016581507822,0.034843136861,0.072681393847,0.114254424421,0.075172225058,0.048911401418,0.044411482869,0.026395049664,0.003199432297,0.000295522952,0.000181049592,0.000341940160,0.001661670837,0.004224736517,0.007594042620,0.016060742464,0.033502769952,0.060631092448,0.051009063544,0.028496279950,0.012025281432,0.004611809876,0.007158766542,0.016753175906,0.008372336189,0.002833516790,0.002262198136,0.002397394220
0.038480502893,0.066706238945,0.123329132497,0.194458333906,0.183523695959,0.150230708066,0.230247009074,0.516874796963,0.688117131816,0.448538283395,0.228588857583,0.124207779516,0.083435579529,0.058231504429,0.034821527464,0.011945248486,0.011395808955,0.025568344974,0.079646682552,0.152020865161,0.125767849144,0.038696699248,0.013757739247,0.011947940850,0.022515384144,0.070476801126,0.064376794017,0.059534607145,0.039898236192,0.020405283392,0.011774526889,0.007653582455,0.010432845074,0.023089120480,0.049687318363,0.083989694717,0.064097962893,0.045064324143,0.033064238970,0.009945308244,0.000939994217,0.000176659610,0.000263480510,0.000801383581,0.003995061994,0.008869503425,0.011870983648,0.020904724882,0.038357857125,0.075065013169,0.079926241019,0.050531647776,0.020013999874,0.008189688079,0.032606214432,0.101211949918,0.054004152499,0.033349817392,0.010720473575,0.009856154487
0.069691495377,0.084668890674,0.144385604056,0.208960488388,0.239238255986,0.323096001274,0.485902959026,0.576977419515,0.435034325180,0.350899859841,0.255482753444,0.154082615243,0.083757056302,0.045486420935,0.024567428451,0.011397958781,0.013235578860,0.025349551780,0.073806094171,0.152819070307,0.141525024418,0.045427164979,0.016470635089,0.015064451356,0.029355154137,0.096550713337,0.093872855960,0.081845772254,0.040634988291,0.015506079560,0.007899487373,0.005149315298,0.007418370479,0.016506041661,0.034838678183,0.061717086008,0.054121549630,0.057134461383,0.045756981471,0.009934427289,0.001063256627,0.000396608651,0.001661931131,0.004045137534,0.015399806374,0.029285335407,0.025735122232,0.031293671234,0.056114477498,0.104099428410,0.108158309150,0.066416571720,0.027282147933,0.031298433140,0.095414379708,0.107022455154,0.060741683254,0.039150119342,0.035382420124,0.049504913257
0.159532559524,0.142009561846,0.231794607155,0.440036857001,0.515291805762,0.406828145512,0.336328899533,0.341323902270,0.344652377852,0.416128887867,0.273057206120,0.117881787235,0.038589058693,0.016403478239,0.009827588466,0.008454486363,0.017543469947,0.032784284243,0.094554595207,0.214106821388,0.219737766462,0.076255067067,0.025966079371,0.018200208877,0.028045793933,0.086116599425,0.090883394371,0.075199832717,0.033568615104,0.014710007056,0.012011620935,0.011494907328,0.016498629673,0.024072515874,0.032165202720,0.042229471400,0.035708385802,0.043148816186,0.048530305503,0.023606812967,0.005562022403,0.001278156084,0.001094270310,0.004733683322,0.059110088656,0.190999590457,0.135394958171,0.127473912473,0.168987360347,0.190186613438,0.173084942058,0.127053285826,0.090622591444,0.070202193812,0.098500034334,0.140045379703,0.106222101311,0.080603848508,0.089416427835,0.144960628592
0.414064089406,0.353532485776,0.248474067206,0.232594067887,0.309294473935,0.354999423442,0.287487221676,0.257567385836,0.242114836123,0.269424957917,0.141005222261,0.051792203264,0.019288282807,0.013550772932,0.013064299505,0.012528388909,0.012751415547,0.024791343835,0.071696979224,0.158719120178,0.186233701115,0.080202962229,0.027087790525,0.012744959307,0.012639488849,0.030245057731,0.038595208942,0.041768728767,0.022657733212,0.011318217845,0.012051174500,0.015082647628,0.026518617497,0.035543902355,0.037434414968,0.048380528491,0.064113482430,0.057088217071,0.062829819757,0.053637880617,0.025579422403,0.007974870656,0.013849288177,0.020974933229,0.089284556179,0.251441733815,0.210120841547,0.141801620120,0.106627818301,0.193942330476,0.238621412209,0.100646125893,0.055729337009,0.081998344066,0.133820268512,0.146447948150,0.088922232439,0.075086826186,0.107270121403,0.232622837178
0.407287422734,0.264250808464,0.159163032085,0.191244891500,0.281335983695,0.292750678606,0.225749501344,0.211910186768,0.209106526246,0.234342446052,0.146834906047,0.057738761007,0.018343071726,0.007499930815,0.004086237109,0.004794915497,0.011075564054,0.024994086470,0.058127607098,0.090754119999,0.092414272139,0.046673975031,0.020127799517,0.013217651200,0.017959396433,0.048341232292,0.056974633627,0.046423495613,0.017898678766,0.006946811602,0.005669458158,0.007173570971,0.017211347740,0.032964302890,0.042382941724,0.059108428076,0.072930230201,0.112494470093,0.154881760355,0.141589765904,0.075180429355,0.029688340509,0.029681344482,0.040765647769,0.106915964669,0.176880290934,0.151064945075,0.175997264166,0.158277345741,0.176640915896,0.225082686137,0.200710170339,0.106851143643,0.101960212809,0.183584329467,0.232737320401,0.193757429790,0.213881186814,0.234753247777,0.310255796615
0.305420811512,0.148536531582,0.120970710834,0.241982441652,0.325973355754,0.224997207394,0.134674787428,0.125146027242,0.143892246978,0.203675742897,0.142561378911,0.049355170075,0.014087475033,0.004666550866,0.002249496284,0.002835320137,0.009662147371,0.025246936811,0.050011528047,0.053653149911,0.041060238702,0.024416429580,0.016546404256,0.018212318099,0.030145399249,0.066187251276,0.055563196394,0.036221940161,0.014832725996,0.006154018308,0.004315911245,0.005015405385,0.015794550916,0.035709574280,0.054850360449,0.086063541596,0.093810532778,0.155454422570,0.288255364530,0.303905729884,0.161540108038,0.075022043066,0.072771906643,0.097324233867,0.159021337007,0.137145208228,0.120785500876,0.232834052477,0.290807943214,0.277593003663,0.155150285709,0.093542747604,0.103872978447,0.173544999908,0.280348428003,0.326867401846,0.306470641093,0.333676956545,0.287006502379,0.292085941367
0.276735899255,0.157869539321,0.091156293654,0.148477820018,0.189026328572,0.122270872972,0.074943388851,0.062326558980,0.078086877804,0.114060402891,0.087754149690,0.033460532584,0.008927660102,0.002618103767,0.001319316170,0.001544504618,0.005583536519,0.016142997093,0.034116784783,0.039272709550,0.033880263580,0.022726955870,0.017186964994,0.019922247119,0.034773506557,0.073924257473,0.038117384339,0.025440132477,0.015234603529,0.007177174143,0.004274498891,0.005465457377,0.017495027736,0.022197982903,0.049314973850,0.096835388701,0.144884850959,0.306079209592,0.447366917992,0.515996309574,0.249472210037,0.082220967803,0.059406539563,0.096051056951,0.298969068605,0.285365702816,0.190107523461,0.231425281110,0.249323221231,0.271535018711,0.246625342020,0.166040818599,0.134679798499,0.175636403854,0.256646958537,0.336253101189,0.392326342147,0.297996264827,0.159616813938,0.165610671568
0.222785417217,0.108395450522,0.054390452806,0.066735069660,0.101415791261,0.096807685935,0.077273723082,0.059632447709,0.058990152153,0.055669134355,0.035216168557,0.017372779415,0.005775329378,0.001645518312,0.000767726420,0.000855320341,0.003365205178,0.010948484042,0.025820087434,0.033219196947,0.031249968668,0.023474683822,0.019018167005,0.021869546974,0.031126996173,0.040266361938,0.018726230417,0.014131140761,0.011441417628,0.007679351483,0.005724514523,0.005665481012,0.013065654300,0.035925618371,0.064322922519,0.091744838515,0.128408308065,0.320503847423,0.580778233799,0.587269325644,0.243543214188,0.078632666803,0.046568023301,0.061806382857,0.191384990727,0.304832382269,0.324884068024,0.400274001829,0.314753143610,0.224134022528,0.150782111317,0.093591474955,0.103868495559,0.174128810684,0.250453586674,0.294386571684,0.277350254219,0.197517037402,0.152909280856,0.180837497510
0.203973773663,0.052500945733,0.031683074959,0.051971242516,0.099842213681,0.121441887264,0.104476730645,0.074835366174,0.060718825387,0.046212072650,0.030789939313,0.025184440012,0.028669504671,0.017852739419,0.002402939589,0.000687250363,0.002045385689,0.006656497392,0.018458176134,0.030583305550,0.036818240574,0.034198424465,0.026914732570,0.026191918820,0.027888878682,0.022732829596,0.008780608571,0.006937551650,0.006852986118,0.006487431388,0.006206839519,0.006559598950,0.011265592059,0.026215597070,0.080356696179,0.131456205491,0.172691709122,0.394215847027,0.568973444207,0.524857752076,0.249373732798,0.111701806622,0.074126530193,0.074244284756,0.158803128891,0.327161827311,0.402460280644,0.324195337442,0.167579076066,0.099821871320,0.072153988028,0.053718108283,0.052292880000,0.115715927662,0.272594020592,0.265063389998,0.106674423451,0.076749194518,0.125387049619,0.259713268406
0.087514925457,0.030520082802,0.029773530102,0.045562466898,0.073808672871,0.085810855335,0.072482187264,0.067919941998,0.075428716546,0.065629684708,0.055391871655,0.069268592735,0.088304573907,0.103950704051,0.036877141504,0.005995389867,0.004065831958,0.007416810604,0.021585174169,0.040756387958,0.046271894258,0.037947180697,0.022549559840,0.016439168801,0.014290025822,0.010759248577,0.005765734293,0.004646683486,0.004237568419,0.004409983326,0.005558402428,0.008236905927,0.022851796621,0.121680495972,0.109893447753,0.062873427997,0.112361867941,0.340561804872,0.601223662086,0.637084078188,0.411344537329,0.249971842362,0.237350612157,0.213734825284,0.236197340294,0.264731971715,0.227198884820,0.137600226637,0.060092382869,0.060940663366,0.086855408548,0.076381134643,0.049028640608,0.079240976899,0.134257850436,0.137369224151,0.083083206578,0.112829330444,0.194392127677,0.216555644163
0.039433541553,0.023655489376,0.019493380777,0.019772045110,0.024695536117,0.044681217550,0.050943116930,0.036792320269,0.036605129535,0.034165078857,0.028237438676,0.024936485836,0.029694277880,0.022036180122,0.008350616883,0.005011612595,0.005885890985,0.007805983863,0.017557369388,0.023149553441,0.018693294058,0.014762846346,0.011145815232,0.010592081932,0.010782704134,0.008274182535,0.004764768510,0.004718920320,0.002640432835,0.001730246779,0.002972864147,0.007680445286,0.022275185654,0.050254581573,0.058214427983,0.047345916749,0.068075582225,0.184825326839,0.457010432407,0.728742630391,0.622251099927,0.297889723311,0.186774300006,0.179901327297,0.224792158487,0.187364098547,0.107445973719,0.054810964406,0.023520634686,0.016597564722,0.021522798572,0.037124402036,0.093878968372,0.115889523495,0.068377725491,0.043414663610,0.057606847334,0.073011852877,0.071977490675,0.057753643086
0.078556490790,0.033532222602,0.019017231292,0.025194058578,0.037502962352,0.053614137499,0.048710146434,0.038273411012,0.030512814611,0.021749549326,0.014636206129,0.010197022199,0.007545655076,0.010514998464,0.012038186028,0.010030216032,0.012867074709,0.016440032526,0.018206597917,0.013381220645,0.007077489268,0.005172438145,0.004995649521,0.006540747621,0.008729634474,0.007178880708,0.004283081018,0.002500578661,0.001609956865,0.001767045529,0.005176324591,0.018739412470,0.051825299623,0.072057948591,0.055644037969,0.057935360693,0.097480590347,0.243199393399,0.500005146103,0.679788282989,0.516418086142,0.239804723995,0.222943778359,0.243369856561,0.237251263235,0.198467154812,0.160785103472,0.084182114758,0.031998758430,0.014198975806,0.014211686146,0.039772639636,0.129522500491,0.069445016855,0.058123334651,0.047398381779,0.031845917536,0.036484056886,0.077177610432,0.113129514893
0.120333063445,0.059368473521,0.038562604208,0.049431833218,0.063167835118,0.073262694079,0.064316730686,0.050864652013,0.033535392982,0.017824765493,0.009052592152,0.006210671559,0.009913657793,0.018442787263,0.014335191655,0.022503687799,0.051295375527,0.051370847227,0.031691580814,0.015851422737,0.006725547319,0.004523669618,0.005012737447,0.007897405501,0.010279621791,0.009517630318,0.008401142131,0.005896261245,0.005169283285,0.004884122579,0.008648545933,0.025115495612,0.073091091072,0.124011797438,0.118391038956,0.124134437939,0.172927394169,0.328009066182,0.509024076534,0.500966092456,0.381351434907,0.262286486443,0.257905710263,0.295968093076,0.322459271967,0.238895987384,0.145091555464,0.070665302066,0.025336964131,0.011918980417,0.012543197091,0.020100334205,0.028148099317,0.027949038376,0.024501001007,0.024492405163,0.036835633666,0.069663277774,0.128372107427,0.166712611796
0.143365931984,0.075061147227,0.048142282451,0.063638675446,0.088951171814,0.101763493672,0.100663980349,0.085113479248,0.071167887065,0.035941351203,0.018863741313,0.014037771645,0.013776050282,0.017368874502,0.023125396179,0.044117236206,0.089763228980,0.098822374465,0.080508786348,0.066455064568,0.062075472536,0.059621704022,0.060881228818,0.075414578958,0.071508182509,0.049435984353,0.038312716504,0.030057820561,0.024387004737,0.017979261171,0.019751990319,0.033390778767,0.069655749771,0.115036069994,0.148178733682,0.202370730547,0.304668598018,0.357922420716,0.344506034754,0.287235171175,0.248810145695,0.263805754295,0.320586162666,0.382802564420,0.305992615388,0.204038835885,0.133615687812,0.066947048331,0.030057250413,0.018439151609,0.021897401517,0.045731861299,0.087446147067,0.088712332069,0.054339678182,0.043390486251,0.078214862379,0.161317072453,0.259306300826,0.235269050861
0.134591243232,0.069799137170,0.051776235302,0.077665159204,0.088103484730,0.091086725518,0.092146914285,0.074205585651,0.061790205649,0.043167679065,0.040006977999,0.043670041207,0.046497658535,0.058306045953,0.080103280451,0.110584169566,0.134367364062,0.114005237918,0.095859578746,0.133281387083,0.198215476036,0.215583673774,0.135683141945,0.084858396582,0.077178052141,0.079330795574,0.069617154798,0.043144996627,0.030933426225,0.024628405065,0.028591741825,0.039487995928,0.078453788246,0.148916590858,0.209303376895,0.252939022513,0.258525374922,0.203799245557,0.186284419336,0.172212384880,0.212167199080,0.304012229100,0.381963174722,0.445203403018,0.327658507147,0.168317156069,0.079265562352,0.042512288888,0.029092680566,0.031395284815,0.050050165712,0.105609178745,0.154401419242,0.109036581355,0.057487360448,0.044305647486,0.103206852261,0.243974894977,0.402825422261,0.320390553083
0.111655387231,0.050974720043,0.039367080711,0.057070955720,0.061047110889,0.068259434910,0.066861805309,0.044779455317,0.030184926957,0.023204689234,0.039231365593,0.075233972802,0.078837454361,0.063989943898,0.043058953289,0.065203434667,0.150250889692,0.191896393456,0.135414163248,0.118699032340,0.100967776444,0.083354680091,0.085221667264,0.116036779000,0.112222567772,0.056467985052,0.021876895966,0.013319071713,0.013702979201,0.013867272345,0.021097741119,0.033895696260,0.082427882541,0.145536123395,0.172508246685,0.206870280901,0.206880389829,0.146172659793,0.130899879510,0.116111504689,0.163158784381,0.264384764399,0.357362173361,0.441894763741,0.325694460120,0.133539616487,0.056976456753,0.029039647196,0.030172525968,0.048710888524,0.073277973203,0.106229661541,0.147644186325,0.124394782983,0.068689656349,0.045699078230,0.077567852619,0.274177123341,0.527886985162,0.339004793335
0.129585926412,0.040035707009,0.020723143161,0.025971888345,0.036710675338,0.047996130995,0.050484450466,0.041168774584,0.030844968163,0.022259911182,0.025936367338,0.032663796028,0.032134894936,0.032593504494,0.043797764599,0.093682913480,0.111840603944,0.129115513862,0.096299220179,0.068008815143,0.039059597199,0.018923163603,0.039506646730,0.084199929961,0.086686921440,0.036761804550,0.010083086370,0.004268419154,0.005216778524,0.010533021779,0.026979302697,0.028048430348,0.046190999567,0.086339484188,0.145507972287,0.216821372090,0.212850807491,0.132771921256,0.115644517921,0.112218342700,0.157977546897,0.175671481473,0.201512981189,0.327809886575,0.356683414283,0.162274704217,0.076991999922,0.047247782880,0.055397478976,0.059813185230,0.055220366992,0.056575395257,0.069360176804,0.100637087091,0.121321130090,0.116068068039,0.143552842148,0.383962457764,0.715602489029,0.459874320183
0.243420809002,0.056129590775,0.015847548277,0.012626898444,0.014608859323,0.022289072520,0.030607050344,0.028813130393,0.023588967396,0.018403836206,0.017181320709,0.014606442313,0.010251581047,0.010661870500,0.019728601381,0.030831370184,0.054557627007,0.063559592878,0.047378112520,0.039698016709,0.025581825312,0.018471527114,0.029881248413,0.053351218648,0.059126419108,0.033900122203,0.011281939498,0.003184639179,0.002626121593,0.003903349992,0.011269041207,0.028439174136,0.047317047049,0.068722297994,0.108141778067,0.138549046068,0.163677842291,0.116600888303,0.105992333549,0.083305261304,0.125019553607,0.172764737202,0.187441596140,0.241877361473,0.287501127385,0.177295015620,0.092992348445,0.042955436913,0.026447265587,0.022252828204,0.025546005217,0.032868189534,0.071300938770,0.151318201351,0.163119056902,0.144895002047,0.160771842614,0.280462826031,0.603447992505,0.681308630595
0.406842010732,0.151947609831,0.057827058794,0.040009551242,0.028537759149,0.025387379888,0.024152002273,0.018869775528,0.017677385568,0.019570368237,0.015981315215,0.009676881546,0.005723648304,0.005270702603,0.006957498377,0.015608209837,0.048057863711,0.079799077747,0.089472825115,0.085845266743,0.044037767410,0.020759414002,0.016627101506,0.020025704430,0.021056434300,0.021946683087,0.019812674460,0.009004903524,0.005392281100,0.004246577803,0.007906385323,0.017068577480,0.032431222207,0.054346794069,0.087203654307,0.094545203134,0.114178759189,0.085508707445,0.079904077536,0.104558360936,0.119493493653,0.162121258422,0.211119224543,0.291066648036,0.283390673908,0.099561892625,0.033173508418,0.014934949818,0.012715720903,0.021868026541,0.042086850560,0.082524856152,0.161048940884,0.186453784078,0.147044429012,0.109384214747,0.111192829188,0.253667247201,0.539226156501,0.706489232783
0.478987576246,0.281596039505,0.246407230374,0.182297365312,0.096629734191,0.054713622496,0.028785012024,0.013606321868,0.012507987028,0.015634163260,0.013883569140,0.010445695260,0.006662972544,0.005566270037,0.006660699294,0.016233374336,0.055619594832,0.073974878317,0.074593066925,0.096940823203,0.066375238612,0.019141312063,0.004823012335,0.005432596962,0.006603935782,0.009723270912,0.011194455032,0.004668381807,0.001779273704,0.001718290094,0.003093448287,0.005747874496,0.011963911419,0.027014594096,0.049933338750,0.048508001768,0.033529619176,0.032876051034,0.038757678389,0.052568510286,0.109722424917,0.134954806791,0.115266963361,0.186780652715,0.169434044861,0.070307678754,0.013730177928,0.007687655057,0.013349960578,0.028682789012,0.041924225171,0.047052879126,0.097491813700,0.150713656575,0.134893049456,0.110655787829,0.147824447657,0.338479940005,0.610344262420,0.741449928004
0.578476037719,0.282074870537,0.288245199877,0.318132952608,0.202609006192,0.066497478517,0.017070461945,0.005140049872,0.005453962439,0.009184332331,0.011496215548,0.012109647159,0.009048509737,0.007893461918,0.008659147247,0.021362212415,0.078167871657,0.085218235698,0.046732208623,0.023685543630,0.004172929663,0.001387228324,0.000750729634,0.001620020466,0.005644120476,0.014750280867,0.015710466379,0.005540328699,0.001739781657,0.002112371922,0.002299543749,0.002607480081,0.004864610196,0.011814711340,0.025717304667,0.029514832121,0.014593002050,0.008937285366,0.011274124138,0.029920663589,0.053466440279,0.037081961128,0.048831689947,0.088826032129,0.076728725271,0.032436733187,0.012263845246,0.008955988878,0.009651620820,0.016127499707,0.026426551824,0.018202677595,0.013655036588,0.034612965957,0.082098763764,0.170053929433,0.305073503092,0.397549152123,0.564514279280,0.733623320652
0.516069919245,0.334541998056,0.300804751344,0.287369023869,0.196466873586,0.075220044854,0.026561161018,0.008485728412,0.008632705704,0.010396636295,0.008511257592,0.008820845253,0.008158161461,0.009825866658,0.012201118561,0.020817652534,0.048643896837,0.144382355723,0.066300711144,0.006019449992,0.000431898158,0.000128103584,0.000080686538,0.000153676476,0.000919857117,0.005864960230,0.015494684855,0.017103919676,0.008548161437,0.003526801745,0.001250151217,0.000940400318,0.002240690446,0.007215015946,0.021208496571,0.029170829630,0.014455022435,0.006428750712,0.003672526577,0.004178679141,0.012058509576,0.016513247519,0.020277316694,0.038253200375,0.034015193850,0.011355966336,0.001439986202,0.000821094709,0.002348034479,0.010833431075,0.027238599385,0.024500121713,0.010531690435,0.006180531405,0.008937054334,0.031191347016,0.165103755805,0.608984219134,0.829835001026,0.641280146000
0.368862713885,0.259763956708,0.351425716745,0.259590684751,0.123810131013,0.047867556369,0.037792294831,0.023821301816,0.020988962783,0.013429623330,0.006681958616,0.006638273306,0.006971666907,0.009862320223,0.012911539252,0.020727723258,0.037644951672,0.078336062010,0.049875627978,0.005033860967,0.000365794420,0.000128731592,0.000076484996,0.000055796305,0.000077648390,0.001239092318,0.013923275677,0.033009958432,0.016531443833,0.003503024127,0.000609470475,0.000402884235,0.001200391230,0.004976685672,0.017413087134,0.023881558276,0.011397738208,0.004817541197,0.001724169201,0.000829105826,0.001269979555,0.003077044628,0.010450403529,0.024001257764,0.016068569034,0.003304397579,0.000421406941,0.000234343241,0.000790650362,0.005589701199,0.019329433312,0.020191091083,0.006937029361,0.001584534444,0.000785502908,0.004972498626,0.067238456180,0.504435338262,0.999123814531,0.658105229536
0.346369250044,0.275511679044,0.373128860531,0.257647291266,0.098439080007,0.038172491625,0.040988493492,0.028712058271,0.035795470199,0.036304569743,0.013606390336,0.003871771069,0.004286841633,0.008702457089,0.014716044183,0.023880770558,0.036126410537,0.034981226578,0.022601033350,0.001956014399,0.000334847462,0.000165785608,0.000088863408,0.000058325029,0.000051285418,0.000317108583,0.005152982036,0.026661245704,0.025633293028,0.006906343005,0.000650441040,0.000219650722,0.000543531574,0.002540758584,0.010779197851,0.017178074350,0.008624304293,0.003053253744,0.000884103843,0.000402559026,0.000805635855,0.003051247835,0.017671483458,0.036974233689,0.015017748246,0.001799633140,0.000204568045,0.000155401195,0.000517199689,0.003679081494,0.014446236528,0.017032155833,0.006047104876,0.001237663031,0.000310686707,0.001469630422,0.028880466934,0.331927308086,0.977270565966,0.648705034679
0.512693869557,0.301562506309,0.365230912758,0.328746230804,0.102365102008,0.033138060000,0.039386568875,0.030469389868,0.035038162091,0.034162175496,0.015113753588,0.002773396733,0.002263567339,0.005542922950,0.011379886725,0.020002054044,0.029406619513,0.023480595380,0.008452185010,0.001205326683,0.000293582774,0.000169916354,0.000092032283,0.000059379756,0.000050169841,0.000087225355,0.001138109332,0.009154764125,0.013836834439,0.005501733420,0.000623570068,0.000189575853,0.000309024765,0.001405088472,0.006649576015,0.011593362087,0.005735473739,0.001721035439,0.000451842250,0.000219769306,0.000554760112,0.002823806780,0.017227307837,0.031616560388,0.012898226045,0.001731539145,0.000182121974,0.000163793694,0.000599215998,0.003633542658,0.013316515640,0.015673379306,0.005572874167,0.001179014969,0.000258710419,0.000558395553,0.011014087804,0.133424902235,0.693261574512,0.842882066929
0.813887552579,0.510874271738,0.387193363995,0.297305740074,0.117603351104,0.038470044626,0.034584167888,0.021085470184,0.024099486163,0.025843695279,0.010641629521,0.002253170166,0.001620171272,0.003551054829,0.007435742008,0.014310059991,0.021365405182,0.018484779903,0.007723819680,0.001280266368,0.000304522904,0.000204292131,0.000119310855,0.000072968192,0.000056262235,0.000051174515,0.000347593087,0.003278059011,0.006587229263,0.003694399736,0.000574118897,0.000215108625,0.000288921178,0.001083744311,0.004668574348,0.008402082090,0.004524431440,0.001470138907,0.000453830176,0.000227503730,0.000448970868,0.001516300828,0.007273106005,0.017279209518,0.013235008996,0.003135362118,0.000361092090,0.000244512638,0.000783504859,0.004443067775,0.013083348763,0.011977719603,0.003672109004,0.000829729658,0.000280691760,0.000831995554,0.008256803106,0.065245808475,0.301202010366,0.658329210837
0.779216031332,0.803190139724,0.455723737316,0.222721323044,0.080923531867,0.027629113567,0.022850139750,0.016689044627,0.023470005606,0.028228335579,0.013356578789,0.002509722461,0.001266962077,0.002345607892,0.004725910098,0.009056836510,0.012685570834,0.008575543041,0.005545450386,0.001736700677,0.000390968854,0.000251972791,0.000173972040,0.000111276760,0.000076233314,0.000064213561,0.000265471174,0.001218953335,0.002256503092,0.002495468972,0.001049236372,0.000574098310,0.000528154461,0.001132649262,0.003410500750,0.005764751819,0.003342756903,0.001249766811,0.000524924946,0.000268147362,0.000351154833,0.000684850578,0.002772872870,0.007477995019,0.009197056952,0.004680390384,0.001022161612,0.000701593818,0.001648886315,0.005884925972,0.011767907104,0.008528306050,0.002354410747,0.000619943164,0.000644094832,0.002935690376,0.008292560049,0.019956506106,0.068690970536,0.282811136587
0.494770057745,1.015010448230,0.505351324056,0.169378619971,0.057159938330,0.028126181541,0.028972087205,0.020836014535,0.022076166441,0.024128968280,0.010399923297,0.002582878065,0.001573517686,0.002330608206,0.003750301016,0.005663079415,0.006712852092,0.004688541025,0.003982743744,0.001934689690,0.000561443619,0.000408300123,0.000324082192,0.000228495604,0.000143892620,0.000120981138,0.000232558603,0.000446740133,0.000732722323,0.001320620903,0.001144055654,0.001131380700,0.001147608787,0.002117168513,0.004240388700,0.003876290952,0.001759345820,0.000916935200,0.000576700289,0.000391715633,0.000468117440,0.000712475883,0.001841364869,0.004030034270,0.005151403191,0.003506229945,0.001287078471,0.001150178194,0.002154252278,0.006020655856,0.010434789721,0.007548193135,0.002213206474,0.000522744506,0.000425922460,0.002274323549,0.006088421758,0.011349399467,0.018866676840,0.076287599830
0.299484132591,0.982520840351,0.625776715497,0.149005234633,0.041196991218,0.025940082481,0.039250763960,0.033759063051,0.023884665919,0.015247746073,0.009302361116,0.006217685542,0.003608726753,0.003784027471,0.004457791962,0.004954794472,0.004879531000,0.003520846227,0.003054430283,0.001477528540,0.000587999355,0.000512775922,0.000454964107,0.000380385748,0.000264693158,0.000184269160,0.000223356016,0.000452641453,0.000725175240,0.001047168225,0.001210524702,0.002107755212,0.002674641534,0.004128035724,0.004618858053,0.003006298742,0.001706445214,0.001148598583,0.000878399891,0.000642833541,0.000741962583,0.001623743662,0.004429560997,0.006620258083,0.005641700290,0.003020887642,0.001255078943,0.001197944818,0.001888656392,0.004582439309,0.008505014495,0.007497847403,0.002538447965,0.000519312840,0.000171769097,0.000192426247,0.000743968253,0.006267068482,0.019045507975,0.044886810211
0.122479963776,0.771916751663,0.885590212584,0.214338499323,0.031834703689,0.018192628340,0.032212342006,0.029761112598,0.022170409126,0.015285468966,0.013887327026,0.016354200517,0.009487747502,0.005563057159,0.004080300653,0.002781692423,0.001986279997,0.001330911354,0.001657890228,0.001832154556,0.001297010580,0.000859867401,0.000617215307,0.000572947938,0.000454791175,0.000335858886,0.000279408865,0.000264274316,0.000228108793,0.000251850225,0.000533611071,0.002773977558,0.006359142005,0.007537272141,0.006016364553,0.004310954349,0.003427816085,0.002270572884,0.001446353667,0.001330918746,0.001557866404,0.002510112550,0.005371881377,0.008872888764,0.009153218335,0.004074571342,0.001187252586,0.000980450142,0.001503087936,0.003469284115,0.006974496409,0.006710121882,0.002299669322,0.000413364498,0.000173818224,0.000670809021,0.002323157598,0.004032042843,0.006894164003,0.018332351073
0.087838624137,0.560354036092,0.968727718572,0.286869460260,0.034573976670,0.016713247256,0.023328203459,0.013241664699,0.010705040596,0.016042526912,0.021604487887,0.017850077957,0.010195286756,0.006169059282,0.003117990403,0.001252906740,0.000689210090,0.000624256039,0.001463788532,0.002911089492,0.002941835273,0.001694975644,0.000909305834,0.000809668740,0.000675257121,0.000492428445,0.000298993948,0.000247997760,0.000199595920,0.000167892562,0.000259649222,0.001516640720,0.006217526276,0.011411729031,0.009739307001,0.006583071628,0.004609236812,0.005438509718,0.003041363350,0.002970056230,0.003063761049,0.003072504581,0.003889523957,0.006722022443,0.009699366576,0.005450999560,0.001415528774,0.000669589633,0.000797140582,0.001905531175,0.004811015431,0.006026085982,0.002608203094,0.000496820033,0.000249579974,0.000490156958,0.000843683037,0.002033754993,0.006915812242,0.017754015185
0.059311312473,0.263684869057,0.983878486154,0.437597056232,0.026965374917,0.005215381945,0.007796964502,0.006066032857,0.005777279425,0.008301247708,0.014148703715,0.016089150107,0.013014485563,0.007501442775,0.002794364642,0.000884698400,0.000475448674,0.000560362430,0.001647937068,0.003395383328,0.003993538478,0.002676290200,0.001345574042,0.000971154822,0.000719222412,0.000496812990,0.000316485587,0.000310034958,0.000224127211,0.000126100100,0.000123691311,0.000542462576,0.003565223187,0.010745139088,0.009720776678,0.007381046910,0.006447373844,0.012544241857,0.009799132543,0.006991414992,0.004556104866,0.003385231506,0.003946909923,0.006099301803,0.006853055276,0.003625973199,0.001014255693,0.000373246972,0.000363792824,0.000975637357,0.003249572351,0.005857306607,0.003711190115,0.000817818275,0.000159356667,0.000110870580,0.000293916398,0.002611625372,0.018632661823,0.032658996240
0.020460816813,0.117134776263,0.899685197945,0.590051185249,0.025918894349,0.002318519808,0.001673992817,0.001139907089,0.001851747085,0.004342751060,0.008533864336,0.011471788678,0.011317449702,0.007686922007,0.003694382903,0.001519838104,0.000769283710,0.000707159255,0.001495602832,0.002763551017,0.003805921509,0.003561451103,0.002540985277,0.001651564257,0.000724883698,0.000371212998,0.000302074890,0.000482381743,0.000334299623,0.000111239672,0.000068682002,0.000132259902,0.000766723031,0.005496691931,0.009305479843,0.008685207186,0.006116780799,0.012792679539,0.013481982254,0.009889750624,0.008142395447,0.007098200606,0.006743991630,0.005131816729,0.003106039600,0.001310882953,0.000423284310,0.000172968143,0.000198804129,0.000570529239,0.002022640534,0.004653068030,0.004571414961,0.001521748296,0.000309859654,0.000156905029,0.000403596499,0.004486043686,0.023243619293,0.017318515175
0.009417942423,0.075047357514,0.790457794690,0.727547133967,0.040567197113,0.001855426447,0.000519443404,0.000218884112,0.000326169489,0.001172190949,0.003764528667,0.007814650966,0.009345490139,0.007499186303,0.004449455351,0.002460481784,0.001427529043,0.000988591097,0.001595200810,0.003048852570,0.004742246528,0.004130275311,0.002051299137,0.000861998473,0.000408299353,0.000293209705,0.000457291070,0.000932629011,0.000535927691,0.000127467541,0.000063619736,0.000098343974,0.000353153338,0.001886632056,0.003737314571,0.006751398387,0.007638474800,0.019825314634,0.023249406449,0.013510958864,0.009971140214,0.007883271502,0.005695538356,0.003110938422,0.001617924061,0.000671775148,0.000321938510,0.000200687820,0.000194225386,0.000367319953,0.001004383910,0.002518771609,0.003657966470,0.002203275153,0.000803749127,0.000503553213,0.000657599350,0.002179903844,0.005550832409,0.005309654069
0.003634942915,0.055519247912,0.771024739726,0.778067694356,0.050881794275,0.002347165199,0.000524372193,0.000217478067,0.000257334967,0.000807139547,0.002817552204,0.006393633384,0.008349200154,0.007949696875,0.005920667144,0.004849237530,0.003158090282,0.001587204790,0.001251168185,0.001683923322,0.003211709691,0.003998511873,0.002133141966,0.000859787376,0.000395266741,0.000275692172,0.000524973100,0.001431367030,0.001041686045,0.000298287808,0.000110296173,0.000097799066,0.000155110207,0.000649413608,0.001820967160,0.004724367488,0.005974524771,0.024087322054,0.022767809280,0.011518019280,0.011881870199,0.011119623054,0.007284356640,0.002662265326,0.001022170415,0.000309142404,0.000160954283,0.000130330148,0.000155641090,0.000256618368,0.000500456563,0.001102503746,0.002055350283,0.002018426913,0.001127580567,0.000828674978,0.000971519383,0.001690441576,0.002423379593,0.001610164998
0.002395477344,0.044430143456,0.704885934543,0.806642363040,0.063410345536,0.002567161771,0.000539100918,0.000230630323,0.000310439585,0.001040582630,0.002900691406,0.005857944550,0.007860622342,0.008559707775,0.007378372094,0.006481220465,0.004960114903,0.001788599465,0.001014796694,0.001202888960,0.002052055079,0.002254328003,0.000941631306,0.000384160173,0.000236106689,0.000226597977,0.000473625616,0.001165226242,0.000961150916,0.000418192783,0.000146003466,0.000104076142,0.000140111168,0.000471094170,0.002106683979,0.005925638878,0.006663236232,0.026258501648,0.029173074571,0.010897256659,0.012156736764,0.013338552697,0.008626024395,0.002786073947,0.001101561966,0.000390288670,0.000300471834,0.000247879595,0.000202746942,0.000209300380,0.000365329497,0.000720993582,0.001067586797,0.001074799196,0.000928128683,0.000832860759,0.000532494107,0.000329308480,0.000295038253,0.000391778189
0.002915085218,0.036228003452,0.653990262717,0.844664108326,0.062695556145,0.002617244293,0.000864555613,0.000574810628,0.000977176068,0.002191556856,0.003072823551,0.004319837232,0.006434942986,0.009363845579,0.008396368917,0.006643848976,0.004543328650,0.001629471405,0.001202205744,0.001548147561,0.001590320101,0.001004321712,0.000293676868,0.000132801115,0.000104757710,0.000113900337,0.000225943870,0.000622828214,0.000756820870,0.000372198143,0.000133627302,0.000116273578,0.000246876312,0.000946220275,0.003169207980,0.006328653914,0.005778840805,0.020828572907,0.031872862907,0.011235861365,0.013256086867,0.012977970470,0.008770669668,0.003584031925,0.001604827477,0.000471042949,0.000254621943,0.000251281717,0.000202963250,0.000197635461,0.000439270855,0.000809346265,0.000918243688,0.000652361523,0.000932534463,0.001012636574,0.000308768591,0.000164523746,0.000255145537,0.000607967010
0.002248018711,0.027013662710,0.587448865018,0.885647681359,0.059101143034,0.002555128244,0.000683133902,0.000368649949,0.000672782320,0.002150484010,0.004574033845,0.008063072553,0.009416211804,0.007262263912,0.004805372187,0.003565697795,0.006030428783,0.003431684040,0.001754837140,0.001599550872,0.001168688456,0.000633399154,0.000191262336,0.000090885870,0.000065565551,0.000058971998,0.000107099700,0.000339757497,0.000899354259,0.000497158294,0.000120568997,0.000070619758,0.000090746410,0.000299029117,0.001589939372,0.005090576887,0.005836816028,0.018786684318,0.033065508431,0.011741547102,0.010147850327,0.007638273820,0.005578044411,0.003827450783,0.002476562265,0.000781882891,0.000362163876,0.000288931268,0.000169025100,0.000165026912,0.000332198271,0.000488959639,0.000473601086,0.000464021730,0.001070318648,0.001846420295,0.001118374842,0.000978172167,0.001095384421,0.001125346590
0.004219134744,0.033623653942,0.538091748342,0.910586154511,0.075121412342,0.001921219369,0.000343939263,0.000217114962,0.000659307524,0.003533081377,0.008732096108,0.011257863770,0.007526201376,0.004795240820,0.004624057531,0.003687530231,0.003138519780,0.002062017597,0.002058699032,0.001778837176,0.001026175277,0.000536788960,0.000310818391,0.000196914634,0.000102948995,0.000067251383,0.000081959212,0.000242213363,0.000728737542,0.000459830798,0.000126560031,0.000069864018,0.000072714116,0.000231000600,0.001287715970,0.004273344864,0.005473013247,0.016865873382,0.032451775679,0.016812218586,0.014128356032,0.008692650695,0.005242626923,0.003127979567,0.001568739281,0.000432419370,0.000231819356,0.000278840377,0.000317279291,0.000220061417,0.000252748564,0.000332960720,0.000365175091,0.000737274385,0.001887365937,0.002600823353,0.002036151261,0.003157783989,0.004862128406,0.003872184071
0.005418117432,0.026595147109,0.412314510839,0.964671148344,0.095564615959,0.003169066109,0.000496933362,0.000269028888,0.000731832602,0.003369112996,0.008218101585,0.010279780826,0.005668666980,0.003655859888,0.004348029123,0.003333229255,0.002039543303,0.002312380316,0.001508787956,0.001207354212,0.000686066437,0.000452736374,0.000488200943,0.000370154093,0.000119460741,0.000055773337,0.000056265748,0.000156385315,0.000654561775,0.000566173937,0.000180031786,0.000085974651,0.000088027973,0.000302944126,0.001595047961,0.005029739825,0.005851811915,0.013620270538,0.033048266525,0.014565297027,0.011253618240,0.008404943657,0.005749128027,0.002538844398,0.001405856366,0.000739509278,0.000666504787,0.000782004569,0.000881212993,0.000624913871,0.000348603230,0.000291885537,0.000312062092,0.000913313791,0.002165125769,0.002277042875,0.001644922067,0.005563940094,0.014923120220,0.008655319565
0.004003476828,0.013426154856,0.256873936911,1.004074215392,0.105149004597,0.003274728011,0.000468541633,0.000226088454,0.000532505992,0.002113389226,0.005099851909,0.006776514396,0.004239636406,0.002506126893,0.003043656827,0.002413521739,0.001554113266,0.002434508324,0.001092409082,0.000788683704,0.000499682959,0.000320955887,0.000336817937,0.000244219705,0.000084448442,0.000050000000,0.000050000000,0.000104339970,0.000495146792,0.000485864557,0.000189729135,0.000100764032,0.000129170585,0.000477990892,0.002031898537,0.006364087739,0.007241044225,0.013275731726,0.035528093017,0.012737283042,0.006664422448,0.004942413460,0.003812464209,0.002678145681,0.002269661631,0.001825949724,0.002119773221,0.001846705091,0.001239320102,0.001067808224,0.000560876538,0.000318778424,0.000290200830,0.000531278733,0.000895146226,0.001089028779,0.001024974512,0.005466235671,0.021123337806,0.011160866375
0.003166893228,0.012906293101,0.263022613381,0.996495175886,0.146211708508,0.004977132874,0.000507056574,0.000187976752,0.000343823979,0.001336878552,0.003291443999,0.004290531836,0.002793670800,0.001806246322,0.002315980364,0.002188436200,0.001685380510,0.002209181249,0.000751377134,0.000443962711,0.000377246187,0.000339077488,0.000406695630,0.000253804704,0.000070768899,0.000050000000,0.000050000000,0.000067076310,0.000363692500,0.000553857926,0.000257170680,0.000111144526,0.000116870881,0.000373365458,0.001433591602,0.004928029025,0.007245137165,0.013264271476,0.032207879057,0.016074937421,0.007130938000,0.004685225194,0.003566362212,0.002730020307,0.003172015655,0.002843418211,0.002517072149,0.001945623839,0.001349361788,0.001218364568,0.000693774041,0.000398616901,0.000262286961,0.000306731660,0.000617048765,0.001152922768,0.001541010139,0.009287200005,0.021195385627,0.007395750727
0.003343143520,0.009866203937,0.206686986093,0.997905581730,0.142993762487,0.004231312403,0.000403120240,0.000141768250,0.000197479279,0.000559509184,0.001212948099,0.001828860289,0.001778046360,0.001894541099,0.002853522541,0.002720170207,0.001416039712,0.001395323422,0.000554168167,0.000312932711,0.000265462047,0.000259131636,0.000303564270,0.000212404266,0.000061763890,0.000050000000,0.000050000000,0.000050000000,0.000180038426,0.000426552091,0.000271470800,0.000118218419,0.000095546990,0.000240753975,0.000967034391,0.003871575550,0.006029702452,0.010284444247,0.028269896361,0.015785612521,0.009389330610,0.006841425861,0.005411893823,0.004031875555,0.004134896416,0.002963534420,0.001930210668,0.001084296016,0.000712954783,0.000778407857,0.000532195749,0.000269452657,0.000197748109,0.000202978508,0.000228941088,0.000413178533,0.001049198291,0.009568488380,0.023231431451,0.008109078309
0.003250889470,0.013918182557,0.242186871025,0.983416780699,0.183360355511,0.004004685668,0.000258030467,0.000130757552,0.000202740425,0.000459340092,0.000667001642,0.000688066685,0.000742134228,0.001302273902,0.002556798701,0.002566804094,0.001405800977,0.001686515885,0.001094789930,0.000363713438,0.000240367144,0.000258456767,0.000205930211,0.000111975645,0.000050956536,0.000050000000,0.000050000000,0.000050000000,0.000064950223,0.000129329540,0.000142264880,0.000101336538,0.000082379566,0.000181604777,0.000758091786,0.003389076212,0.005321005235,0.014005657220,0.034679663314,0.018628903356,0.010927902895,0.006233347407,0.006062555786,0.005416455349,0.004637578292,0.002035525276,0.000903855537,0.000646454691,0.000594949153,0.000734110685,0.000720577447,0.000447565416,0.000365193110,0.000326601358,0.000328237306,0.000623387259,0.001166089289,0.005318960381,0.010026393169,0.004008325973
0.003169700266,0.018977259905,0.293774010754,0.968991030705,0.172550027618,0.003607769205,0.000246889560,0.000124061874,0.000204403667,0.000416062490,0.000477468729,0.000466100828,0.000541270223,0.001078990819,0.002202593437,0.002464135311,0.001407359221,0.001379642177,0.001691475256,0.000793399063,0.000375162064,0.000327837846,0.000157732992,0.000062715234,0.000050000000,0.000050000000,0.000050000000,0.000051329137,0.000138613015,0.000239489804,0.000176417555,0.000103008367,0.000072213826,0.000107975731,0.000401353621,0.002361040543,0.004891448671,0.013025626833,0.036708668480,0.026680719942,0.016251915765,0.006872400952,0.005073003154,0.005432474657,0.005867322772,0.002799156009,0.001250651566,0.000783965949,0.000602295342,0.000688606504,0.000701900559,0.000562649575,0.000577446123,0.000523494332,0.000527179594,0.001329716419,0.002365039588,0.004493075722,0.005293436856,0.002905442814
0.002284755484,0.017550088800,0.307096033384,0.962951499906,0.179417807568,0.004145607306,0.000347764643,0.000156631245,0.000212873965,0.000304006997,0.000348631486,0.000605620361,0.001073563611,0.002035889270,0.002805184061,0.002067440104,0.000909092617,0.000654895145,0.000397620856,0.000263852701,0.000417003340,0.000529947977,0.000215854817,0.000061915068,0.000050000000,0.000050000000,0.000050000000,0.000113047065,0.000337165451,0.000406762159,0.000248185903,0.000145485580,0.000115634525,0.000220708125,0.000739129584,0.002984443778,0.005319588351,0.012489700301,0.044927674707,0.033205087368,0.015328859529,0.008684372905,0.007639696765,0.007783803215,0.007517665948,0.003848341260,0.001542739979,0.000531793449,0.000244117176,0.000219709371,0.000265115000,0.000534568483,0.000730886548,0.000526111385,0.000364041933,0.001171169440,0.005560912222,0.009371853279,0.002824498021,0.001238123811
0.002982184666,0.023017952942,0.373312144475,0.957118199236,0.140987647620,0.004435556282,0.000681321680,0.000293598773,0.000281164665,0.000298156246,0.000369918504,0.001023802678,0.002905469598,0.004977436577,0.003687467030,0.001302464593,0.000383932807,0.000384633813,0.000588983216,0.000393849072,0.000456739071,0.000647012519,0.000373648894,0.000145186743,0.000070278995,0.000051869400,0.000050000000,0.000115526094,0.000320105018,0.000381585240,0.000333203992,0.000388090870,0.000705797399,0.001741226695,0.002434158571,0.003705949546,0.004911458437,0.011902212104,0.044930531501,0.031288203151,0.012018693488,0.007407860324,0.008033852644,0.009363439182,0.009746420817,0.004445010630,0.001068270205,0.000270765765,0.000127381017,0.000141712245,0.000299939446,0.000858857912,0.000954038336,0.000413724583,0.000225104014,0.001122243503,0.005565344702,0.010313112048,0.004351632807,0.001829701797
0.003198212444,0.031184528130,0.477418391203,0.912068212528,0.092089439106,0.004921453089,0.001507648767,0.000638175399,0.000449791943,0.000402998391,0.000600455698,0.001980112905,0.005402552687,0.006783293499,0.003229851285,0.000762783552,0.000198774915,0.000110108469,0.000123418987,0.000155984122,0.000346978562,0.000657511418,0.000621998557,0.000340789388,0.000127623994,0.000068971084,0.000053455558,0.000098515389,0.000247890641,0.000305693407,0.000352731417,0.000667832281,0.001604428578,0.002884496572,0.002735791406,0.003412187214,0.005350345639,0.016212987207,0.037969903251,0.020969171893,0.011326000953,0.009060937738,0.010632226276,0.010646700710,0.007612118267,0.002939259451,0.000796372442,0.000233832596,0.000121386528,0.000150973974,0.000406618780,0.001123831935,0.001033531069,0.000312937177,0.000127286108,0.000600796713,0.002989385086,0.008076984501,0.005399642746,0.002058626416
0.004362248883,0.041000766355,0.533959491300,0.874806222972,0.070580312498,0.003794342090,0.002042506415,0.001118885704,0.000674610644,0.000552168224,0.000932636098,0.003296093658,0.007698037596,0.007750213985,0.003340662728,0.000754415897,0.000192180430,0.000086560654,0.000082472120,0.000127647486,0.000304186387,0.000626077921,0.000721967075,0.000517107816,0.000208466120,0.000101914890,0.000068359275,0.000098323865,0.000143251069,0.000131698045,0.000166930319,0.000475710901,0.001857646256,0.003937210462,0.002799163382,0.002840448717,0.004729600901,0.013226841492,0.043472590678,0.027990996065,0.014018417608,0.012423148563,0.009737145755,0.006372324403,0.004018428914,0.001965779498,0.000716168131,0.000256064083,0.000177983627,0.000260116918,0.000624829024,0.001452133549,0.001222683452,0.000406013500,0.000172968098,0.000350861662,0.001172119041,0.003868370821,0.003886891076,0.002186859808
0.002385292047,0.043462404368,0.742344335615,0.714984817653,0.032031365480,0.003917801756,0.004834283695,0.002793603382,0.001099138744,0.000697729912,0.001125208197,0.004090389496,0.007303585926,0.006404740902,0.003018181123,0.000770494408,0.000256276632,0.000116296249,0.000132794367,0.000238620695,0.000521877541,0.000916768311,0.000967493178,0.000677356072,0.000296063546,0.000144045294,0.000087356109,0.000090376078,0.000102092115,0.000094071253,0.000142636678,0.000432727557,0.001153283185,0.001588210505,0.001217320575,0.002229878395,0.006494327261,0.025337597079,0.036462083048,0.019441352813,0.013516298426,0.009807672391,0.005917857643,0.003835390426,0.002594824595,0.001639317143,0.000842067463,0.000281623077,0.000214809426,0.000449891651,0.000977942071,0.002230495780,0.002435550625,0.000747375960,0.000184293397,0.000183334448,0.000325469467,0.000912166995,0.001405286052,0.000950722019
0.002928236557,0.051976153601,0.775925052309,0.676087420805,0.031497547904,0.003295343528,0.003815230274,0.002872506438,0.001552445290,0.001039132294,0.001634688092,0.005025699312,0.008258079162,0.006632786141,0.002733191265,0.000874072388,0.000356357383,0.000194189532,0.000260855048,0.000487200385,0.000813286359,0.001071278806,0.000989199791,0.000713851687,0.000367740640,0.000203583155,0.000121334443,0.000122159583,0.000102632771,0.000069256302,0.000085852346,0.000268149025,0.001125361212,0.002675350371,0.002145548248,0.002910306941,0.005658945218,0.029486366015,0.043442791197,0.022769695616,0.018029106845,0.011429619191,0.005199743224,0.002728596244,0.001443842013,0.001097000171,0.001000764422,0.000464567393,0.000314444162,0.000595607977,0.001187088815,0.003060355107,0.004024853953,0.001575669746,0.000412326540,0.000135337025,0.000100488205,0.000204554033,0.000508048553,0.000634411870
0.006834700098,0.055513872083,0.655909696896,0.788664723112,0.046219184297,0.002974433571,0.002426701393,0.001788288647,0.001389905890,0.001276586940,0.002141269068,0.004773516421,0.006072752452,0.005629916306,0.003424233581,0.001251637405,0.000476769656,0.000223080353,0.000293434926,0.000507711261,0.000815395533,0.001094271324,0.001049874582,0.000809014797,0.000475290962,0.000281912087,0.000166188619,0.000165974459,0.000123578064,0.000070602136,0.000073251580,0.000144564384,0.000569285388,0.002577771206,0.004345074365,0.005807947647,0.006337548042,0.017320233789,0.049287275133,0.023869424991,0.016442500666,0.008457704333,0.004018618636,0.002760124452,0.001928690753,0.001427141488,0.001182405482,0.000504218553,0.000213943506,0.000386154559,0.001393448555,0.004161951551,0.005710694709,0.002989422880,0.000781226646,0.000145701216,0.000064230457,0.000081153788,0.000307178852,0.001213883734
0.008711078820,0.043705255420,0.568158349708,0.865477042801,0.057707984626,0.002377249070,0.000959800395,0.000562821933,0.000726566552,0.001569792492,0.004092591293,0.005910355764,0.005860689318,0.005560453912,0.004036119782,0.001605844554,0.000491496776,0.000210860500,0.000257868427,0.000437218806,0.000727403329,0.001007128294,0.000964729256,0.000753709180,0.000512287077,0.000348719329,0.000219471135,0.000228439316,0.000175933163,0.000092623689,0.000076789123,0.000116711688,0.000310816880,0.001565573526,0.005108214782,0.009254421076,0.007344968895,0.014014914583,0.040903952483,0.016504572771,0.011866161295,0.007321904684,0.004600236436,0.003940964865,0.003318194750,0.001786587904,0.000687653871,0.000243379142,0.000173630913,0.000508396723,0.002200958475,0.005076947554,0.005623863700,0.004130740192,0.001795668661,0.000257387200,0.000070471825,0.000127853485,0.001017929692,0.003249396694
0.005382022140,0.045122360101,0.559046606976,0.867951550089,0.080141114956,0.002040847521,0.000588263849,0.000375429781,0.000717064067,0.002208441799,0.004978437543,0.005616394038,0.005206285367,0.004855850194,0.003472663227,0.001415603054,0.000490566975,0.000229277397,0.000307148675,0.000535971824,0.000659173010,0.000839247340,0.000860441131,0.000728943096,0.000578222219,0.000428968277,0.000267515871,0.000248302487,0.000196698671,0.000126968363,0.000097516883,0.000128596760,0.000254365456,0.001183881467,0.005942065013,0.012484955557,0.008131594610,0.011621670824,0.032165411839,0.016946056480,0.009277054992,0.005357382383,0.003858594682,0.003963808023,0.003642574033,0.001330420737,0.000393216703,0.000269869819,0.000353418024,0.000942934290,0.003416910790,0.005992103465,0.004552892799,0.002605101354,0.002143952648,0.000700126952,0.000141285721,0.000100890999,0.000225417431,0.000884959124
0.003644045563,0.036762822041,0.625591994795,0.839458812649,0.055766428634,0.002562226152,0.001012058664,0.000651371464,0.001287199312,0.003214908094,0.005691225705,0.006605087680,0.005200166905,0.003688282302,0.002503716424,0.001138369755,0.000478799723,0.000327268953,0.000455711167,0.000802075175,0.000701637709,0.000698541546,0.000748955330,0.000702726660,0.000634820253,0.000474281255,0.000269185596,0.000247214289,0.000265915157,0.000227886276,0.000173630545,0.000196174321,0.000290747675,0.000968306974,0.004633651355,0.012736107483,0.010160650343,0.013448665317,0.018478730212,0.007817329197,0.004854201455,0.003492342853,0.003811302130,0.004501743067,0.003548658989,0.001031471386,0.000275115995,0.000274621056,0.000783983710,0.002403082941,0.004255053832,0.005984285322,0.004811966577,0.002023414675,0.001224775165,0.000448661479,0.000105533971,0.000161518590,0.000767792300,0.001520440940
0.002528002924,0.026081467198,0.494360199447,0.925112344290,0.081481900442,0.002243090205,0.000560584446,0.000328202938,0.000823746010,0.002986639256,0.006251754622,0.010465038319,0.007777311777,0.002917538535,0.001574034373,0.001021354654,0.000547627524,0.000310415190,0.000440616391,0.000907529257,0.000796769732,0.000714353239,0.000769769184,0.000721210975,0.000627371673,0.000409641225,0.000208172353,0.000190552722,0.000233310172,0.000249513052,0.000238253695,0.000266777137,0.000326556298,0.000726057535,0.002788613964,0.010011555924,0.010135301134,0.012144105898,0.025455110671,0.009149149769,0.003305976112,0.002225633137,0.002956725264,0.004960805700,0.003904581877,0.000804283106,0.000224701533,0.000289560859,0.000954420062,0.002592138405,0.004314863369,0.005751445733,0.005298433120,0.001982194183,0.001192924479,0.001031745951,0.000290891413,0.000297300591,0.000480053523,0.000747867920
0.005743195270,0.025401724950,0.357509620051,0.983552390336,0.074546964308,0.001226827154,0.000323460747,0.000172416266,0.000447674249,0.002106375767,0.007210937789,0.011406947764,0.011065656901,0.004438637296,0.001433763197,0.000816309153,0.000465027958,0.000276670382,0.000448196070,0.000918235265,0.000966357724,0.000931044386,0.000902158691,0.000677546514,0.000456361376,0.000241304906,0.000130060735,0.000162636286,0.000295027965,0.000309207374,0.000235523301,0.000226167090,0.000284614087,0.000939789515,0.004369184733,0.011012755213,0.007361764380,0.008774496686,0.020755198429,0.007483542643,0.001768921527,0.000768984949,0.001264911554,0.005401337084,0.011209122405,0.003073976618,0.000397048600,0.000188354510,0.000287403538,0.000818795175,0.002420542538,0.004746831227,0.006271845188,0.003362005962,0.001992367716,0.001282809852,0.000515051624,0.000570157647,0.001914080374,0.003723264715
0.008222683679,0.019675438024,0.297728218307,1.011297970048,0.086796455354,0.000927416833,0.000173838865,0.000114811228,0.000359427214,0.002149901681,0.008206594531,0.011220572141,0.009174190096,0.003662205486,0.001166976364,0.000528853478,0.000330865345,0.000221183249,0.000357610420,0.000714823087,0.000954950407,0.001229251186,0.001213370473,0.000757692138,0.000413534338,0.000199036643,0.000119252390,0.000213740853,0.000494238346,0.000434172074,0.000224654712,0.000181712708,0.000219117176,0.000781033290,0.004368122269,0.012017493325,0.008056173124,0.008131747786,0.020652691065,0.008153289477,0.002482468311,0.001317985707,0.001363239816,0.003769873179,0.007917342065,0.003803759753,0.000977667294,0.000496878454,0.000411966004,0.000584119836,0.001431453329,0.003435344037,0.005416523980,0.004924010650,0.005064881401,0.002559271911,0.000893617646,0.001309528838,0.003837852142,0.006668790703
0.009810112626,0.027453738701,0.349861186837,1.000752872346,0.085296417052,0.001355244853,0.000434049550,0.000325616921,0.000752514732,0.002892265635,0.008684128523,0.011746946497,0.009477560894,0.003725990090,0.001194122171,0.000604527318,0.000409241424,0.000255670430,0.000344200887,0.000786597178,0.001158753960,0.001287843958,0.001120917631,0.000660901298,0.000361446672,0.000181276621,0.000117212532,0.000206754194,0.000419340077,0.000395548901,0.000219878183,0.000196675614,0.000275590593,0.001085345562,0.004807128881,0.011193433733,0.007591176071,0.008448506002,0.016225023507,0.008354906595,0.004201679077,0.002305807937,0.002020004188,0.003818166144,0.005395012839,0.002157262758,0.000759346155,0.000647386576,0.000725517064,0.001032358047,0.001635049834,0.002869472916,0.004386587825,0.004259743790,0.004581071935,0.002433325134,0.000807833838,0.000939241774,0.002643345084,0.005966715961
0.006862110418,0.026985692394,0.417534734083,0.973179559732,0.072556576480,0.001996080680,0.000618106494,0.000556812407,0.001196155976,0.003352843763,0.007323834825,0.008235079992,0.005345324922,0.003485652506,0.001790526911,0.000851854571,0.000546973232,0.000338176784,0.000401917520,0.000800211957,0.001126243769,0.001064826975,0.000870055065,0.000582864639,0.000367877142,0.000182071814,0.000110431580,0.000150175428,0.000232187689,0.000269340496,0.000235652039,0.000291158091,0.000606123517,0.002933254567,0.007470471530,0.010995248815,0.006511965661,0.005928337326,0.010863545202,0.007189904913,0.004783255853,0.003492620424,0.003123205153,0.004135320046,0.004131745125,0.001463772602,0.000538659288,0.000476802480,0.000797310820,0.001463473329,0.001841196393,0.002554305943,0.003093604622,0.003225571344,0.006362408340,0.003639903072,0.000761435978,0.000651171045,0.001649997862,0.003787862190
0.004010704649,0.035392786835,0.565553574091,0.900386002857,0.058534553291,0.001572744424,0.000516571397,0.000543175420,0.001009800392,0.001905229833,0.003806646788,0.006016059819,0.004498143052,0.003416886822,0.002662633365,0.001398290622,0.000787410406,0.000425090067,0.000438632136,0.000755488171,0.001103776609,0.000835898801,0.000519718867,0.000292048151,0.000209452012,0.000147917511,0.000112826436,0.000174959064,0.000282453644,0.000290810976,0.000236167406,0.000310257323,0.000606572509,0.002410945884,0.007301710850,0.013975342677,0.010535112398,0.007898258842,0.009412731315,0.005926976169,0.004781555442,0.003809810370,0.002859019091,0.002662724125,0.002460353352,0.001275605380,0.000675874422,0.000475240992,0.000620836214,0.001415061921,0.002203613755,0.002932475438,0.002966062825,0.002110418024,0.004586488538,0.006106865370,0.001377542059,0.000443241307,0.000426479608,0.001016319632
0.002647761696,0.043447862736,0.663440277641,0.816436802849,0.045733740531,0.000686618857,0.000251601721,0.000248668271,0.000477993001,0.000908040673,0.001830965719,0.004102316933,0.003924050316,0.003413636635,0.003389453913,0.001990409675,0.000924599951,0.000411901346,0.000359304387,0.000460555947,0.000757390451,0.000778860557,0.000404292721,0.000165058618,0.000111827455,0.000100015615,0.000115435174,0.000302198506,0.000452719959,0.000306161814,0.000206674760,0.000266712386,0.000488562400,0.001545962455,0.004594305814,0.011241437186,0.011254679780,0.010391121643,0.010414916790,0.005757990434,0.005594127924,0.005067834927,0.002905597945,0.001480030818,0.000839069371,0.000325709086,0.000195697720,0.000202561225,0.000421244755,0.001268210165,0.001966040263,0.002628959314,0.003352728499,0.003015705145,0.004718134473,0.007421635842,0.002971635745,0.000681043354,0.000312875561,0.000488770804
0.001234273775,0.037915532536,0.790652995011,0.696076600226,0.030059254452,0.000762166051,0.000460839943,0.000473385115,0.000594852456,0.000479186231,0.000490247305,0.001913406235,0.002904515180,0.003935596350,0.004258490783,0.002224557712,0.000853861128,0.000323703285,0.000262717584,0.000346737665,0.000658397979,0.000976652286,0.000558450556,0.000148822144,0.000081007558,0.000075557517,0.000073480880,0.000191797976,0.000341981741,0.000263312337,0.000206756773,0.000297694918,0.000690466864,0.002523926428,0.005028249873,0.008346526741,0.009238373975,0.011662013710,0.011825645969,0.005601130479,0.005664299312,0.005694612473,0.002850108094,0.001157421902,0.000613927798,0.000294259907,0.000338264373,0.000471342559,0.000827728112,0.001488000938,0.001398180015,0.001890766744,0.003248840716,0.003765866891,0.004531496962,0.007903784572,0.007189625987,0.002137548163,0.000497315849,0.000298362761
0.001235401826,0.042456302896,0.839240414142,0.627178844405,0.019843025549,0.000352832994,0.000246625751,0.000280568526,0.000387320425,0.000281471580,0.000270862733,0.000667997565,0.000822763194,0.001795404533,0.003437478850,0.002287752057,0.000881439971,0.000279700513,0.000199074795,0.000250652541,0.000471525104,0.000722655443,0.000415451200,0.000144205750,0.000084532476,0.000068908405,0.000069922258,0.000188000101,0.000236802962,0.000210537761,0.000245499309,0.000396641372,0.000798647012,0.002346736596,0.004156282034,0.006916390940,0.007939493228,0.011527224344,0.012858063515,0.004792393692,0.004112474033,0.003209014034,0.001579811299,0.000905675848,0.000406065963,0.000118887112,0.000126254853,0.000306357123,0.001154868697,0.002982876597,0.002721684291,0.002412195666,0.003621691141,0.002931488583,0.002015697144,0.004832257701,0.009294856874,0.003815872329,0.000818463184,0.000355218931
0.006987540281,0.081643742108,0.865143281442,0.567827387530,0.016905467635,0.000228002624,0.000131384677,0.000149898601,0.000284876107,0.000307078246,0.000207954884,0.000339230913,0.000767105926,0.001616192572,0.002654986336,0.002072206429,0.000951705047,0.000319513795,0.000198728778,0.000198229308,0.000283182167,0.000416640274,0.000352059787,0.000235285796,0.000127617079,0.000084159790,0.000083055461,0.000180615194,0.000269299695,0.000285092444,0.000359063446,0.000546171314,0.000808451631,0.001534972343,0.002695679788,0.005632776286,0.007444639304,0.013930103272,0.014381763565,0.004874355099,0.001535426519,0.000832707491,0.000761015516,0.000850017842,0.000542901403,0.000183014026,0.000127828471,0.000212370565,0.000627869851,0.002212692708,0.004256260917,0.003793884133,0.003815917667,0.003200721723,0.002682245948,0.004876768581,0.009582281776,0.010110273086,0.007603760899,0.003763988331
0.013925457992,0.129183984773,0.887217487750,0.521166810823,0.016064194014,0.000117791950,0.000077490611,0.000110133429,0.000319764243,0.000583280460,0.000601699275,0.000633725547,0.000825750424,0.001219679345,0.001837228743,0.001683767751,0.000943645146,0.000359834715,0.000196087477,0.000156988465,0.000191435075,0.000298655283,0.000410513935,0.000438035633,0.000264796226,0.000162024928,0.000153334398,0.000229787200,0.000239340944,0.000326108442,0.000409980227,0.000526444575,0.000675142609,0.001022909114,0.001684541840,0.003479473293,0.006277940754,0.015775199609,0.015054210771,0.004580610839,0.001020343162,0.000251405416,0.000170390442,0.000246511602,0.000241094527,0.000182665593,0.000189613724,0.000352585033,0.001018357470,0.002586206502,0.004725757313,0.004375217941,0.004691045710,0.005164417655,0.004751963235,0.006069753024,0.011133342209,0.015930645467,0.014010686464,0.007488436282
0.024164437058,0.216809041711,0.934605036507,0.405857236745,0.013921513335,0.000133967071,0.000061908460,0.000089891454,0.000297326230,0.000736217703,0.001047013146,0.000927349671,0.000839397537,0.001049484442,0.001549839541,0.001553920995,0.000956164641,0.000372889495,0.000184072024,0.000143338062,0.000198170843,0.000433743682,0.001072353408,0.001536344676,0.000810769674,0.000266746600,0.000149090090,0.000185423753,0.000252644329,0.000468793068,0.000527352843,0.000525866790,0.000553207871,0.000699814414,0.001276256362,0.003349344880,0.007016499208,0.019672631842,0.016771610168,0.002818023499,0.000555442781,0.000136213216,0.000108988656,0.000198977442,0.000324591361,0.000383251677,0.000468274222,0.000724193194,0.001508919240,0.002885586998,0.004212674401,0.004087381234,0.006289210465,0.008358817459,0.008021449896,0.012143943696,0.017679580705,0.018466550001,0.015410771435,0.010857880235
0.044324446881,0.312435036012,0.937880753473,0.302200720804,0.008380053931,0.000062145380,0.000050000000,0.000065059749,0.000239539637,0.000959684217,0.001902539972,0.001493014987,0.000961619472,0.000932161187,0.001255450912,0.001380104292,0.000927977937,0.000375454311,0.000182551965,0.000193110613,0.000422685867,0.000838206180,0.001488166180,0.001697797555,0.000929347360,0.000316717668,0.000163554782,0.000199636277,0.000304334555,0.000611378883,0.000580025305,0.000442755624,0.000435429319,0.000630732321,0.001801918127,0.005500074519,0.008390568100,0.017358818073,0.010387256648,0.001534319084,0.000301165340,0.000077371527,0.000062180939,0.000159833739,0.000476408786,0.000606825944,0.000418388454,0.000460909274,0.001068676875,0.002760558789,0.004441004964,0.003926835971,0.004939384593,0.009859801839,0.013611357230,0.017416843825,0.018271577346,0.022290098956,0.024021722004,0.018371190125
0.071611707151,0.506602024815,0.876535249491,0.196379701500,0.006007429349,0.000053679630,0.000050000000,0.000057269133,0.000215460902,0.001179728911,0.002952772810,0.002373146288,0.001226345184,0.000805541066,0.000889330424,0.001050005412,0.000810498830,0.000361352349,0.000167016675,0.000167379115,0.000450060805,0.001002216888,0.001601402778,0.001328841895,0.000506039204,0.000149890999,0.000099186065,0.000173611080,0.000312865901,0.000682581558,0.000629452560,0.000421133382,0.000397768026,0.000648233521,0.002279852968,0.007234684055,0.010075970862,0.022601935888,0.012289644198,0.001021814675,0.000122330484,0.000050000000,0.000050000000,0.000091330727,0.000475793756,0.000747946677,0.000444776423,0.000390647648,0.000673167718,0.001459224861,0.002644061971,0.003312239001,0.005691150688,0.012104808783,0.018709563767,0.030034626888,0.030833501160,0.026593301043,0.021933610705,0.021126854522
0.156599713849,0.712910922674,0.718735302547,0.111322505564,0.003099297276,0.000115572484,0.000144017037,0.000285542596,0.001191316203,0.003155895441,0.004104941110,0.002413115163,0.001005089238,0.000469270706,0.000390451843,0.000484644069,0.000546490535,0.000387359139,0.000303405268,0.000404515492,0.000899637729,0.001589207683,0.001907901473,0.001035277295,0.000244218045,0.000079613665,0.000076949338,0.000128981454,0.000209157158,0.000415114578,0.000447566040,0.000406425170,0.000545825634,0.000994565376,0.003335960617,0.009953644517,0.014572135347,0.025469947760,0.006679238615,0.000564815279,0.000111826104,0.000051908077,0.000061490713,0.000232948595,0.000602899575,0.000557026982,0.000353615051,0.000351748444,0.000630307378,0.001386925902,0.002578611351,0.004049930040,0.008213934053,0.018479184151,0.023855685060,0.033913913785,0.035319303620,0.035737750151,0.040354121794,0.057651984366
0.343622452657,0.831697927951,0.469201200703,0.072603554752,0.003430849096,0.000470260098,0.000851584507,0.001536242687,0.003836261334,0.005493608310,0.003931834853,0.001361183488,0.000396608330,0.000190008416,0.000167248210,0.000229247322,0.000339330589,0.000357789279,0.000481631996,0.001105418923,0.002681598593,0.002971050197,0.001593414327,0.000560995080,0.000182119956,0.000085180307,0.000075803744,0.000112267759,0.000168278186,0.000343312085,0.000420591398,0.000467684732,0.000816587303,0.001782955246,0.006267941391,0.016293917946,0.016965000584,0.011902527143,0.003042924675,0.000452894737,0.000123103277,0.000067398366,0.000135036511,0.000502122583,0.000913438315,0.000598284958,0.000260948541,0.000234775337,0.000495092281,0.001869306973,0.005226785911,0.007986368391,0.010408978397,0.019670761070,0.025696323919,0.046020660586,0.057456010172,0.053741033659,0.070282853207,0.136833330664
0.581555754914,0.682114781642,0.307750153205,0.072713945718,0.007472797268,0.001632779805,0.002803039684,0.003799929039,0.005482222510,0.005117529821,0.003345407283,0.001195070054,0.000305606654,0.000146597514,0.000114918899,0.000148439038,0.000251375027,0.000382904460,0.001194782761,0.004604955861,0.007046146126,0.003128887934,0.000691551878,0.000253097337,0.000143109590,0.000102357476,0.000089600576,0.000139142416,0.000261214278,0.000651093144,0.000863649915,0.001054246241,0.002087749393,0.004396248431,0.012191936387,0.023327745999,0.017024676385,0.009304606661,0.002844267927,0.000555166833,0.000185702024,0.000122761975,0.000252739643,0.000887441480,0.001517571648,0.001088497998,0.000508192939,0.000486620395,0.001171584693,0.004830114871,0.012301687222,0.016492551934,0.016134842148,0.027867668745,0.039332224340,0.068157819133,0.090368600894,0.100233945452,0.157205166254,0.346728445951
0.552313077157,0.366610419193,0.202079396534,0.111118132555,0.024507844366,0.004315945478,0.005521874712,0.006163403911,0.006063319488,0.004281433293,0.003007504444,0.001543805377,0.000603064556,0.000369121874,0.000252020338,0.000272395959,0.000429411018,0.000743129867,0.002332735538,0.007773465926,0.010381723352,0.003975873769,0.000741098077,0.000294480516,0.000186217415,0.000153285251,0.000131123739,0.000214059401,0.000449689497,0.001301541241,0.001727685277,0.002229370878,0.004832646141,0.009917709780,0.020679386739,0.027055908705,0.014984572606,0.007820027235,0.003027313080,0.000877546322,0.000423084525,0.000318791133,0.000753590372,0.002979479160,0.005167285139,0.002992638793,0.000967648707,0.000510410464,0.000755092190,0.002669277877,0.008476817574,0.015565320825,0.020676855875,0.054710995644,0.083593412891,0.101418021687,0.110572314971,0.156013090831,0.333989556565,0.684134841575
0.495350394892,0.219514360212,0.108651852440,0.084756683319,0.040120944552,0.011848723989,0.011750989677,0.011154517182,0.008419151725,0.004661392329,0.002925504488,0.001872637934,0.000919141134,0.000769829517,0.000726368326,0.001009970024,0.001511136107,0.002265783400,0.005768558413,0.015046066745,0.021401976473,0.011903583016,0.002465270842,0.000806463544,0.000406967431,0.000324579439,0.000315326199,0.000637828090,0.001486380057,0.003866507573,0.005648348713,0.007728017805,0.014499327493,0.020507664422,0.027457831348,0.027265860890,0.013453980725,0.006601054867,0.002994462235,0.001233879214,0.000847241708,0.000650246382,0.001041372272,0.003025188458,0.004349480611,0.002824075516,0.001983991462,0.001628941286,0.002083966941,0.003881426817,0.007445413770,0.013312320912,0.019575226200,0.060966150115,0.128316878719,0.177351669325,0.181364697250,0.215561403202,0.436279064433,0.794628186086
0.499665376412,0.224995273332,0.093670721827,0.048013750709,0.018096258176,0.010093489617,0.015898896896,0.018873984089,0.015492897265,0.008324394970,0.004431975977,0.002467006649,0.001049470761,0.000966268999,0.001354311728,0.002621554782,0.004666285364,0.006565095014,0.013900088188,0.030131202541,0.039268130834,0.028182760669,0.008501028902,0.003131762542,0.001151793531,0.000550097270,0.000443108662,0.000820436492,0.001871356753,0.005699650681,0.010905308893,0.015116091389,0.021490403850,0.021075740231,0.025692655492,0.031770160717,0.019877755218,0.008991906996,0.003320917393,0.001365016908,0.000956922727,0.000585993528,0.000366970149,0.000456725402,0.000639709184,0.000991612573,0.001809655041,0.002374392877,0.003074232303,0.004300271228,0.007508689794,0.015749264800,0.028908866406,0.093349120216,0.173257126604,0.201902012567,0.214481292796,0.240978315891,0.428998007093,0.696256108678
0.381299818283,0.218427421524,0.117289892561,0.046922089278,0.014692999772,0.010724885914,0.018881515552,0.021307746312,0.019224707014,0.014461031974,0.010142527859,0.005671780636,0.001837893023,0.001450157390,0.003853549079,0.014167128573,0.033550170957,0.033311540093,0.038375191518,0.052741152305,0.053485985519,0.043169640913,0.017386372104,0.006663404366,0.003330459945,0.002515943783,0.001991703120,0.002076397756,0.002278835914,0.004206044914,0.008074580035,0.013704415751,0.021743575628,0.023545771866,0.034397608571,0.051886348207,0.035845662268,0.015914186095,0.005716291543,0.002636455258,0.001577668796,0.000720588296,0.000271288549,0.000238714436,0.000302556408,0.000682515104,0.001836439412,0.002989375425,0.003975397506,0.005673466401,0.010368788685,0.021930723148,0.037809358025,0.093117065469,0.177907086533,0.219782025283,0.282698205623,0.368027195032,0.533549028542,0.544225322571
0.200160607924,0.194174021517,0.195887585178,0.091890677436,0.022275775363,0.012972034689,0.023119982752,0.023476811496,0.019708482743,0.015386048141,0.012283684962,0.007703003749,0.002812728492,0.003119491036,0.012216950480,0.044757530291,0.083138650749,0.072452672298,0.074922736069,0.073242809606,0.059989244064,0.055569002962,0.026001702089,0.009090769670,0.005111051971,0.008465562275,0.014610646589,0.011721295716,0.004473418917,0.003758809971,0.005380635108,0.009435301340,0.017844782323,0.024578968482,0.040446713864,0.057447785511,0.039247172811,0.020724482764,0.010409545512,0.005853704075,0.002992757180,0.001243227850,0.000451415773,0.000382081598,0.000471135915,0.000868009357,0.002071822210,0.002856120058,0.003193317691,0.004455067045,0.008482573673,0.019156097979,0.022690125307,0.032759692259,0.083057128066,0.215080389423,0.500640174367,0.585300005468,0.486569783187,0.264927737068
0.140552080144,0.137378523708,0.166895292176,0.113106367327,0.057694271076,0.036309606873,0.033481339450,0.030943466062,0.026527505631,0.016981516708,0.011092050362,0.008528798567,0.005859267965,0.010195626082,0.032601560722,0.095298651449,0.139995261880,0.106049833533,0.084069079161,0.074547962102,0.091826650482,0.115641587830,0.054233293217,0.020256912139,0.011860457266,0.016981879401,0.028993327177,0.026998261960,0.010900040425,0.006582361686,0.005820350780,0.006568276873,0.010993056491,0.020166027443,0.047166785482,0.075414378598,0.050678714682,0.023579639101,0.012022235691,0.008601726039,0.006581695167,0.004337876620,0.001858190788,0.001222038668,0.001216400372,0.001843606348,0.003123729166,0.003041792798,0.002832300591,0.004033114704,0.007566502691,0.014666515277,0.016347055052,0.018629643336,0.038855670033,0.141035400041,0.600725539238,0.642955335160,0.385188711252,0.180528675030
0.160531735335,0.149687948371,0.143926991257,0.110735176920,0.117919419256,0.105892513668,0.070744895687,0.052966054583,0.052856694503,0.054789825349,0.054641094991,0.044572295379,0.023116439030,0.025367196825,0.059392957327,0.162216552134,0.234788849054,0.148888620405,0.104440503883,0.110313796865,0.192964297549,0.256014138554,0.128516718146,0.054894534450,0.035874274206,0.042652198360,0.057641150107,0.051072754669,0.027243936915,0.019746647655,0.015197578364,0.010157837784,0.011399643419,0.020541633745,0.052026556385,0.086091381805,0.064043016601,0.032550039522,0.020276126221,0.018436183961,0.018421758597,0.014935999394,0.007724375639,0.004670181965,0.004103563452,0.005233891710,0.006328440214,0.004039496483,0.003032968917,0.004027447830,0.006384394551,0.010996760872,0.016127750543,0.028353889853,0.064305103218,0.173688955014,0.501432014108,0.715339818973,0.406188519162,0.188009090186
0.237801542344,0.183427118411,0.145596156987,0.121862711555,0.147158431996,0.145752671723,0.122997469124,0.117453100910,0.141710658114,0.148076137918,0.131000463829,0.101864088865,0.064343825097,0.078741871373,0.150517309912,0.251236060567,0.257611588341,0.167769513606,0.138415316256,0.166718404182,0.274386354093,0.337702719786,0.222979395904,0.145231796543,0.126552699494,0.132524276618,0.115785517195,0.075829679203,0.053174469209,0.061270361581,0.062002878659,0.036143843431,0.023487009240,0.025255604790,0.042497932511,0.068949015714,0.072296412984,0.045990417913,0.030669392149,0.030504970625,0.035373651365,0.035267029728,0.027154839963,0.017078583907,0.012258724646,0.011423436905,0.010476940483,0.005805561125,0.004715782911,0.008473202066,0.014295112557,0.016663326801,0.019086490139,0.036502037280,0.084487943222,0.207612591357,0.408698911880,0.549230577160,0.437657039493,0.277407373183
0.344690871646,0.228642038296,0.165748904719,0.138109273320,0.151156132970,0.149652433719,0.132098396217,0.139845100862,0.186808614631,0.228412045689,0.207510316305,0.145354725950,0.085441203774,0.093186980245,0.156508681928,0.234406479564,0.213764519161,0.169752455539,0.177966079241,0.175123249275,0.202397873313,0.243785623299,0.234720336721,0.213716561246,0.215272817349,0.175036226454,0.115898711197,0.076456397412,0.067244371295,0.099662377971,0.114536681263,0.066433723491,0.032616155916,0.023528216181,0.029911327060,0.048578374362,0.058360614001,0.060546648572,0.057362892017,0.060930792027,0.070963210332,0.071983838866,0.062631870282,0.044280205805,0.032794890935,0.019928120346,0.011457128187,0.006356133779,0.004871126166,0.008531340324,0.023261227511,0.034382039879,0.027990610752,0.041739617790,0.095591416087,0.199943483360,0.269554359111,0.320918880107,0.358076765371,0.370698373417
0.395328068692,0.269242921338,0.179193815348,0.142794575339,0.153858669939,0.189122443318,0.208755692576,0.224923074998,0.264756963760,0.284065716689,0.250855955553,0.194792388533,0.134802640526,0.155566840995,0.228123427272,0.303587544043,0.293476703870,0.255396907441,0.292422862834,0.295930786560,0.242537001709,0.199062367642,0.196058852190,0.185614066760,0.176745173269,0.164086409657,0.139007262970,0.115671688523,0.099905051556,0.117502599501,0.111154184102,0.065300633824,0.033043067472,0.023932593979,0.032460605381,0.057234257152,0.079303455309,0.116508334159,0.141160032620,0.146775785019,0.133496335171,0.099011133203,0.077927949466,0.068304065414,0.069021030511,0.059466725071,0.042378786298,0.028859234577,0.030485095380,0.048421967131,0.050529239886,0.030502514237,0.021271021753,0.031071032921,0.073241147637,0.163505680447,0.240741536556,0.346500985197,0.397716064519,0.417660346528
0.399907618079,0.284764181609,0.201142645104,0.153728712782,0.127702644641,0.159001241224,0.201523564107,0.246251764387,0.283935637929,0.283160040806,0.218226198542,0.175513042348,0.134779475071,0.181197721283,0.245820207796,0.274281759907,0.253976506924,0.264182660150,0.312707568760,0.246397975254,0.172813767981,0.158651362885,0.156472234783,0.127462705576,0.099894681046,0.100506345857,0.122399669489,0.150504000053,0.138266389153,0.126441963874,0.103020240196,0.071661465697,0.039288775306,0.024669654923,0.024682810827,0.034898736858,0.052836981551,0.085521350403,0.121455863183,0.124057700495,0.109319619382,0.088783555207,0.099935132014,0.099352887316,0.081443820786,0.053700390516,0.036843152309,0.030064082115,0.029441982048,0.025883949876,0.015004998529,0.008119806938,0.005453517793,0.007274659479,0.022836115732,0.085016375083,0.181878742366,0.321666240658,0.390036943955,0.415261363267
0.374975502195,0.222000759491,0.151420041251,0.157855117910,0.151189393532,0.180350780339,0.187786083787,0.190247603146,0.183548312648,0.215610476137,0.195967542065,0.178550207954,0.133546044011,0.177436716029,0.203835560291,0.202567906232,0.168035464314,0.214385070680,0.273706716595,0.189230631170,0.148516119673,0.147655629664,0.124977110452,0.088344084260,0.056605641231,0.054412956830,0.080497022232,0.130100648270,0.155218517926,0.135127808921,0.097225282100,0.079303196175,0.048506922305,0.026562989138,0.017662183427,0.016758415829,0.022662932152,0.037068072541,0.071481369747,0.090812342983,0.091439535424,0.080942259155,0.119403884911,0.107305914285,0.054507517407,0.018005282426,0.012804698690,0.016662485653,0.019763580546,0.015655189244,0.012650294661,0.007748257983,0.003733420188,0.002175917290,0.005755741047,0.035411957959,0.113143644659,0.246058012377,0.359729845946,0.432276798470
0.358635375499,0.291489187967,0.234648060597,0.216013748639,0.143938697369,0.141103822213,0.154018795070,0.149458873052,0.145341802536,0.202827751782,0.244743557851,0.265763632104,0.198687668352,0.232285812036,0.208289278795,0.174958707055,0.151182969630,0.187340414306,0.201840808506,0.152204104319,0.114814063372,0.123587379859,0.123884786557,0.111462559912,0.078170965373,0.051123022547,0.032300455886,0.032184532196,0.056526357466,0.118988449939,0.183256365514,0.141942526963,0.057422658379,0.024596734931,0.018209281587,0.018147969575,0.022303146071,0.031142847294,0.058129812438,0.070055082343,0.105040750356,0.123381011986,0.167743398940,0.119976249391,0.053500975125,0.011027227683,0.006685344178,0.009246828124,0.013708867579,0.018246418683,0.018815212091,0.013231645155,0.006308536100,0.002941478106,0.005648491109,0.025397522145,0.079627846048,0.205994155592,0.296475427490,0.362567990044
0.406456383736,0.378821833510,0.283655762058,0.190721015666,0.089535892522,0.093733032466,0.155591771194,0.184214494319,0.161794314201,0.183375115556,0.234725248866,0.295926580843,0.251229005645,0.246446938804,0.186832188158,0.156535470636,0.168795981770,0.185036715070,0.165460583222,0.106446843387,0.074176531866,0.080059656506,0.089901102935,0.117192460766,0.095324829734,0.040510355562,0.014275962346,0.013017667934,0.030881949561,0.087441468239,0.167024987932,0.164248356859,0.060025911231,0.020769458660,0.017417263008,0.020126361692,0.025672048496,0.041429999412,0.050631122485,0.030096180680,0.049725830172,0.096872369649,0.174499472679,0.153200282269,0.074614580604,0.015655830761,0.006507627961,0.005712747783,0.008615023131,0.014438975917,0.019405873365,0.015931014067,0.007974623085,0.003575028636,0.006876149534,0.024223945335,0.054679675922,0.118015289224,0.176758891956,0.293300547394
0.427409313476,0.397558719407,0.305417570183,0.191005075698,0.087526731681,0.074492664004,0.089557196241,0.114489644724,0.172566369395,0.311403273353,0.319793362511,0.271870609600,0.235111864153,0.240626749739,0.180112022017,0.142449646178,0.166915759066,0.212986044793,0.229244116161,0.144175258585,0.074408090136,0.053924788322,0.044146683232,0.054741252841,0.062866443451,0.041486685173,0.014067532023,0.008634722859,0.019599674833,0.067913738439,0.147514661105,0.155775275260,0.063025116620,0.025417005360,0.022973711756,0.025987130035,0.027426304008,0.024132650268,0.020248375058,0.014909813672,0.036822971238,0.138228281090,0.243395493794,0.102209997617,0.022158516056,0.004062548125,0.002227717921,0.003712718954,0.006339395013,0.011993804917,0.018198142705,0.015998250532,0.008771445810,0.003824588807,0.004541948712,0.012097861096,0.024490693597,0.060663093509,0.135090830275,0.276683216154
0.410094462657,0.449065018428,0.303227754617,0.146770632304,0.079863316031,0.077358375152,0.073048522899,0.070296345762,0.109579112521,0.358122959973,0.530073723612,0.350247025437,0.240580669776,0.228342131327,0.176729008454,0.140685039298,0.169503532253,0.224661326805,0.241845973970,0.154928137836,0.080200623261,0.041892786292,0.017675842404,0.011357081068,0.015920540830,0.025393882960,0.013265545132,0.006273019480,0.014639272473,0.060850144781,0.144751824040,0.153009363499,0.061830151277,0.029777056243,0.030908037111,0.033197940156,0.028668500382,0.017708068962,0.011530435244,0.008176112209,0.022119977662,0.113512318730,0.194821991320,0.057892957362,0.015654421876,0.007524101702,0.001956187707,0.002711839800,0.003922321573,0.007857164471,0.014630377353,0.015400581874,0.009403680136,0.003898309628,0.002410683926,0.004112800415,0.011664055423,0.043934023566,0.134525838638,0.279038863317
0.407207154868,0.395323959301,0.239163407134,0.145573232543,0.098754381688,0.097360272146,0.085666152566,0.066297920314,0.072121759341,0.198235845941,0.551611529171,0.667621185225,0.371331065065,0.191489725600,0.116461494778,0.122057576324,0.195685580174,0.250339262960,0.244775944475,0.151910331963,0.074254634062,0.020223390672,0.003275237236,0.001515572944,0.001514074525,0.002937195661,0.004495005078,0.005284977788,0.015330465793,0.059948039542,0.109556220784,0.103182625514,0.046051771983,0.027837446144,0.035708675545,0.042444876460,0.031640914831,0.013394822944,0.006377160584,0.004004992259,0.009317091691,0.043949493538,0.073822923901,0.025104158645,0.004321294256,0.010735008913,0.008635647167,0.003338789078,0.001666576113,0.003557795925,0.008720090264,0.011402507345,0.007952139558,0.003429588880,0.001694631251,0.001644309782,0.004312457626,0.022423734471,0.100682200167,0.270211940704
0.328184703150,0.276635679460,0.171838044642,0.110208421303,0.074233290689,0.074305409202,0.076181683743,0.062250557921,0.055472600719,0.102629639068,0.310531073421,0.819099732735,0.536986239049,0.146477424405,0.056650106664,0.080542337992,0.179773583927,0.243019175627,0.192527474080,0.093690432755,0.028006360177,0.004862364037,0.000905464543,0.001088764543,0.001062153427,0.000815228857,0.000867019825,0.002421259240,0.011881585212,0.045422244401,0.067082399719,0.050260713891,0.021137746332,0.015860481285,0.028898014138,0.041160380659,0.031906423353,0.013386307721,0.005581985806,0.003052383902,0.003908033398,0.009542628600,0.009342723692,0.002943844453,0.000662643970,0.000421184085,0.007028352233,0.013480420008,0.003675784268,0.001197530439,0.002286057831,0.003454882057,0.002850278135,0.001648332305,0.001123231109,0.000995330570,0.001467260600,0.009064563188,0.059761062960,0.222998370503
0.228558665618,0.222656478030,0.141542317010,0.068073810271,0.035906330756,0.036641699224,0.049949604858,0.049741606524,0.045815847133,0.069761222682,0.187471360711,0.708520525552,0.730892590951,0.151419842068,0.030363772102,0.044618029315,0.133247797057,0.198146190897,0.105840241614,0.025019753266,0.003810402802,0.000752289762,0.000463748122,0.000999777798,0.001020191175,0.000537136337,0.000360673994,0.001227597905,0.009224254350,0.037991840522,0.046642569653,0.024480708140,0.008349984077,0.007311163605,0.020275507384,0.042233123972,0.039778938249,0.016439398785,0.003986747141,0.001153216113,0.001041596253,0.002795224901,0.005012552269,0.003558673962,0.001093106420,0.000300866783,0.000623262558,0.001723516479,0.000459363531,0.000138993051,0.000327818669,0.000568735194,0.000626364910,0.000595836719,0.000720786179,0.000924165159,0.000999344255,0.004940086213,0.046906853258,0.192933937629
0.202492869583,0.197887900975,0.100918414189,0.053424614254,0.035409228762,0.031827024382,0.032594136154,0.027215526513,0.030845370699,0.053103760680,0.127214450453,0.551962312426,0.856504045376,0.151666016134,0.022618570850,0.032442056079,0.111561026934,0.185401409844,0.070029854442,0.007331445315,0.000617588193,0.000247393387,0.000382619827,0.001012688129,0.001043458605,0.000502250258,0.000434774431,0.001350139547,0.008733990997,0.030733503588,0.029492581853,0.012882179021,0.003954066943,0.004182976981,0.016558151391,0.047035357183,0.043258793112,0.012325873866,0.002025550230,0.000334921274,0.000195732328,0.001030995850,0.006864276423,0.010054633142,0.001891274120,0.000144996753,0.000052235059,0.000092684426,0.000080833363,0.000093518298,0.000185428544,0.000303537482,0.000363159882,0.000445288224,0.000642281205,0.001054926251,0.001176562392,0.003047329972,0.036784916112,0.163610389228
0.191631197855,0.254112920078,0.135316881472,0.053063658322,0.033353312658,0.027796788371,0.023499199375,0.016771923986,0.021142082116,0.041172581199,0.098262634829,0.499289152774,0.878306581961,0.138678136523,0.021965932527,0.031611797431,0.107671085384,0.168336671365,0.064676893969,0.007539707735,0.000785070247,0.000422347754,0.000705235450,0.001970596320,0.002139141705,0.001116579113,0.000910561717,0.001837166105,0.008031086532,0.020648907483,0.016252241188,0.006595614890,0.002332320328,0.003321864032,0.015515834965,0.045316802875,0.046800282412,0.014695413903,0.002632886440,0.000370520618,0.000135595438,0.000637129377,0.006506271096,0.011089910701,0.001421249019,0.000071389521,0.000079371646,0.000115158078,0.000114188280,0.000177697861,0.000454203161,0.000864320527,0.001113880105,0.001238696596,0.001312946802,0.001624155422,0.001555053578,0.002591220286,0.027419009539,0.129443746990
0.168147938018,0.244722277848,0.178316148327,0.070227839163,0.034265254700,0.027170356563,0.023735236820,0.014589675332,0.017523424902,0.026094180605,0.062343000466,0.608163172464,0.817200269369,0.098286374463,0.028972114570,0.034315938290,0.087975566436,0.136217198928,0.073882581244,0.015686133871,0.001426755665,0.000646833961,0.001258217051,0.003941378158,0.004563066802,0.002797443452,0.002448697077,0.003515642196,0.007503580876,0.010172309680,0.006607950212,0.003119232491,0.001649107629,0.003465446651,0.016342560176,0.045351951616,0.038535070100,0.013994859045,0.003329447595,0.000562082426,0.000206430545,0.000900212295,0.007499210969,0.008299855123,0.000735182481,0.000076448341,0.000126205974,0.000184921028,0.000200384593,0.000365944576,0.001025637686,0.002232681744,0.003275322235,0.003276109699,0.002307776767,0.001831382239,0.001609766039,0.002885109257,0.025365902903,0.108340584917
0.141622295477,0.197029623500,0.191135275614,0.065817963478,0.020818159101,0.023025846191,0.023680563829,0.014597146572,0.015566879903,0.017197269030,0.047881684847,0.736774240986,0.702735006612,0.064514607960,0.022434973403,0.022080515750,0.051245672828,0.097474489210,0.069863478514,0.017091661598,0.001678476695,0.000846382910,0.001878855426,0.004910340621,0.004938666195,0.002833212818,0.002415757453,0.004086602745,0.007604069042,0.007242448016,0.003898062556,0.001872553628,0.001281032349,0.004030298673,0.019022151483,0.057285898576,0.036337159562,0.011521377616,0.003628508858,0.000858070445,0.000308017581,0.000681474961,0.006821881928,0.008744946573,0.000775683308,0.000107454449,0.000195888387,0.000346657737,0.000453134269,0.000861570046,0.002060829795,0.004161932710,0.005677305027,0.004089866123,0.001802578700,0.001089925155,0.001091679166,0.002713855978,0.022124459654,0.085062382270
0.124557713455,0.215399712443,0.208464874481,0.047526263872,0.010409641235,0.015342578049,0.022400890945,0.015623198519,0.013741100614,0.012877733609,0.068854643950,0.876273244618,0.471064450764,0.041373041891,0.017898345967,0.018111279385,0.040592325491,0.074071715182,0.054262558124,0.016181963572,0.002249371495,0.001498724345,0.002786683818,0.004775721942,0.003876446293,0.002094931759,0.001990757135,0.003756404763,0.005516319166,0.003825169876,0.001963497948,0.001201875171,0.001005445262,0.002651449868,0.010124994305,0.032829961066,0.034274649078,0.012420850349,0.003482695829,0.001104995148,0.000767769164,0.001197150704,0.003570510124,0.002025120825,0.000228845099,0.000131621744,0.000257810108,0.000499196920,0.000728783647,0.001456228435,0.003273065766,0.006272047247,0.007768918634,0.004467878553,0.001477356717,0.000845099596,0.000831563596,0.002347680572,0.017041128403,0.063590764049
0.109709927053,0.220793482999,0.197151762915,0.030414289070,0.006119657526,0.010026393738,0.015056810571,0.011478678549,0.011237554501,0.012150131321,0.145147267253,0.943406736147,0.273584874960,0.026515914002,0.016419131016,0.019560983194,0.040029748057,0.058277004182,0.047187355520,0.016348757678,0.004724186517,0.003404932313,0.003415021525,0.003126949964,0.002095530286,0.001020355941,0.001143699364,0.002361840677,0.003317490878,0.002135820393,0.000990863343,0.000565299312,0.000452779521,0.001186812340,0.004939758942,0.018007758380,0.025099926181,0.014934065185,0.004473095851,0.002005209571,0.001485169394,0.001679457864,0.002366364882,0.000830058600,0.000198006857,0.000174063258,0.000301108224,0.000447957936,0.000545740475,0.001096906810,0.002734682857,0.006122089080,0.007624781799,0.004099690875,0.001171825311,0.000576551234,0.000586094766,0.001946008384,0.015965868928,0.056641326497
0.097500543034,0.237920183077,0.165096894201,0.027301613164,0.007108130764,0.009468029583,0.009450303714,0.006428830549,0.008736833723,0.013364691857,0.245585223645,0.957695199449,0.159732864118,0.017967624731,0.012705232355,0.016570955438,0.036131212454,0.050864744296,0.046417783109,0.019729740968,0.009467398767,0.007390336177,0.005369283520,0.003106908021,0.001484011965,0.000622460600,0.000845332486,0.001657168784,0.001944728110,0.001230697745,0.000528671191,0.000242052252,0.000153054041,0.000409896491,0.002651444186,0.013189682282,0.020701304215,0.012180578464,0.004160026045,0.001986374937,0.002271832331,0.002502019342,0.002166632876,0.000695089165,0.000285146186,0.000262958388,0.000347918366,0.000352062899,0.000331077173,0.000655661081,0.001904172906,0.005034757060,0.006257796277,0.003534051367,0.001011804897,0.000441341957,0.000469581247,0.001909629761,0.013253869108,0.046155055282
0.070324829573,0.234847753450,0.171977809061,0.028286040405,0.012461413787,0.010909358651,0.006759334149,0.004997421527,0.009451614429,0.017144284934,0.384390571827,0.920595083719,0.091649932449,0.010802590639,0.008075223916,0.012721385692,0.035686343427,0.052664079219,0.044325129903,0.017843234265,0.009644667579,0.009421043023,0.006664727089,0.002723664833,0.000918882400,0.000419664152,0.000667119804,0.001426693942,0.001451993344,0.000919100811,0.000362741150,0.000143171315,0.000083854060,0.000195031409,0.001632582971,0.011020035824,0.022888720815,0.013238297753,0.004014966901,0.001700032655,0.001762060310,0.002205515682,0.002619440550,0.001046365991,0.000528997390,0.000487510716,0.000480884918,0.000320371938,0.000216158106,0.000374720740,0.001159679660,0.003437949892,0.004195231775,0.002515583374,0.000712481682,0.000298384033,0.000391775730,0.001317175177,0.007419224218,0.032535859494
0.037797651170,0.203256628568,0.195785124288,0.039491044127,0.016910401873,0.013193706849,0.008942381115,0.007288061267,0.012501713877,0.020656634507,0.435044499327,0.900845350882,0.061568090939,0.007599534201,0.006038326604,0.011759941143,0.036298563422,0.048438479468,0.033272528883,0.014384958069,0.009491590343,0.009447744901,0.006075208590,0.002535630731,0.000989348302,0.000461926014,0.000697856437,0.001287543982,0.001157550172,0.000632605774,0.000258643793,0.000128755952,0.000088920545,0.000213705107,0.001634666663,0.010762960510,0.022081909409,0.011312570517,0.003807393556,0.001725050476,0.001445653034,0.002274116869,0.002243219716,0.001019075699,0.000715385624,0.000697447949,0.000701792575,0.000464966435,0.000262104665,0.000322882814,0.000691048578,0.001684404328,0.001928885366,0.001096382284,0.000332868410,0.000212087849,0.000364833032,0.001204703572,0.004246145491,0.017090215697
0.033498576056,0.183859226850,0.194424911481,0.055542502827,0.024295041014,0.014771050153,0.009331836806,0.008263287057,0.011728610821,0.025221940551,0.639949604125,0.772952298973,0.039695653855,0.007909931025,0.006115727222,0.013130363695,0.040725927377,0.043833858336,0.021676469434,0.008886583567,0.007266263063,0.007937719379,0.004940366889,0.002133134714,0.000891592623,0.000492221666,0.000774205970,0.001563865953,0.001439749983,0.000583823214,0.000173197406,0.000086945954,0.000071842174,0.000198828113,0.001574155527,0.010485769997,0.021385978823,0.011115115079,0.003971772061,0.001730085850,0.001413341124,0.001959311669,0.001644154656,0.001129759652,0.000927697921,0.000803911700,0.000677145219,0.000406571509,0.000208538740,0.000204942402,0.000322942571,0.000659588507,0.000807406459,0.000530039007,0.000192958577,0.000120628415,0.000348353948,0.001678684204,0.003194981769,0.010757229674
0.044717554874,0.159922189051,0.194041817249,0.074033629221,0.027804586930,0.014042393104,0.009381048530,0.008870257370,0.012428429065,0.031499822006,0.717163968170,0.716492216837,0.035150658498,0.006091957648,0.004457447002,0.010009406848,0.032747493484,0.037451915748,0.019372696244,0.007396928796,0.004858915860,0.004778416511,0.003859819091,0.002535336608,0.001091260733,0.000387081734,0.000492038189,0.001015075328,0.001202189186,0.000568549615,0.000163176716,0.000076673072,0.000068074326,0.000212949728,0.001786319450,0.011946466956,0.023347384780,0.013229300042,0.004558261748,0.001780923140,0.001182546660,0.001340045608,0.001130747213,0.000903915881,0.000746700636,0.000568457391,0.000404790850,0.000237450007,0.000138594910,0.000144388015,0.000213153384,0.000373162989,0.000406296217,0.000268090444,0.000135175744,0.000247411022,0.000444667837,0.001457197365,0.003628404155,0.011636993620
0.050208180803,0.147779665054,0.180784267884,0.083732768015,0.030374755332,0.012544712289,0.008167719115,0.007597653437,0.012007102237,0.035580746290,0.800597999863,0.652203268284,0.021869630870,0.003538084740,0.002383192251,0.005887073981,0.023051511225,0.031922682744,0.018271381512,0.006135049644,0.002658732671,0.002483129995,0.003125832220,0.002480482353,0.000996725161,0.000320829893,0.000322142207,0.000645844468,0.000895230059,0.000566977704,0.000199670871,0.000092625866,0.000080846362,0.000270967758,0.002191960718,0.014429951476,0.026812595757,0.015888568904,0.005074489958,0.001668734869,0.000908890709,0.000886163739,0.000817978024,0.000751527414,0.000585095694,0.000338885175,0.000182565555,0.000108644620,0.000081630322,0.000102523831,0.000173085318,0.000301821568,0.000280434692,0.000163516512,0.000080927536,0.000145956336,0.000281373030,0.001252429371,0.005427635298,0.016744216321
0.057794248065,0.144331191050,0.146509872254,0.076898396272,0.034036714608,0.012786549824,0.007054703068,0.005754663910,0.010311730960,0.036814123898,0.827223638963,0.623997706897,0.017644454933,0.002885921393,0.002067513208,0.004877138037,0.016721130279,0.024113368709,0.014751888353,0.004938876057,0.001504990750,0.001348026839,0.002106745735,0.001947581744,0.000958465638,0.000255420573,0.000209832278,0.000445052973,0.000691000613,0.000500915009,0.000217878887,0.000112158120,0.000099277539,0.000334620942,0.002439684861,0.014932826622,0.026795153609,0.015797870389,0.004703622768,0.001347085354,0.000676438489,0.000628619730,0.000588569745,0.000553556990,0.000392689528,0.000173938052,0.000085925472,0.000061284959,0.000056219967,0.000072722277,0.000120979768,0.000263295642,0.000217907686,0.000108669208,0.000055436497,0.000054597937,0.000077520537,0.000556264021,0.006581173839,0.021794170428
0.054544211777,0.120056376940,0.135310394131,0.076288055757,0.033550115696,0.011845924949,0.006113694768,0.004676529885,0.009165581948,0.036045956979,0.815446941954,0.631923760023,0.015549044668,0.002269192441,0.002086239097,0.005332098138,0.016640903657,0.020168253929,0.010220719225,0.002705534491,0.000592323144,0.000767443765,0.001509182131,0.001419533503,0.000696263592,0.000265122641,0.000171428145,0.000308178204,0.000528584508,0.000372537452,0.000173184453,0.000105130049,0.000115950470,0.000408787769,0.002779259335,0.014919915846,0.024010257443,0.013902285630,0.004576491170,0.001368713119,0.000634108823,0.000481683602,0.000421597135,0.000383474222,0.000245617528,0.000097974318,0.000056536456,0.000050000000,0.000050000000,0.000055243612,0.000076826445,0.000154851466,0.000140582743,0.000083201702,0.000060675345,0.000069525260,0.000074997949,0.000422639404,0.004855555869,0.022097733679
0.051980682248,0.103052517962,0.122729159837,0.079206714756,0.045559849100,0.019481414624,0.007794997216,0.003803709914,0.006077654134,0.032728384489,0.841850755083,0.593133931829,0.016012550606,0.002463354919,0.001918050276,0.004414106191,0.015319627449,0.019141127669,0.008363453467,0.001885754210,0.000311637384,0.000452748824,0.001106599236,0.001473708680,0.001108753404,0.000336366330,0.000209153504,0.000389801889,0.000874832306,0.000656579992,0.000263951143,0.000154591174,0.000185618547,0.000662016916,0.004248238319,0.018869130067,0.022415895471,0.010196154374,0.003574750387,0.001267041161,0.000595322489,0.000397565510,0.000289745002,0.000265662317,0.000171850975,0.000072364934,0.000050000000,0.000050000000,0.000050000000,0.000050000000,0.000065550458,0.000149838767,0.000158718081,0.000110011810,0.000077938814,0.000066162578,0.000056608119,0.000194393888,0.002618922091,0.017901177054
0.051624097988,0.097653488285,0.110671703860,0.077482733673,0.054582303808,0.026064851639,0.008812760362,0.003489505833,0.005609547496,0.027185192794,0.733744431375,0.720934036407,0.023704940045,0.002956393431,0.001816283401,0.003389572560,0.012739302572,0.016956347293,0.006729074470,0.001237139263,0.000179825299,0.000293949307,0.001062334056,0.001824432852,0.001174274198,0.000367909084,0.000260043329,0.000528912321,0.001373570309,0.001163586807,0.000481682404,0.000294726444,0.000353226963,0.001203120840,0.006515623295,0.023212778143,0.022046638760,0.008297190247,0.002753518432,0.000900212858,0.000384376929,0.000220434363,0.000156456765,0.000150322843,0.000114714547,0.000061697092,0.000050000000,0.000050000000,0.000050000000,0.000050000000,0.000063863646,0.000121810277,0.000159364868,0.000116745905,0.000070862213,0.000063991105,0.000057019172,0.000183317463,0.002726582447,0.019842518929
0.048619365226,0.085337566115,0.105164108195,0.076523015084,0.051178025233,0.023236451790,0.006797047091,0.002776492420,0.005287665280,0.023810590804,0.669076494753,0.786073358026,0.038623801649,0.004924492451,0.002548366285,0.003686343304,0.011385653026,0.010654440888,0.003097451080,0.000589257538,0.000156627387,0.000216606243,0.000801357466,0.001356070786,0.001118536073,0.000369255213,0.000281823980,0.000591325350,0.001792941615,0.001744846225,0.000672852145,0.000386770763,0.000495321651,0.001788741931,0.008521610421,0.026138559199,0.024086276965,0.008177912126,0.001989216993,0.000478367860,0.000188187358,0.000100831767,0.000078005976,0.000076057694,0.000069078223,0.000052052127,0.000050000000,0.000050000000,0.000050000000,0.000050000000,0.000057518435,0.000139276007,0.000280478586,0.000324055220,0.000196914569,0.000168237064,0.000154113412,0.000728844926,0.005164231300,0.023075790397
0.049822503023,0.085174028304,0.097834154478,0.062425516443,0.039872465951,0.019851299744,0.006440290151,0.003074669845,0.006006784961,0.020842272683,0.519421498354,0.891109791420,0.058141073566,0.006563616735,0.003132477065,0.004538952593,0.012326272116,0.006254267346,0.000972531802,0.000212584705,0.000154182039,0.000267522182,0.000509890882,0.000646278204,0.000495876137,0.000326197147,0.000298427285,0.000745641652,0.002484313143,0.001866450320,0.000543523172,0.000338253695,0.000589091385,0.002592817895,0.010569287556,0.026153892648,0.024521255152,0.007319329619,0.001207129627,0.000223665085,0.000135164596,0.000073363415,0.000053102015,0.000051251996,0.000050460811,0.000050000000,0.000050000000,0.000050000000,0.000050000000,0.000050000000,0.000051380817,0.000082102707,0.000136022312,0.000152488042,0.000162935102,0.000376736612,0.000962979566,0.004140161845,0.009359021177,0.025449000667
0.049465466096,0.098725583798,0.110989938329,0.044836539454,0.024633605692,0.016133680367,0.008528115896,0.006077486318,0.010624356597,0.019106301074,0.342410214379,0.960791886345,0.093203331165,0.006417505194,0.002170888550,0.002289563750,0.007168067679,0.005956410673,0.001592220223,0.000440856192,0.000406474500,0.000543375723,0.000454497267,0.000701416803,0.000981966283,0.000291897542,0.000238557164,0.000489306897,0.001390189759,0.001066891886,0.000381598659,0.000312193545,0.000675684700,0.002813202356,0.009474168401,0.020958175682,0.022090622206,0.005990942534,0.000745602792,0.000174424409,0.000268342272,0.000115019551,0.000051959550,0.000050318138,0.000050000000,0.000050000000,0.000050000000,0.000050000000,0.000050000000,0.000050000000,0.000060418652,0.000110790489,0.000130464629,0.000091256230,0.000095250354,0.000465082906,0.002199396833,0.005878045532,0.008968982540,0.027125644018
0.040243592283,0.100347308085,0.116449564264,0.041194363851,0.022166368807,0.019546648792,0.013953432932,0.009402706580,0.011207340719,0.013877212749,0.252876457777,0.978609647382,0.121847765471,0.004870823869,0.001191063632,0.000817594916,0.003378359192,0.007647269563,0.004949014077,0.001446347058,0.000930000150,0.000819306182,0.000411856713,0.000815881624,0.002311370588,0.000305235997,0.000158463180,0.000286503449,0.000719625234,0.000615963724,0.000269125473,0.000219158388,0.000442588321,0.001869475578,0.007621417273,0.018967262103,0.024251521229,0.007357156598,0.000829111586,0.000217617573,0.000352006005,0.000104151088,0.000054634716,0.000056168717,0.000054101339,0.000051782079,0.000053094703,0.000052170886,0.000050042044,0.000056457327,0.000075619103,0.000149850572,0.000184158854,0.000233190072,0.000281313325,0.000785995154,0.001916122554,0.003452821032,0.005441155622,0.022434866830
0.030836356816,0.098256991783,0.119205404575,0.045676467870,0.024468981769,0.024675400859,0.018237019203,0.009470231697,0.008462296276,0.009905070819,0.238998313747,0.982271940297,0.105147065958,0.004492808046,0.001270753316,0.001119826485,0.004894430240,0.011473783615,0.008852261679,0.002725488304,0.001000997821,0.000583978286,0.000364566407,0.000723898443,0.001867619563,0.000246399823,0.000133306664,0.000231302940,0.000447308592,0.000392559758,0.000231111808,0.000217002867,0.000357539236,0.001109951220,0.004846552977,0.017090393260,0.028499734481,0.010131490885,0.001274432200,0.000243851748,0.000404119338,0.000130995725,0.000064060801,0.000065047058,0.000059126390,0.000052479079,0.000051083951,0.000050000000,0.000050000000,0.000063286496,0.000107660156,0.000242838632,0.000257077030,0.000229404074,0.000379052331,0.001344440693,0.002485294836,0.002486065700,0.003354335956,0.024502242643
0.035887390594,0.118833913902,0.105713437067,0.039595057312,0.027880586013,0.025616593866,0.017661638398,0.008445017361,0.006841836737,0.008829660838,0.238126870649,0.976051702521,0.101493979048,0.002885038618,0.001145753641,0.001602340786,0.007568098133,0.016505335015,0.013346753985,0.004444727530,0.000829151884,0.000265881775,0.000225864743,0.001226670266,0.006434355099,0.000843471630,0.000116757314,0.000240932500,0.000459340140,0.000434857137,0.000286867483,0.000252997841,0.000295701194,0.000669447997,0.002913679687,0.013416749836,0.027316561932,0.010686299036,0.001459199737,0.000478614874,0.000558863823,0.000141814778,0.000061668089,0.000060179050,0.000053843107,0.000050000000,0.000050000000,0.000050000000,0.000050000000,0.000053453911,0.000103608364,0.000270219968,0.000318527079,0.000268533183,0.000436381325,0.001714048467,0.003107705424,0.003096422429,0.005206547165,0.031828339332
0.043747134227,0.116143549835,0.104034149122,0.040677464511,0.029608529230,0.023571879078,0.015216521430,0.006982840209,0.005612062708,0.007457196337,0.213005415450,0.980459167033,0.095439100074,0.002203162386,0.000917464919,0.001602883408,0.008603493822,0.019787472565,0.017741951397,0.006249079622,0.000839532921,0.000181697521,0.000176391745,0.000823016336,0.006101557632,0.000822611997,0.000116128630,0.000250728096,0.000409010536,0.000359920546,0.000247063781,0.000219750618,0.000259242556,0.000616596507,0.002764602156,0.013476891597,0.025472268575,0.010426696164,0.001720330582,0.000691497234,0.000533111599,0.000117823645,0.000059655150,0.000054138020,0.000050000000,0.000050000000,0.000050000000,0.000050000000,0.000050000000,0.000050000000,0.000107208135,0.000371508926,0.000492386536,0.000446845259,0.000879123422,0.002549744559,0.002920047680,0.002666557664,0.003451619716,0.019688928403
0.050295525051,0.118674546134,0.091441979592,0.034212597659,0.030762167760,0.021683807763,0.011209171781,0.004572482224,0.003667254332,0.005428979599,0.187588327207,0.984324418041,0.101709272802,0.001980331912,0.000781633045,0.001408887395,0.008048060368,0.019546089958,0.019195461602,0.007599780026,0.001018790666,0.000150072712,0.000161705042,0.001140707307,0.006030073673,0.001253084794,0.000103361568,0.000213916043,0.000317792116,0.000254149851,0.000153350963,0.000125837189,0.000182215061,0.000498750773,0.002620411962,0.014005016369,0.023181250691,0.009774977747,0.001798876549,0.000846022458,0.000794584953,0.000153248069,0.000058672301,0.000050258586,0.000050000000,0.000050000000,0.000050000000,0.000050000000,0.000050000000,0.000050000000,0.000091685956,0.000368945667,0.000580353891,0.000628118461,0.001218341994,0.002801986461,0.002563985138,0.002106685881,0.003469240850,0.018993127426
0.056806745316,0.114326084010,0.082686621351,0.030804474499,0.028432718687,0.019432994585,0.009579138816,0.003791992224,0.002990683383,0.005117432608,0.181564256545,0.983585107443,0.121578506748,0.002523804058,0.000890698606,0.001185873200,0.006404643079,0.018010402359,0.020436474505,0.007543281236,0.000842568764,0.000115423292,0.000235602389,0.001774411244,0.004112491437,0.000237657078,0.000093453216,0.000153843030,0.000182884739,0.000140756348,0.000097071060,0.000094652199,0.000147186223,0.000418615079,0.002364956405,0.013882901841,0.022652762846,0.010111699496,0.001985584057,0.001998800628,0.001271723352,0.000154222558,0.000061419377,0.000050000000,0.000050000000,0.000050000000,0.000050000000,0.000050000000,0.000050000000,0.000050000000,0.000086702393,0.000339562722,0.000548377362,0.000763913468,0.002178153299,0.003794745288,0.001024405164,0.000565604344,0.002413791080,0.015951318070
0.062985038547,0.111587797080,0.066943120143,0.024221901524,0.023340732638,0.021246156265,0.013904086429,0.004945815253,0.002822312911,0.004359908083,0.150807163649,0.988801265955,0.124111118397,0.003116313324,0.001199475543,0.001635481989,0.008289362135,0.017398968120,0.014950258700,0.005460689753,0.000755703384,0.000100311352,0.000190156857,0.001699897229,0.003190631321,0.000233798740,0.000117472770,0.000209559278,0.000206995041,0.000112535783,0.000078844252,0.000087719735,0.000148050280,0.000439264500,0.002281612110,0.013555417747,0.022868397861,0.009445913783,0.001929546339,0.001153659409,0.000714267479,0.000132931557,0.000061273402,0.000050000000,0.000050000000,0.000050000000,0.000050000000,0.000050000000,0.000050000000,0.000050000000,0.000108627090,0.000348495269,0.000579236696,0.000755957782,0.002241628205,0.002797870323,0.000501121890,0.000260329236,0.002071800175,0.013312785563
0.080618761129,0.115360367743,0.052669433886,0.019737567956,0.023232485707,0.025169302472,0.017554981023,0.006019065962,0.002847006351,0.003897943273,0.126302518272,0.985610725259,0.167227286966,0.004277721439,0.001808881392,0.002467120676,0.009699431405,0.017481026517,0.016988805071,0.006728281316,0.000753204398,0.000082487301,0.000407160636,0.002713071911,0.005386575859,0.000491250973,0.000121618093,0.000230070039,0.000238003758,0.000125862566,0.000080413980,0.000087271627,0.000145549794,0.000420707482,0.002435221787,0.015817048267,0.024610650142,0.008273099557,0.001697980079,0.001150515080,0.001326503136,0.000277697036,0.000059182056,0.000050750027,0.000050000000,0.000050000000,0.000050000000,0.000050000000,0.000050000000,0.000059239168,0.000167432993,0.000490945163,0.000772459180,0.000804129802,0.001736346755,0.001577791029,0.000258523759,0.000248905661,0.003051500533,0.019651763636
0.088612573241,0.106160889875,0.047684131143,0.019112103413,0.025358855464,0.025948389104,0.015499071906,0.005909109941,0.003158261847,0.004154477818,0.123244831938,0.984664229686,0.184000688054,0.005401343966,0.002543243149,0.003117043240,0.009808768459,0.016160797025,0.017300806808,0.007484547357,0.000957321505,0.000114038142,0.000213296989,0.000896380730,0.002395513382,0.000516420260,0.000119029201,0.000174796165,0.000171638779,0.000110861914,0.000079577591,0.000081984845,0.000112724363,0.000298672813,0.002156854790,0.017201612384,0.027188654430,0.009001889090,0.001898310386,0.001841187771,0.002200923405,0.000384395203,0.000055755083,0.000050000000,0.000050000000,0.000050000000,0.000050000000,0.000050000000,0.000050000000,0.000072508210,0.000219008768,0.000612245037,0.000881539443,0.000958522984,0.001934979299,0.001074842092,0.000138784536,0.000075437868,0.000776670447,0.017142327156
0.082878843031,0.101538147106,0.040539372167,0.015982834706,0.022611459391,0.024887950934,0.013266107679,0.005342855933,0.003980650384,0.004776646526,0.088403309027,0.986249411326,0.211727890847,0.007586737086,0.003109834442,0.002753056227,0.007271278506,0.013807357104,0.017301123621,0.007402008784,0.001058326786,0.000245694291,0.000294451643,0.001271700874,0.004498465904,0.001044446155,0.000147702906,0.000222728463,0.000281419435,0.000281563664,0.000222111708,0.000170870014,0.000176642114,0.000394148899,0.002886557520,0.019802157665,0.026167801853,0.008915244792,0.001949938549,0.000990644374,0.001708050961,0.000401608793,0.000058094544,0.000050000000,0.000050000000,0.000050000000,0.000050000000,0.000050000000,0.000050000000,0.000066863978,0.000260013943,0.000993530658,0.001604136904,0.001416263086,0.002183761247,0.001601454023,0.000266670518,0.000177255068,0.001191835169,0.018462734611
0.094525422884,0.091058246889,0.027351569668,0.011513637871,0.016429430896,0.022778402231,0.014585890494,0.006250280010,0.005363242477,0.005937298185,0.100089442596,0.988921618307,0.198747533561,0.009084249940,0.003664669878,0.002896452806,0.007329201239,0.013438815251,0.015531378884,0.005081494132,0.000753824144,0.000406062243,0.001053474989,0.007326782192,0.011709368176,0.001178038876,0.000196648904,0.000286723653,0.000411567804,0.000570218846,0.000566209412,0.000397256018,0.000306536256,0.000594003407,0.003741041595,0.020761966803,0.024214716484,0.007817068165,0.001705304219,0.000668978829,0.001668502855,0.000739254462,0.000086560578,0.000050000000,0.000050000000,0.000050000000,0.000050000000,0.000050000000,0.000050000000,0.000059582270,0.000246401754,0.001090051447,0.002207799682,0.002536100961,0.002489759526,0.001200419361,0.000256965359,0.000285748538,0.001921834693,0.021477840867
0.096841000734,0.071855070049,0.019372166433,0.006944267523,0.008709907334,0.016144971660,0.016023035851,0.007894355571,0.006157833186,0.006696966067,0.097239834322,0.982305560615,0.230084042704,0.010058497163,0.003747080007,0.002715873470,0.006074632598,0.011158496090,0.013425452366,0.004440431150,0.000744524480,0.000526422234,0.001124579750,0.006699147616,0.027171546412,0.005856321594,0.000232487264,0.000264542277,0.000419184852,0.000726749203,0.000962904336,0.000889524560,0.000753785695,0.001173306821,0.004693661027,0.017796456850,0.018474315272,0.007271020428,0.002353812303,0.001161483922,0.001439441577,0.000657791496,0.000120899402,0.000050924803,0.000050000000,0.000050000000,0.000058553093,0.000050000000,0.000050000000,0.000073994714,0.000315177723,0.001140560088,0.002127444141,0.003041505978,0.003591619949,0.001591401660,0.000378561654,0.000357204041,0.002292364318,0.025572054615
0.098229307792,0.047334057054,0.009144585585,0.003623994391,0.005477190754,0.014105111501,0.018276330354,0.009542185653,0.006272949591,0.007448085240,0.111472397524,0.983974925709,0.215292261527,0.009431551774,0.003493906569,0.002591718050,0.005517595674,0.011061519522,0.015676729803,0.005421482523,0.000749758639,0.000741604440,0.003942373569,0.016932905272,0.022952028337,0.001115042795,0.000194061834,0.000204198046,0.000306639069,0.000595950365,0.001034662276,0.001351355665,0.001421163027,0.001986572814,0.005174496059,0.014209987036,0.015677013291,0.008269691731,0.003479637864,0.001650881747,0.001225278302,0.000526210436,0.000083359716,0.000050000000,0.000050000000,0.000050000000,0.000050798538,0.000050000000,0.000050000000,0.000126521659,0.000517586418,0.001257326482,0.001714980501,0.002125850293,0.001747377606,0.000782217627,0.000293757289,0.000382527746,0.003160799084,0.037350524395
0.086551591675,0.037204336744,0.006962665287,0.003148199064,0.005870935194,0.016478298317,0.019971382650,0.010346877775,0.006165153765,0.007465842669,0.122402298631,0.987311080138,0.194363947425,0.007598041477,0.002347593220,0.001654671249,0.003889192160,0.010349212247,0.015666225882,0.005079241195,0.000701396817,0.000671980803,0.003940261188,0.019189993822,0.020094020863,0.001007818587,0.000164351759,0.000156148909,0.000289415717,0.000827988327,0.001792696848,0.002438063984,0.002647355315,0.003420555760,0.005825329112,0.009927013649,0.010418996154,0.007110209998,0.004129404206,0.002319551632,0.000838279749,0.000199440840,0.000058960860,0.000050000000,0.000050000000,0.000050000000,0.000058132839,0.000050000000,0.000066061724,0.000232356594,0.000692912821,0.001035394148,0.000975179750,0.001050447566,0.000927555045,0.000474413351,0.000269817120,0.000427801729,0.003896007551,0.040871799068
0.078195468383,0.040005454999,0.012641464188,0.006364583123,0.009100380403,0.018024164121,0.018455197067,0.009977208663,0.006315120953,0.007659316695,0.127110130200,0.984364755845,0.207552649474,0.007005178283,0.002179587832,0.001514534787,0.003104371396,0.008066242611,0.011100492404,0.003410342234,0.000503913310,0.000998370837,0.004629647756,0.013145029586,0.013393889909,0.000740711310,0.000130155604,0.000137003248,0.000344967341,0.000973829578,0.001738839619,0.002211231786,0.002987885166,0.004769028198,0.007019776963,0.008435379233,0.007082973883,0.005237226803,0.004109669594,0.002699249061,0.000999418529,0.000254295080,0.000081192854,0.000058939473,0.000050000000,0.000050000000,0.000052564918,0.000066803306,0.000078864513,0.000273638652,0.000660160657,0.000818815879,0.000704963953,0.000825303104,0.000738378086,0.000412361668,0.000229778088,0.000403839305,0.003482021134,0.035332769494
0.069484817251,0.046973006901,0.023437667771,0.010341218195,0.010385009084,0.016211231930,0.015314467740,0.008924352739,0.006385378231,0.008996289859,0.221630349512,0.982789615764,0.122443285993,0.006681301897,0.003221685302,0.003621651102,0.006371718085,0.007446971787,0.006061999676,0.002101773270,0.000452776666,0.001103613643,0.005132610713,0.014277752621,0.018930396568,0.001156180722,0.000149038384,0.000194589921,0.000422122226,0.000670478764,0.000844052493,0.001178835401,0.002185220731,0.004441778733,0.007389764783,0.008794468307,0.007087764317,0.005202978469,0.004083957195,0.002373266959,0.001081127129,0.000394685619,0.000126974237,0.000080671663,0.000055870144,0.000050000000,0.000055608095,0.000050000000,0.000063058812,0.000154944419,0.000330280326,0.000443354555,0.000468511987,0.000664753514,0.000883183045,0.000723888926,0.000439143247,0.000723455460,0.004033436245,0.032545575082
0.069049080788,0.054520704271,0.035818822918,0.014598118447,0.008997065673,0.011622799936,0.012320137337,0.009648134957,0.008967561708,0.012587792618,0.334142162535,0.957358113634,0.069746366007,0.006601342706,0.004204005791,0.005244832259,0.007357934198,0.006067867169,0.005095183405,0.002210286613,0.000535235209,0.000865571771,0.005006640510,0.016854717339,0.022036235924,0.001861734061,0.000153816470,0.000228752234,0.000415609565,0.000485738890,0.000473555212,0.000628152842,0.001242246314,0.003068452939,0.007448580606,0.012176667232,0.010696537592,0.006767666225,0.003924940762,0.001806311101,0.000831346421,0.000496746014,0.000217219186,0.000107039836,0.000063511129,0.000050000000,0.000050000000,0.000050000000,0.000050000000,0.000076593340,0.000162364096,0.000262297132,0.000289879210,0.000431056990,0.000788673313,0.001068445592,0.000950731111,0.001403734856,0.005497843570,0.034141121071
0.080736659993,0.082192419372,0.052707654584,0.019094045760,0.008374297975,0.010473343062,0.011337831169,0.010155347557,0.011205230371,0.019192043936,0.519334927282,0.875402473560,0.048830138413,0.005860367287,0.003817761577,0.005101475526,0.007765423635,0.006777142567,0.006586289039,0.003880577899,0.001003313949,0.000848208553,0.004172368718,0.023403910067,0.035307227930,0.003950919066,0.000123655490,0.000161095576,0.000286149858,0.000365719587,0.000384434830,0.000536990946,0.000951819352,0.002223671820,0.006843811676,0.015810411135,0.016224151890,0.008461047232,0.003412252057,0.001521148884,0.001153027505,0.000771757462,0.000306398398,0.000110418408,0.000059713976,0.000051908217,0.000051444455,0.000050000000,0.000050000000,0.000052227032,0.000099531217,0.000180885253,0.000187475124,0.000281365906,0.000881571243,0.001644868547,0.001359386804,0.001938234704,0.006421160967,0.034579088184
0.091483857484,0.095749607228,0.062954396771,0.025721481506,0.012386820400,0.012120449992,0.011211520798,0.010202422249,0.012872543621,0.024926954730,0.593155189634,0.829199108450,0.042943272263,0.004805527921,0.002289010021,0.002599697815,0.005645828840,0.008557415276,0.010849226685,0.006719831447,0.001570771155,0.000780312800,0.002345439096,0.017239291917,0.030749863999,0.001731102205,0.000086248491,0.000130850739,0.000290990583,0.000454844539,0.000429386578,0.000512393632,0.000945706404,0.002415541602,0.007880896001,0.020534032283,0.021297465466,0.008830755353,0.002618143765,0.001534842099,0.001529445359,0.000656013448,0.000237126624,0.000099580852,0.000056348275,0.000050000000,0.000050000000,0.000050000000,0.000050000000,0.000050000000,0.000078718659,0.000142630652,0.000129883458,0.000129961732,0.000390887029,0.001489242391,0.001325799203,0.001848112608,0.006590090989,0.041413338316
0.096858429806,0.100156944732,0.066425680409,0.028094172454,0.015547694543,0.012505166376,0.009514491158,0.009342076894,0.012216809973,0.028494240120,0.777984222064,0.655447260552,0.023097406556,0.004188066291,0.001840519130,0.001705324681,0.003849153840,0.007999326417,0.012776085003,0.008489166425,0.001947664850,0.000559441527,0.001346029171,0.007192879404,0.016419066525,0.002679087357,0.000075279645,0.000121772013,0.000358804270,0.000681546884,0.000588978004,0.000578936608,0.000937039577,0.002320952694,0.007284222645,0.021039274703,0.025396527558,0.009469330500,0.002094900740,0.002152493738,0.001650649542,0.000313008934,0.000132272970,0.000077723649,0.000053917869,0.000050000000,0.000052663561,0.000050000000,0.000050000000,0.000050000000,0.000068470047,0.000119120584,0.000108182158,0.000093425591,0.000102304975,0.000423025154,0.000951775594,0.003015305229,0.012746616318,0.060525878514
0.102287606796,0.107799582217,0.076227864342,0.025624637151,0.012884065240,0.011473759175,0.011904824482,0.012870106192,0.015965956472,0.031813813613,0.670783513712,0.758578868984,0.027505856877,0.003652156552,0.001763358088,0.001402985461,0.002726576115,0.006507814421,0.014079863648,0.010566880832,0.002063280240,0.000536162410,0.000852507224,0.003483928543,0.007101229695,0.001145919873,0.000071210430,0.000140079784,0.000440574994,0.000697431749,0.000609405981,0.000739563124,0.001352866349,0.003303790555,0.009345077063,0.023181401864,0.024235992037,0.008234076602,0.001998782554,0.001760744414,0.001069450931,0.000265284708,0.000090643909,0.000056161066,0.000050000000,0.000050000000,0.000067524320,0.000050000000,0.000050000000,0.000050000000,0.000074799626,0.000108814980,0.000084631393,0.000063873970,0.000131743707,0.000549383723,0.000896859508,0.003361365646,0.014148668978,0.061008412803
0.084985298269,0.096402725026,0.077893912054,0.026511800786,0.014174061771,0.009910349470,0.009636615431,0.011997595242,0.016312497858,0.038411165886,0.787914212473,0.632003969714,0.018760767460,0.003081587228,0.001645601483,0.001426376126,0.002601118827,0.005944465473,0.014288543286,0.011371219026,0.002201889901,0.000497004949,0.000374794888,0.001279960074,0.007192936038,0.002833222134,0.000096957751,0.000117413819,0.000308719970,0.000411502531,0.000454440939,0.000767019691,0.001655864577,0.004040273104,0.010005190498,0.021595193152,0.022869226403,0.009135940994,0.002196053460,0.001218111221,0.000536118476,0.000124702785,0.000054164297,0.000050000000,0.000050000000,0.000054045850,0.000050000000,0.000050000000,0.000050000000,0.000053744673,0.000072034180,0.000095155686,0.000074455196,0.000100793735,0.000353680269,0.000801400646,0.000984373437,0.004094628886,0.017520040694,0.058895336117
0.076775626093,0.079527187970,0.065372610881,0.031482180494,0.020482686022,0.016036871011,0.012954549836,0.011011709819,0.013023544818,0.050033171058,0.834410942136,0.566260000681,0.015665884624,0.003525494851,0.001654266665,0.001487157687,0.002864601723,0.007173414451,0.017414852393,0.013269387112,0.002907886001,0.000620300606,0.000332580984,0.000512824242,0.003903181328,0.001605632666,0.000056684884,0.000068224326,0.000159758890,0.000268671738,0.000424108326,0.000886635685,0.002069540041,0.004909319663,0.011175958452,0.021517438308,0.024133662621,0.011342480678,0.002914489179,0.001595130857,0.000603763940,0.000093832261,0.000050000000,0.000050000000,0.000050000000,0.000050000000,0.000050000000,0.000050000000,0.000050000000,0.000057832846,0.000083443610,0.000113330107,0.000089133932,0.000093466025,0.000153396222,0.000461022487,0.001159418396,0.005163646379,0.021975791196,0.066124412488
0.067275059427,0.059713961470,0.057321717697,0.036854048115,0.024004654666,0.024411116550,0.019170406434,0.011889417440,0.011360646149,0.054999410702,0.856085281992,0.530125257984,0.017316139172,0.004136337015,0.001430367548,0.001059022782,0.002115747178,0.006757140020,0.018639501454,0.014436930562,0.004228654779,0.000812662782,0.000285956522,0.000795648757,0.005813775803,0.001623981912,0.000050000000,0.000050448976,0.000083724061,0.000173379175,0.000355076900,0.000860147180,0.002160043343,0.005093645187,0.011078066053,0.018849088027,0.023444477875,0.014849899861,0.004538820487,0.003149858401,0.000759250768,0.000067192519,0.000050000000,0.000050000000,0.000050000000,0.000050000000,0.000050000000,0.000050000000,0.000051003632,0.000061241655,0.000076742954,0.000108715247,0.000102709251,0.000115514429,0.000168882114,0.000469063460,0.001487856443,0.006202067213,0.024531944602,0.064060404474
0.069258102818,0.060154688362,0.065275718125,0.052499137648,0.025744839876,0.027454931604,0.029123194317,0.018187726641,0.013562061932,0.065376359251,0.796226106912,0.612076174164,0.027856150478,0.006564440032,0.001807585726,0.001067654081,0.001843378944,0.005694098051,0.016113922430,0.012562478195,0.004846688603,0.001190893755,0.000532393760,0.001807032999,0.007015704997,0.000936916835,0.000050000000,0.000052481733,0.000096155131,0.000188709067,0.000345199660,0.000879858221,0.002568027681,0.006252555155,0.011828877452,0.016515860627,0.021318755257,0.016671136555,0.005825306101,0.002367534449,0.000772178283,0.000078857700,0.000050000000,0.000050000000,0.000050000000,0.000063781753,0.000054184208,0.000051261404,0.000060089733,0.000069350173,0.000080923030,0.000114908263,0.000152672916,0.000297521817,0.000572015054,0.001746615687,0.004894932985,0.013954801344,0.029630167100,0.058343427842
0.057207766547,0.062047564190,0.101178461687,0.073410676234,0.024174493128,0.023214683013,0.035398701533,0.030436989856,0.020803230698,0.070588150808,0.714198129047,0.696640158360,0.045995755039,0.010803030055,0.003951134550,0.002651850110,0.003618534873,0.005427250725,0.009115007618,0.007037132187,0.003829688939,0.001324525318,0.000371259565,0.001018366894,0.006472849956,0.002037666457,0.000070602070,0.000057525516,0.000157442423,0.000286551110,0.000440847781,0.001130213495,0.003239476390,0.006441085388,0.010279142331,0.014991066700,0.023174517727,0.024606406417,0.008866900638,0.001184406249,0.000199408408,0.000055792398,0.000050000000,0.000050000000,0.000050000000,0.000053815132,0.000052155825,0.000067509308,0.000082801608,0.000086490303,0.000103863405,0.000274488125,0.000475469258,0.000648211671,0.001007134333,0.003002268360,0.007528221063,0.016981901338,0.032023724494,0.059800222688
0.068777429716,0.073877507065,0.133221286232,0.099418373233,0.026155156468,0.021795891378,0.032342919072,0.032350079295,0.029403167834,0.125319085150,0.785058509636,0.593507941441,0.046455148051,0.016190933544,0.009379182730,0.007534182209,0.007959455007,0.006459343912,0.007501426801,0.006197658026,0.003742190472,0.001371816390,0.000408337962,0.000492977911,0.001321732112,0.000228810477,0.000050000000,0.000074552465,0.000295904493,0.000470567850,0.000594977045,0.001305647141,0.003028818135,0.004991318028,0.008590263045,0.017595570786,0.029302934607,0.029549380526,0.009086795312,0.001133811626,0.000128632659,0.000050000000,0.000050000000,0.000050000000,0.000050000000,0.000250012816,0.000143683714,0.000067364522,0.000078594819,0.000085551478,0.000216683052,0.000806498753,0.001245073394,0.001976622504,0.003605863566,0.008815055412,0.012835855223,0.017766039143,0.026182421982,0.061191315131
0.113816613857,0.121472233100,0.194259518454,0.161676178512,0.056219402060,0.040402738573,0.051738219340,0.047547132865,0.094079327478,0.344287433600,0.803250098766,0.426834120575,0.064860600509,0.036273648999,0.023403997459,0.017594483284,0.018192775957,0.015820489083,0.018481985327,0.015325209963,0.005571843441,0.001497513874,0.000460106547,0.000217293816,0.000155394649,0.000062032633,0.000055278487,0.000155509294,0.000679294864,0.000947163260,0.000883346291,0.001259991632,0.002491578584,0.005246413087,0.013764914256,0.031316196663,0.041805707049,0.029016193115,0.008985189350,0.001506160057,0.000239593820,0.000071157705,0.000050000000,0.000066444418,0.001066466803,0.003174565555,0.000170980743,0.000053567033,0.000064942195,0.000132955480,0.000360478898,0.000999911447,0.001919352197,0.005082853089,0.013811309707,0.028288768545,0.022873688473,0.022126506412,0.031526449336,0.074943305470
0.253977639035,0.251480374362,0.323428328923,0.272227723551,0.127598469991,0.101920686494,0.182836814492,0.229663288425,0.289724098450,0.373698721730,0.570492953088,0.548101730617,0.169092129946,0.067066871651,0.038320793410,0.033076888021,0.043106268553,0.037330032507,0.033621296042,0.020593939973,0.007415910078,0.003657651848,0.001977377397,0.000861034591,0.000319969790,0.000165020041,0.000142587117,0.000427956106,0.001092851769,0.001124700803,0.000948771543,0.001479488859,0.003360438100,0.008999423318,0.030274813833,0.080460978777,0.082959197731,0.037534253875,0.024510437410,0.023444060427,0.013026037540,0.007645808064,0.004400679608,0.000951763117,0.000290328649,0.000167617698,0.000054336133,0.000050218032,0.000091530732,0.000287760542,0.000737224926,0.001878943074,0.004427623995,0.011855748002,0.055157716471,0.114125288494,0.055183822023,0.038944503039,0.061610899782,0.147359936182
0.367370008241,0.307013799440,0.300462682597,0.347622338290,0.294742935173,0.204709095920,0.177795973034,0.142728243440,0.202812783395,0.381534036492,0.596635577761,0.446260849182,0.086059103111,0.033630960898,0.033842875877,0.050296076419,0.073274289957,0.042120776313,0.028438827664,0.021551605754,0.013847487480,0.009528822022,0.007407624522,0.003509848645,0.000979940094,0.000327922263,0.000201923814,0.000369527296,0.000612765576,0.000719014559,0.000995743567,0.001822521083,0.003566874604,0.009421151105,0.033262346189,0.095248405985,0.115802984846,0.057294898621,0.030197637681,0.065840897700,0.056038259320,0.007838031603,0.000474741162,0.000054438980,0.000050000000,0.000050000000,0.000050000000,0.000083305041,0.000307044853,0.000609064610,0.000928129600,0.001794337760,0.003982602948,0.009074265048,0.042312558949,0.193147514485,0.132063019678,0.082156462769,0.123328593880,0.235321018177
0.448744922123,0.448394311883,0.388342408268,0.352820527912,0.236664520041,0.187987891285,0.227257891472,0.173686605091,0.175168069173,0.205663010254,0.340809678276,0.461034210456,0.139010304835,0.040770127172,0.036045482301,0.046501582884,0.058605974159,0.029197319970,0.022190169380,0.025741430309,0.029771753602,0.025473636786,0.019849578996,0.007844777764,0.001524675682,0.000301369941,0.000130050478,0.000164583382,0.000253223206,0.000413323005,0.000914598839,0.001977663343,0.003389987926,0.007801693234,0.028716572066,0.096942773990,0.183466636049,0.157059314641,0.073474848304,0.019616027592,0.002305782826,0.000186619810,0.000050000000,0.000050000000,0.000050000000,0.000050000000,0.000064178939,0.000110552515,0.000158416886,0.000181852397,0.000320454603,0.000887099857,0.002589530215,0.013762412473,0.090024860960,0.244768763301,0.196139402435,0.156687262814,0.183039953484,0.284973520717
0.484747143243,0.455460353072,0.348298060164,0.254807906494,0.179003317470,0.179801673293,0.213980636025,0.127048501765,0.085946725163,0.087475351785,0.216816907021,0.362448911380,0.134076230257,0.064945406588,0.055575939749,0.052166655628,0.041426843855,0.014036245234,0.010003656772,0.014594967282,0.022456054559,0.024591568161,0.023154397087,0.012656399917,0.003590087641,0.000853229811,0.000325552992,0.000388736845,0.000684092872,0.001423419887,0.002930004994,0.004265025632,0.005072674076,0.008404781172,0.025333754018,0.083338399228,0.180725700738,0.161092429261,0.057554264597,0.008150356478,0.000793945971,0.000359141365,0.000508579129,0.000128530308,0.000060602819,0.000058103382,0.000064469729,0.000074785095,0.000096528711,0.000211680314,0.000878065777,0.002432507805,0.004787663593,0.017895910204,0.095630913393,0.319755146703,0.342902782445,0.295607165914,0.263972338662,0.333382953476
0.523627274147,0.431454886054,0.380109747245,0.234136006202,0.113021662635,0.101462373272,0.123006400545,0.094656811300,0.061925745098,0.051159811915,0.147120318248,0.259433840681,0.103242555141,0.049709909182,0.050686931219,0.046214808221,0.020756623830,0.004366925603,0.004224950650,0.012694719250,0.045931041623,0.092044417142,0.099298166658,0.048507571050,0.010650536147,0.001904128794,0.000653093524,0.000782177917,0.001352074892,0.002317090287,0.003627988857,0.004987745838,0.005970238539,0.007776675661,0.019668484701,0.073977677966,0.187454885554,0.216763187868,0.110540090161,0.018895297769,0.002174678295,0.000316800483,0.000122752979,0.000271771834,0.000255443169,0.000277893649,0.000297348089,0.000248723751,0.000148464199,0.000145414677,0.000254147893,0.001671406934,0.008339855225,0.041083796165,0.181790170748,0.432484314000,0.358671646969,0.318072317006,0.329376579162,0.442616719622
0.586439576828,0.400018108068,0.293573606054,0.138277797580,0.060678598565,0.051306717347,0.052990168996,0.055894440490,0.050525369809,0.035853689477,0.067920824239,0.182859623484,0.060749513730,0.015965599264,0.012958610778,0.017769815979,0.017575952431,0.008653394958,0.012344407763,0.045193156722,0.149567089091,0.237664131120,0.233431744585,0.112845817021,0.025129923873,0.004294675168,0.001410637096,0.001554413128,0.001637731897,0.001363764243,0.001680224220,0.002780754554,0.004472183346,0.007568562297,0.022138862913,0.087871909430,0.223111941226,0.253583166759,0.162315658207,0.046784007276,0.009440431710,0.001774466776,0.000584393580,0.000499608365,0.000591934185,0.001202002845,0.001951620690,0.000880427374,0.000117815182,0.000081259726,0.000213105045,0.001647334136,0.009377147821,0.042245853063,0.174305878722,0.432169062977,0.415142358568,0.338573143016,0.336302627042,0.478513903385
0.429857640046,0.263175007579,0.157999055820,0.067513195250,0.034676967159,0.041500977134,0.043341537995,0.042191106903,0.040841658985,0.037354759480,0.064107762903,0.153375703413,0.032647758237,0.007542155869,0.007512094168,0.015969971690,0.029022908422,0.025394793192,0.040490794788,0.102339175373,0.230201874730,0.325587157228,0.271385021296,0.174833664576,0.115058037286,0.024806125160,0.009180553988,0.004709304934,0.001946083996,0.000921092462,0.001299073846,0.002733647752,0.004609407056,0.009220457830,0.027813068476,0.098285479375,0.206903070253,0.238354142028,0.225165475452,0.136892675565,0.059030221526,0.014476860096,0.003266480809,0.001473055608,0.001038711083,0.000740342864,0.000912366513,0.000721948298,0.000509786405,0.000406572172,0.000612564162,0.001802826837,0.006366436018,0.024898150206,0.115885962311,0.372133209546,0.453366447806,0.342342450028,0.259728617675,0.346539534938
0.257967508492,0.174169065416,0.115724240840,0.051023574379,0.024922023870,0.034871783423,0.040031189908,0.052337740046,0.060724729722,0.071737091582,0.140211515949,0.162067257009,0.029602166159,0.010635146479,0.010440736572,0.016706241893,0.028866012672,0.041281370728,0.085304383072,0.171020321225,0.256104606068,0.294974968541,0.220282379716,0.172561713952,0.200041515552,0.068740735353,0.025763835263,0.011645219193,0.004184326915,0.001624846341,0.001991767161,0.003775895992,0.006270533421,0.014223224223,0.036775695639,0.091658098678,0.158011731729,0.199725591044,0.262924110187,0.236704362759,0.163700311984,0.049616030249,0.012626774794,0.005249482088,0.003903115924,0.003124349431,0.004355298017,0.004100110847,0.002879309560,0.002090405975,0.002592740047,0.004938467376,0.011320440560,0.026116061669,0.084872655390,0.264672710043,0.375925638817,0.402502379276,0.333975998730,0.291904445533
0.235442328983,0.139089844836,0.115865873392,0.075140589205,0.040352956320,0.054809873496,0.052702598254,0.068998892360,0.077840026348,0.097665068921,0.213941939168,0.233778794891,0.046090239532,0.019221115565,0.015726186414,0.018536413873,0.028742379527,0.048938329591,0.114621668037,0.219487366644,0.263308633194,0.260173500505,0.174248624586,0.153905852398,0.229606303837,0.064172894503,0.027723810327,0.016859166209,0.008990047837,0.004167095869,0.004489095942,0.007514923040,0.012075002131,0.023651236039,0.046111116616,0.086716186679,0.141118445917,0.183445180467,0.243453781587,0.217874410142,0.167064917223,0.068094242843,0.027725789781,0.013745148347,0.011176638300,0.009161152610,0.011784470204,0.011503731452,0.009074320845,0.007555311508,0.009096075823,0.012922760136,0.020631731187,0.030323973506,0.068439944423,0.184204203168,0.265659794844,0.391478270866,0.402091598513,0.347786095212
0.276151596684,0.181230199263,0.176895842108,0.162039508101,0.103214365232,0.114435858546,0.091339433596,0.101702684663,0.102261263208,0.122703781032,0.196704631113,0.235228297544,0.083279719838,0.036751099839,0.026807278026,0.031656607881,0.049883894029,0.080598969613,0.139263648913,0.204310580841,0.220171636658,0.218395462122,0.151281985496,0.138684863239,0.165877493067,0.055347787122,0.036771148908,0.027442609494,0.019670334983,0.012241280622,0.014498117366,0.024027194802,0.031362578205,0.052220070591,0.091365523203,0.138940228108,0.184537128798,0.183234252000,0.206574952824,0.213271351381,0.164471025175,0.067448839510,0.036685200688,0.021655719812,0.019130731651,0.016296970607,0.018492548131,0.017925421260,0.016266357179,0.016857642311,0.022061291679,0.027512054615,0.034425028258,0.039447019523,0.076729690277,0.174277165829,0.230062667844,0.332325953608,0.384213902004,0.419703135342
0.292473216920,0.190947596311,0.164716640008,0.157661595800,0.125387494348,0.155326131910,0.129006555498,0.137060067737,0.135999614015,0.178324792219,0.232108157509,0.173716315001,0.082320861868,0.048486622641,0.035459995349,0.043046868784,0.066117698453,0.097543034030,0.124055514494,0.140016237912,0.136198150024,0.127063585692,0.092724573201,0.079819125951,0.085887516686,0.054194469838,0.043349250596,0.035708923535,0.031030039710,0.023688590254,0.020206556929,0.023066789458,0.031904213685,0.066317479746,0.134944167095,0.197172597293,0.213758286918,0.181529263444,0.206755684582,0.223025809869,0.191058188425,0.079027743553,0.037192204752,0.018809762726,0.016179771917,0.013802393822,0.014459527297,0.014808886292,0.015531653858,0.019370417818,0.026904676254,0.031555537610,0.034039890536,0.033796901366,0.061448625080,0.137188328791,0.204452163902,0.315328735806,0.375749508251,0.392216544124
0.215225936085,0.121777293227,0.107154779430,0.123356723519,0.124833648611,0.158797251045,0.127960285111,0.136565151685,0.135519451712,0.184708103092,0.237070483878,0.216134337162,0.120509626733,0.063017875992,0.036901651418,0.041133262859,0.063826674998,0.095539112194,0.108811161168,0.098266507659,0.074058608994,0.060761760038,0.046778129292,0.040262986047,0.040760176703,0.058160513271,0.086754272843,0.096045241026,0.072374445761,0.038944740656,0.021503989923,0.022314858891,0.030053681522,0.061957119582,0.134111049827,0.222418077235,0.265756310111,0.227517294219,0.207865466549,0.197951267484,0.271132611656,0.206141097599,0.082607080074,0.021353814626,0.012800785734,0.010077234112,0.010069417440,0.011513466903,0.014065167379,0.019603074068,0.025549668218,0.026475976490,0.025014085927,0.021664878779,0.030172794532,0.064177499336,0.139092084624,0.335967802384,0.438245029284,0.355203323831
0.192006355528,0.106074803441,0.079789676040,0.079046457159,0.079220056036,0.114091414118,0.111602725291,0.125666701895,0.135485740551,0.199024063507,0.301466837991,0.329170652664,0.171727748349,0.059035811602,0.033279065694,0.044988754871,0.077284535939,0.111219301917,0.118153196558,0.097180187937,0.055471969619,0.037607063527,0.032294806909,0.039215633091,0.067305682622,0.117495985676,0.157097914827,0.170607896618,0.145014666153,0.103762596487,0.064173366447,0.056268266027,0.058085371226,0.076066807016,0.140181836136,0.246970153807,0.350862978634,0.300732903889,0.247714473868,0.211026865448,0.272619143181,0.240088280921,0.179764254154,0.066106478448,0.026675167869,0.013383687176,0.011117346564,0.012936260888,0.016283195047,0.022329727189,0.025731181364,0.024360026327,0.019502012420,0.011615481554,0.011520674468,0.028844624457,0.106317488203,0.352545847796,0.422058038361,0.302059156212
0.174105880156,0.098968386853,0.070199856533,0.062699603397,0.060269219421,0.098568924132,0.109367173754,0.125266120144,0.142191817302,0.234749436500,0.459056518962,0.508030167531,0.209110710225,0.059642405462,0.039218128932,0.053083890672,0.077321320297,0.095136529025,0.088150474523,0.077528253850,0.050011063598,0.033074751776,0.030282195013,0.044244507969,0.080500060412,0.121435078030,0.113377873648,0.091083015477,0.086719044235,0.071216470281,0.057118739399,0.067352839690,0.081059831424,0.077575551577,0.122232277149,0.237646918416,0.405528611430,0.366407872823,0.299092550272,0.221504100790,0.202543092723,0.180402574710,0.152148104276,0.087718597639,0.041641967118,0.015359350934,0.011387397156,0.013217983163,0.016300045585,0.020548840575,0.023253330984,0.022537792138,0.020523385999,0.013945910688,0.014322953678,0.035087753808,0.108469692173,0.315869208018,0.361126998023,0.257556878311
0.137489455251,0.107986070107,0.086005613263,0.067836598851,0.045555291660,0.060688050789,0.068669392250,0.085062125440,0.119317301866,0.311490047332,0.731632718459,0.510604076761,0.178750152982,0.070973298670,0.052975857869,0.051376464383,0.055079935654,0.061861340286,0.053984968809,0.043342672707,0.032678893104,0.028192986519,0.031411076514,0.045094546706,0.056333895056,0.050699392752,0.040984589090,0.028511936752,0.027870581486,0.030977856384,0.036004197877,0.035037147339,0.029232416356,0.060446333873,0.128155260202,0.270976921101,0.411619051132,0.348768428759,0.252650752399,0.183722003008,0.161908574727,0.139889647872,0.094405204237,0.043590475703,0.023120085730,0.012140244671,0.011111254138,0.013679118712,0.016534585473,0.021292052750,0.026958486137,0.025714968748,0.023999623856,0.019951311792,0.024989426847,0.058247603989,0.112957403015,0.223742514325,0.217144396748,0.157224052459
0.157801069847,0.121992090372,0.048665329233,0.022244244166,0.013489683302,0.027818054791,0.051660139245,0.073688250629,0.085837795986,0.169770861821,0.617348412729,0.806578029193,0.250711020422,0.071499029027,0.048617710650,0.036074203213,0.036552810301,0.042699322053,0.040079452054,0.028460926720,0.015874153783,0.012823202073,0.015240957392,0.025023524903,0.032823561790,0.038525240803,0.033564211738,0.018025280975,0.012220429203,0.012379088165,0.020395268078,0.034503706419,0.032220686399,0.041993876841,0.080136151750,0.185164078905,0.272414340550,0.224850567168,0.183525499266,0.150563079649,0.112823285509,0.070775502541,0.043162397262,0.022120195355,0.019536405039,0.015528667627,0.014410908406,0.015726683017,0.015805049366,0.016578687134,0.018379581031,0.013757952594,0.010214412008,0.011178010909,0.025632092194,0.071507048773,0.078099417353,0.085700133099,0.078717776696,0.097854886217
0.108421215282,0.083650842144,0.030583199375,0.014329765106,0.008421364466,0.015601192577,0.024056207147,0.032755476407,0.041742268039,0.109810337032,0.540443221123,0.855198879909,0.275564759470,0.068304023595,0.031413722022,0.019890407223,0.018603502789,0.023628248848,0.029273918040,0.025711668194,0.012749741403,0.007082037162,0.005712546824,0.009059439345,0.014418309880,0.024969861032,0.025261577527,0.012100793125,0.006400681998,0.005440477942,0.009047652876,0.020933231670,0.029015773274,0.038000385168,0.051039442977,0.084023346382,0.122503466248,0.132815804073,0.153281656356,0.123296940000,0.056985807911,0.019190315438,0.012601321057,0.011804782395,0.016789088014,0.016612055352,0.013961059292,0.012955892840,0.010693496850,0.009230111427,0.009140591686,0.005840245343,0.003986549175,0.005443142896,0.016237710130,0.044800792899,0.037047476907,0.034427352071,0.034907070973,0.054426620133
0.065298010902,0.061623182798,0.032398589663,0.017229330199,0.007275141109,0.006259490898,0.005206881169,0.006296441416,0.014459565313,0.141890152233,0.799635953286,0.619367840584,0.136535738989,0.057653556161,0.051418035118,0.025197665073,0.012324871113,0.012037025745,0.015869088967,0.015917986476,0.007914452013,0.004445675104,0.003489657763,0.005946750318,0.009942129024,0.016650271841,0.015300504035,0.007467815294,0.004295608697,0.003784943596,0.005412200374,0.010352627491,0.017637576686,0.031902402420,0.040435312208,0.052808733820,0.062493642646,0.088252108287,0.147536289190,0.133921514983,0.047402414082,0.008293020844,0.005539553944,0.007715815100,0.014254288477,0.015092815395,0.010319991784,0.007427436730,0.005215442022,0.004058208077,0.003817504943,0.002361782201,0.002143151288,0.005030103665,0.015858772592,0.032085945178,0.017128628793,0.012920501901,0.014954056886,0.028027715365
0.041231355406,0.047627721280,0.029299446692,0.010199766620,0.003547572290,0.002689678164,0.002390149628,0.002602499461,0.020043288676,0.292764401401,0.903509839505,0.349760116452,0.096088010182,0.075157554964,0.070101761987,0.036330224511,0.016685171271,0.008711499615,0.008320795789,0.007274822898,0.004605158808,0.003322655037,0.002899082076,0.004944091937,0.007321974988,0.010087646500,0.008654078253,0.005337574109,0.003968813723,0.003848563067,0.004271689104,0.005538563456,0.007595997685,0.016773617820,0.028847775782,0.053042406058,0.068316792810,0.104191670769,0.137554224753,0.084846925905,0.031623642839,0.007700880814,0.003582690388,0.004853583324,0.009401702955,0.009540451561,0.005529383306,0.003546163553,0.002713454875,0.002374051138,0.002273955550,0.001355352114,0.001378326394,0.003859694549,0.012964400916,0.023602015325,0.011847087171,0.008214557799,0.009448961385,0.016789889707
0.028010891859,0.034537274689,0.020703267984,0.005503079091,0.002241666358,0.001831193454,0.001517410476,0.001344488180,0.024919937387,0.426104967068,0.869898986935,0.290318009128,0.111612375110,0.092018823972,0.073353665325,0.037441874461,0.026889250255,0.015633161340,0.006127125227,0.004469784595,0.003154219582,0.002360780033,0.001791690864,0.002502169603,0.003259279033,0.004573510308,0.004926196613,0.004548718426,0.004354486120,0.004262683343,0.003482452356,0.003653829633,0.004543044283,0.008259504911,0.016473803602,0.039206799479,0.070014292094,0.111625135512,0.115152318962,0.045431123493,0.012242065688,0.003517056028,0.002102679405,0.002584867130,0.004395579548,0.003953058189,0.002288550957,0.001662487306,0.001600946705,0.001628139930,0.001565895398,0.000857290104,0.000790623078,0.002180301981,0.007865835698,0.016977524710,0.010807252756,0.007097545504,0.006914387057,0.011163104145
0.014940206638,0.021699696978,0.018854832500,0.005020254097,0.001178660689,0.000760398567,0.000549550659,0.000394949611,0.010142627786,0.315089144350,0.925364238934,0.290597133189,0.089083293389,0.058841010216,0.049851237240,0.034728089939,0.028708436035,0.016819128371,0.004820031904,0.002116089012,0.001650439320,0.001269235072,0.000756285695,0.000758349880,0.000816365336,0.001328261437,0.002271434428,0.003709402620,0.004533903888,0.004221978253,0.002593657564,0.002223128231,0.002372429019,0.004578221719,0.010950236433,0.029638964585,0.054905223799,0.079644994131,0.070919746059,0.027857745057,0.009184417679,0.002934356502,0.001195372132,0.000734522716,0.001294311294,0.001159802039,0.000609600211,0.000596849026,0.000756004347,0.000835138194,0.000726284910,0.000355442905,0.000345769347,0.001462837161,0.006676931698,0.013881995646,0.008049867183,0.004182483709,0.003483628389,0.005519146443
0.016771172503,0.019359955876,0.013725934175,0.002497752847,0.000452269867,0.000353797728,0.000336540616,0.000317207542,0.003569956279,0.183941961326,0.948305096796,0.333337661696,0.064575697683,0.024171750977,0.024545225179,0.032099914472,0.038807182132,0.014220769877,0.002753308780,0.001248090869,0.001243673409,0.001023216348,0.000504393887,0.000369355479,0.000311969777,0.000498384151,0.001205823670,0.002781329624,0.003312758088,0.002231214122,0.000973639158,0.000743393131,0.000856178156,0.002288811243,0.008296316289,0.024288566734,0.032149776796,0.039401636596,0.043999460901,0.031497023536,0.017234476886,0.005523253848,0.001369215748,0.000450358370,0.000622943840,0.000896565426,0.000374574759,0.000420043928,0.000566543353,0.000624647013,0.000525089071,0.000266383552,0.000291786851,0.001241568341,0.005474492077,0.011171195145,0.006314696793,0.003392335019,0.003278914656,0.006237373118
0.016539524942,0.013441318992,0.007196538977,0.001317666597,0.000365275841,0.000344899530,0.000365075777,0.000406008594,0.001762586080,0.118661682330,0.950881047480,0.328639244799,0.038994858054,0.010898337201,0.015624177904,0.025734349804,0.032719443217,0.021653704515,0.006313220006,0.002113839341,0.002889189987,0.002628428779,0.000998767449,0.000435888113,0.000258976492,0.000343299676,0.000872590161,0.001869037236,0.001879726913,0.001050498380,0.000357343606,0.000216849520,0.000218937749,0.000823144876,0.005319768465,0.020356146349,0.023704928855,0.022322750409,0.025372320840,0.028582141729,0.024119067619,0.010550209996,0.002784367010,0.000780097888,0.000904207074,0.003580266861,0.001047486824,0.000756635699,0.000725529490,0.000686164302,0.000616252466,0.000402582296,0.000486524742,0.001227907986,0.003821126820,0.008103293840,0.006147509117,0.004341011927,0.004590527932,0.007941227574
0.012119850921,0.006907921179,0.003115232523,0.000870163640,0.000539985926,0.000543289134,0.000557412945,0.000621299978,0.001792123333,0.122711955710,0.969859466762,0.251917232892,0.024322373676,0.006005987942,0.010061562287,0.021885633473,0.028488019581,0.023755589113,0.009385840159,0.003621077117,0.005043841911,0.004699228941,0.001590882484,0.000510967437,0.000227522149,0.000218780226,0.000491929699,0.000920914955,0.000911247762,0.000525356621,0.000189463957,0.000127299787,0.000158299727,0.000956187531,0.008343236895,0.022564894381,0.014611610831,0.009812144157,0.011837145901,0.018033731900,0.019926307077,0.011970818005,0.003946159693,0.001255082791,0.001215176731,0.005290933452,0.001770515017,0.000866152034,0.000764785489,0.000792985930,0.000933575798,0.000769019203,0.000650723629,0.000731264758,0.001747803360,0.005726983243,0.007987676936,0.007072095149,0.006637312628,0.008617920650
0.005973693517,0.002439103912,0.001969693808,0.001168095120,0.000813870898,0.000851895213,0.000826996822,0.000857718674,0.002029528769,0.144338753950,0.981730049259,0.153365232039,0.008825716034,0.001586528014,0.002519328574,0.008208960930,0.018717313794,0.021874514925,0.010049667668,0.004264637246,0.005627290240,0.006144740765,0.002082756483,0.000507551793,0.000178853278,0.000145737277,0.000315127170,0.000601743787,0.000743911132,0.000516938326,0.000205969846,0.000134663493,0.000155460498,0.001031407110,0.010357055860,0.021800904780,0.008783958485,0.003464625123,0.003856728280,0.009518021097,0.017803561469,0.013402026931,0.004274842955,0.001407049511,0.001819589911,0.005769407469,0.001257665232,0.000784176635,0.000843042945,0.001027843584,0.001349911244,0.001097394257,0.000581384980,0.000309180056,0.000541802358,0.003165173171,0.009749860160,0.012513226866,0.009773459340,0.007508249991
0.006222049706,0.002361380769,0.003643518818,0.002197566572,0.001057670022,0.001017724209,0.000859521679,0.000766568911,0.003374906050,0.224325605999,0.967089566235,0.138493647615,0.005439529229,0.000728391808,0.000927729953,0.003282815966,0.013353681245,0.021305783834,0.010653442980,0.006880095572,0.005695689091,0.006347280429,0.003493015662,0.000814794888,0.000218916171,0.000170160763,0.000438888596,0.001362040275,0.002415319663,0.001633136917,0.000493582363,0.000229602933,0.000230129498,0.001577162423,0.013633038429,0.018783620142,0.003817315109,0.000758521201,0.000844284140,0.003934871672,0.014469569050,0.014104285233,0.004806005529,0.001999887175,0.002659334496,0.005822622081,0.001807784491,0.000505402905,0.000621984746,0.001106205918,0.001609687124,0.001331880104,0.000597384526,0.000242669530,0.000300386421,0.001826756637,0.007281316667,0.014017043774,0.013332826201,0.010027285190
0.005485270518,0.002962706118,0.004778731276,0.005304570551,0.001524216807,0.000869990111,0.000595899395,0.000481723085,0.002612500850,0.190585302005,0.976785248931,0.108514967781,0.003718581439,0.000388960610,0.000323102848,0.001189214506,0.005444334914,0.018016680190,0.013834318243,0.006684115865,0.004554366374,0.005856212332,0.004167272057,0.001240013513,0.000463939273,0.000461103000,0.000689239529,0.001350191822,0.002532298857,0.003072785311,0.001812719539,0.000750513056,0.000432326486,0.001540718794,0.008836256094,0.016934411788,0.006928934955,0.001994730354,0.001386132026,0.002648582091,0.005739378924,0.007057632073,0.003653798802,0.002046903657,0.002796240543,0.006320057594,0.000908543774,0.000385746081,0.000637011287,0.001623336692,0.002366418343,0.001657496567,0.000555229581,0.000169884806,0.000119301273,0.000509517888,0.003510986080,0.013371511456,0.014629821336,0.008789813325
0.004821515625,0.004553097163,0.008370841690,0.006461749401,0.001532439316,0.000741005738,0.000429431091,0.000363041831,0.001929425157,0.192405940768,0.973144598170,0.138038279148,0.005019967854,0.000562085845,0.000710105472,0.003021727958,0.010063902541,0.012513863684,0.006927376140,0.004939138945,0.004817368829,0.005786305768,0.004779745368,0.002110528706,0.000858947839,0.000594549420,0.000977049211,0.001954031439,0.002671649749,0.002142790429,0.001622154419,0.001522585567,0.000971909224,0.002021060631,0.006963352031,0.014873567484,0.009363054338,0.003963700712,0.002453119669,0.003001909808,0.002618239075,0.001982762195,0.001844115881,0.001570199315,0.002037168564,0.008836327867,0.001882783050,0.000307081800,0.000537828196,0.001462184881,0.002374095183,0.001848976606,0.000770104709,0.000328308583,0.000314584032,0.001322973418,0.004804499837,0.009617402293,0.007441860022,0.004409658176
0.004020288163,0.005086479234,0.009451941690,0.005989302790,0.001631673618,0.000705616508,0.000375178092,0.000306639508,0.003107634258,0.178813807665,0.971858598332,0.166583721147,0.007611854233,0.001036429282,0.001220503248,0.002775488937,0.004999801838,0.005370161114,0.004176828570,0.004333488166,0.005376344798,0.004636788036,0.003259435291,0.001992042879,0.001401804554,0.001262073321,0.001622328620,0.002277031250,0.002848748133,0.002808110606,0.002162558345,0.001665543911,0.000955721659,0.001566277597,0.004164831210,0.009577217687,0.011285140891,0.009365052881,0.005737015171,0.003132231674,0.001074843827,0.000828240173,0.001130234210,0.001088840166,0.001658008981,0.006493362875,0.001357695864,0.000238586524,0.000412413391,0.001120701323,0.002172869726,0.001986599353,0.000914552907,0.000428907961,0.000465365276,0.001618059318,0.004535594900,0.007707260231,0.005556231063,0.003218395158
0.003511136038,0.007560363381,0.015647872575,0.007828621066,0.001563653194,0.000536949237,0.000291641490,0.000234455307,0.001513174583,0.128335428953,0.964909196441,0.246492176028,0.011816824518,0.001029187074,0.000555625349,0.000780061423,0.001998885288,0.003908566357,0.004525136155,0.005124461171,0.006304655689,0.004885203641,0.003429006459,0.002150134888,0.001516941321,0.001293063282,0.001544682620,0.001961554372,0.002215439734,0.002287008662,0.002166879445,0.001602272115,0.001028182339,0.002146973325,0.004943455659,0.008628206812,0.009205289555,0.008028895912,0.005762607667,0.003526690906,0.000937116805,0.000833163572,0.001120628534,0.000914025958,0.000918871729,0.006796698631,0.001788861988,0.000267883688,0.000461336609,0.001119348224,0.001938604837,0.001898235983,0.001046613147,0.000657516772,0.000794909687,0.001990845519,0.003608552128,0.004341427976,0.002966082228,0.002076800715
0.002800745336,0.007906845539,0.017490734634,0.007857386582,0.001460962747,0.000360729873,0.000192525891,0.000184643673,0.002236523461,0.101501935384,0.934823698845,0.359457350500,0.019220938499,0.001335865813,0.000481173511,0.000500344469,0.001213356323,0.002411841042,0.003517504914,0.004834745185,0.007197101658,0.006187405286,0.004738316805,0.002923802829,0.001858628783,0.001590600641,0.002297163917,0.002930671645,0.002260692652,0.001536130892,0.001137979946,0.001096946116,0.001309124666,0.003360613013,0.006563401410,0.009877743654,0.008797459486,0.005616086970,0.003676070518,0.004078490231,0.001862769829,0.001461838358,0.001669094935,0.001120359359,0.000948515324,0.008288629084,0.001700754117,0.000244203786,0.000395286912,0.000869991312,0.001559627957,0.001977170003,0.001336321324,0.000852961082,0.000769969516,0.001296712392,0.002475452706,0.003353737972,0.002276820512,0.001486433119
0.003264762668,0.009324688023,0.016607579719,0.007350998342,0.001847486311,0.000448022022,0.000240347656,0.000287006427,0.002873781774,0.084941467475,0.866579957223,0.511874071867,0.033014921243,0.001150025656,0.000260157785,0.000225978415,0.000718451584,0.002246004478,0.004123578780,0.005603446159,0.007687703176,0.006385933093,0.005253265185,0.003563922001,0.002312126558,0.002132209518,0.002902838781,0.003008483692,0.002223265614,0.001524835213,0.001131539590,0.001154845698,0.001720171037,0.004707699950,0.007670238207,0.009157574448,0.006801944948,0.003521450275,0.001761866283,0.002243577164,0.003383112687,0.003471669161,0.002138438501,0.001097490665,0.000745878763,0.005031620108,0.005469936670,0.000335598132,0.000283057727,0.000767981946,0.001616434861,0.002238552348,0.001488628189,0.000807086885,0.000576163994,0.000717428193,0.001353527991,0.002511920212,0.002166103968,0.001623988872
0.003677313404,0.009575948999,0.014382885961,0.007039353052,0.002239551379,0.000535489427,0.000276616097,0.000259601030,0.001681324926,0.063204462428,0.838514989192,0.561375768894,0.027877638803,0.001198757150,0.000352964479,0.000342894504,0.001020925509,0.002335524461,0.003903463957,0.005354038428,0.006666246609,0.005570147446,0.004942536666,0.003582499916,0.002118667496,0.001843522756,0.002708993038,0.003116046459,0.002009178275,0.001603435736,0.001746180379,0.001736703416,0.001772743349,0.002668414301,0.003959437119,0.006718803881,0.006596709808,0.003670087370,0.001837139825,0.001760565828,0.001822896736,0.002209972158,0.001832063077,0.000974329520,0.000901478000,0.012112470474,0.007526127709,0.000250785153,0.000199861202,0.000835528476,0.001994322469,0.002322971300,0.001242928890,0.000625652404,0.000554442512,0.000832588096,0.001532262051,0.002267808970,0.001766675254,0.001501686278
0.002387408779,0.005212561944,0.010880274850,0.008077794582,0.003093172521,0.000784216920,0.000319533576,0.000234249948,0.000992450681,0.034497678185,0.788305806336,0.639244501785,0.037337754059,0.001362109125,0.000295934041,0.000269907720,0.000859626721,0.001957163639,0.003514452022,0.004850598489,0.005629848912,0.004167446210,0.003395785734,0.002723476764,0.002210169065,0.003032718308,0.003667919795,0.002512570436,0.001276595173,0.000899499546,0.001145937663,0.001472158138,0.001365414141,0.001859682309,0.002701860192,0.005101875244,0.006797123128,0.005644060854,0.003549280805,0.004067506551,0.003660467448,0.002856986622,0.001771763628,0.000858296210,0.000356280253,0.005603941699,0.007612179199,0.000369886769,0.000131928176,0.000495696773,0.001507928005,0.002136410890,0.001282647939,0.000727503477,0.000761010234,0.001141111428,0.002621878583,0.004811576364,0.003346383367,0.001886455762
0.002273691168,0.005896729880,0.009063890654,0.005583997517,0.001857542564,0.000369066880,0.000151744647,0.000142494959,0.001092510054,0.043059682381,0.724531629019,0.714598273001,0.037399852704,0.001190172502,0.000214929779,0.000137052721,0.000513334335,0.000894051346,0.001733306824,0.002980062867,0.004323200672,0.004002023120,0.003550541201,0.002851872989,0.002156591918,0.002743169145,0.004028576831,0.002947062837,0.001548814158,0.000993585964,0.000790983744,0.000721825905,0.000515532419,0.000679296160,0.001317526827,0.003814453121,0.007848998789,0.007746301391,0.004459208927,0.005939370152,0.007372173654,0.006180742287,0.002733684811,0.001088711976,0.000922906204,0.005682714240,0.004521799105,0.000284603753,0.000176542470,0.000417271341,0.001072376329,0.001642585959,0.001155206637,0.000744624436,0.000718780019,0.001732303646,0.004091410427,0.005910759777,0.003492459319,0.001712860565
0.003072094455,0.004208221392,0.006061660394,0.004909514816,0.002706981978,0.001013476224,0.000545469498,0.000393671871,0.001322397864,0.029336825856,0.599564170371,0.816473319659,0.068327886721,0.002238058245,0.000248603703,0.000092751921,0.000152197044,0.000334129854,0.001067171445,0.002480096189,0.003798960981,0.003237244254,0.002989514600,0.002810169957,0.002662183318,0.003476777233,0.004454751795,0.003260641774,0.001633143090,0.001102619806,0.001039840127,0.000958589851,0.000721640304,0.000897162921,0.001586117305,0.003734136781,0.006370397323,0.006837736388,0.003831218797,0.003261865640,0.004475946936,0.007375830543,0.004852136842,0.001668981503,0.000793944161,0.003568729517,0.006031063806,0.000727422103,0.000071135569,0.000242171759,0.000915752514,0.001715499147,0.001323993094,0.000967512297,0.001238980549,0.002610938203,0.004164540679,0.005513186108,0.004045904690,0.002520678917
0.002961645445,0.007660862857,0.010310815353,0.005489964174,0.002318525643,0.000632238453,0.000277677226,0.000215727609,0.000902341365,0.022125020781,0.494603407668,0.882940127570,0.077779394257,0.001295512328,0.000081407033,0.000050000000,0.000075726718,0.000521952983,0.001615018981,0.002387257850,0.003091972329,0.002431355675,0.002484716752,0.002800400410,0.002769283774,0.002849107548,0.003521837435,0.002710016143,0.001402388800,0.001147268689,0.001819571718,0.001703006805,0.000893553849,0.000893850497,0.001277003865,0.002803650081,0.005551550482,0.007470211775,0.003265523246,0.001602938294,0.001370139616,0.003663204178,0.006177210981,0.002921222540,0.000700806872,0.001971802710,0.004951616803,0.000935574322,0.000077132965,0.000205662050,0.000752303034,0.001382519287,0.001154004559,0.001211668996,0.001781223666,0.003367410383,0.003794653762,0.003348718631,0.002177794732,0.001592991373
0.002740463780,0.009435147285,0.012943905506,0.004407201254,0.001466176183,0.000376478495,0.000167052655,0.000156861384,0.000966742376,0.018948726331,0.409920870664,0.921977897333,0.081261358893,0.000736090322,0.000053786015,0.000050000000,0.000054209871,0.000506795528,0.002658736672,0.002650287377,0.002504020241,0.001560046655,0.001541975911,0.002095856027,0.002534661793,0.002484016550,0.002586168721,0.002119072616,0.001441764028,0.001596437643,0.002911694173,0.001996119599,0.000467787257,0.000319991796,0.000443320807,0.001561060005,0.005665189550,0.009153538872,0.003052385487,0.001088523823,0.000782804461,0.002857890893,0.007020937839,0.003742950512,0.000955223845,0.003465210642,0.009301888985,0.001248077338,0.000128594588,0.000331184825,0.000821641388,0.001034189577,0.000665658492,0.000738799794,0.001333422460,0.002917155619,0.003564185477,0.003154066456,0.001933107152,0.001335867963
0.007451380325,0.011090647023,0.010036969231,0.002657772399,0.000624151716,0.000147158257,0.000083366914,0.000091701069,0.000480023200,0.013538655102,0.446545777306,0.899618442991,0.082777180483,0.001273944651,0.000096351942,0.000056175444,0.000196012553,0.001092350230,0.002472709337,0.002502927760,0.002272185685,0.001322070112,0.001181254643,0.001360238652,0.001540296926,0.001777111358,0.002024213917,0.002036330618,0.001703556738,0.002531293853,0.005083410331,0.002350803087,0.000397165731,0.000157705511,0.000463505133,0.003223444918,0.009642221404,0.008570740627,0.002153302059,0.000608277045,0.000403182670,0.001409598460,0.003939880485,0.003050115620,0.000804683729,0.004273436115,0.010975000695,0.001193704119,0.000164570641,0.000407697332,0.000762233655,0.000628157700,0.000357508577,0.000407033997,0.000731206531,0.001641060495,0.001745288851,0.002604344970,0.003400694123,0.004124667368
0.005317126449,0.007721060085,0.005343379403,0.001546738039,0.000346712539,0.000085017581,0.000068074397,0.000068220887,0.000163571746,0.006943486244,0.417519531057,0.909558299747,0.083457097759,0.001383550898,0.000139953090,0.000172418075,0.001508474097,0.003432760579,0.002358804251,0.001807552326,0.001456467896,0.001061682396,0.000965516968,0.001012683350,0.001216467708,0.002219491673,0.003979029375,0.003445240662,0.002626858671,0.003385389076,0.004341196278,0.001876054956,0.000466179709,0.000256580499,0.000886108030,0.005982993545,0.011505286786,0.007083574044,0.001773400090,0.000568343500,0.000414184915,0.001260642670,0.002204720183,0.001512778579,0.000516387336,0.001645662373,0.009423946823,0.001686698615,0.000147973920,0.000378983632,0.000934845929,0.000831900031,0.000392154469,0.000231844811,0.000400755252,0.001479474657,0.002094634937,0.002718451591,0.003331629544,0.003270538160
0.004454172367,0.005388108562,0.003504968322,0.000804645728,0.000189798893,0.000098939375,0.000091726664,0.000075789486,0.000117316150,0.006066843421,0.402142337075,0.915027084282,0.080677243351,0.001483337515,0.000153825514,0.000272212670,0.002560133992,0.004698487967,0.002109349591,0.001718039859,0.001590862077,0.001394684539,0.001018169920,0.000675475437,0.000760491011,0.001975432494,0.005122826881,0.004613837515,0.003737901222,0.004810764731,0.004942611700,0.002064516977,0.000674432405,0.000438961635,0.001418852910,0.010054213658,0.013568069233,0.005504343581,0.001322313602,0.000615085512,0.000941874742,0.003132736835,0.002024192568,0.000488323177,0.000241002979,0.001009150445,0.004007013293,0.000488057932,0.000163841639,0.000417711218,0.001431708589,0.002171354012,0.001297083110,0.000615939394,0.000478313511,0.000659880571,0.001065176081,0.002723160651,0.003817503047,0.003677598039
0.004011549418,0.005434825059,0.005931305440,0.002284777064,0.000502137037,0.000168334652,0.000117044925,0.000091599167,0.000158108967,0.005477805556,0.327408728668,0.941419265692,0.122652614992,0.002643221048,0.000191887686,0.000242304426,0.001484228886,0.002835347347,0.002195531531,0.002469609082,0.002656174438,0.002679179320,0.002199524818,0.001239006731,0.000948805974,0.001218600499,0.002687242185,0.003710099225,0.004187786884,0.004361413289,0.005210157867,0.003546695600,0.002245733219,0.001879685535,0.004097594723,0.015006777856,0.013294896898,0.004614636835,0.001220258622,0.000748826456,0.001447598237,0.003076016639,0.000884809213,0.000203132569,0.000168994552,0.000827397150,0.004130929417,0.001656233187,0.000233418724,0.000410360727,0.001514889567,0.003626497070,0.003128368432,0.001577149045,0.001123663297,0.001766007905,0.003085908775,0.006436379889,0.005889064683,0.004094833419
0.006025847499,0.008547241175,0.008607452762,0.003902379058,0.000754028615,0.000201520642,0.000117033760,0.000111714458,0.000292034446,0.005357198069,0.260054823959,0.957373725442,0.168626714091,0.008321057933,0.001013551198,0.000715172073,0.001381819360,0.000513711489,0.000575067993,0.001719274509,0.004377091634,0.006073434342,0.006982333568,0.002623391470,0.000891164567,0.000562179818,0.001419541444,0.003416605145,0.004436213843,0.003190892416,0.003615728160,0.003823158485,0.002191390229,0.001545743566,0.004686120589,0.018952259453,0.016242334822,0.008677967104,0.003115633217,0.001535530429,0.001992675460,0.001971182519,0.000395963614,0.000139258029,0.000228139022,0.001107727980,0.005508178721,0.002373860002,0.000509453811,0.000529347173,0.000980604604,0.001669324140,0.001785060217,0.001899262066,0.003150806052,0.008024149049,0.009804535457,0.011180326622,0.006646895305,0.004908495990
0.011810284711,0.015562152898,0.015004253007,0.011159837902,0.004237204461,0.000939149443,0.000183753007,0.000110939980,0.000209192370,0.003861958098,0.219669504898,0.946889740862,0.263373766766,0.018531522403,0.001904107771,0.000819745405,0.000610470612,0.000400623616,0.000454058762,0.001532546543,0.006489475233,0.012506158127,0.010860983718,0.002775371556,0.000813833784,0.000631679707,0.001699357705,0.003708974118,0.004274232659,0.002570497887,0.002515555081,0.004231107663,0.005902509866,0.006446932002,0.011201935555,0.016344106525,0.010352177671,0.005202895238,0.003877169021,0.003895905351,0.003635781657,0.001480879029,0.000275154754,0.000140830085,0.000229292009,0.001144816510,0.003842232543,0.001914226396,0.000505429431,0.000391894021,0.000839722591,0.002541373413,0.003856128626,0.003470755693,0.003598817650,0.007533305084,0.012038782602,0.013282365554,0.008745142016,0.008771244799
0.028666677681,0.027951448181,0.020138305392,0.014938101062,0.008891396533,0.003249280223,0.000639556798,0.000255206165,0.000362453340,0.004265999917,0.173401267059,0.908119470931,0.403757646182,0.027933872450,0.002055895412,0.001060653730,0.001134656747,0.001246346840,0.001745352040,0.004953642899,0.013464792309,0.015944558757,0.008079294310,0.002448561336,0.001229056635,0.001465198386,0.003755088893,0.006067417126,0.009103506640,0.010182807209,0.011748311813,0.013341234866,0.010150577978,0.007238165958,0.009427324494,0.011689826691,0.009377458944,0.006577325502,0.006459612944,0.007858274423,0.008418527922,0.005220164914,0.001242986906,0.000304482433,0.000325509709,0.000810503949,0.005668821445,0.007957543054,0.001473906090,0.000827987099,0.001725654026,0.003771124431,0.004345392826,0.003017282390,0.002359944406,0.003852090917,0.008129966943,0.017288116897,0.023197372741,0.027994784591
0.057077560272,0.044512092674,0.024846851191,0.015479790241,0.009317040819,0.005502476214,0.002030736044,0.001099409386,0.001242548667,0.006359245910,0.129202659394,0.799503455508,0.598761088138,0.034810076683,0.001690019682,0.000909569853,0.001221107002,0.002280304113,0.005053030564,0.014045417104,0.027340747884,0.021650458910,0.006829177338,0.001538689690,0.000668443044,0.000803592982,0.002440484383,0.004912952823,0.012423244751,0.019156505746,0.019719013684,0.018823785961,0.011492861992,0.006662007881,0.007624647179,0.010161754733,0.011636976293,0.011371800821,0.008369036823,0.005261796589,0.004514183864,0.004484723237,0.002948924431,0.001141486951,0.000651883599,0.000713493405,0.010583744889,0.043511571219,0.003797125509,0.001753957348,0.002598649167,0.002951171203,0.002526609209,0.002171279635,0.002113564237,0.003339043527,0.006243842857,0.016723354611,0.035942698391,0.057804151782
0.101081427082,0.075776643266,0.039572674982,0.021406852047,0.012741419142,0.010075783346,0.006626105397,0.005581025297,0.005357347947,0.010775253933,0.079467312843,0.518626696249,0.831512790426,0.140840903853,0.005829401940,0.001349117740,0.002494059852,0.008530211777,0.024910790966,0.037486342144,0.033219132424,0.019364136528,0.006601930531,0.002059248525,0.001095890041,0.001214272099,0.003421047041,0.007397587271,0.016468972658,0.025825805507,0.036638404219,0.046752636591,0.040322590134,0.025614743710,0.018175163986,0.018034774889,0.021611771098,0.021797051500,0.011706426931,0.004035065248,0.003460639130,0.007614473174,0.013715382837,0.006996954884,0.001951589348,0.000891178406,0.007310829539,0.060003223070,0.014732831006,0.004816750837,0.003621146113,0.003064069616,0.002881433517,0.002901115039,0.002265005219,0.002471012204,0.004052538646,0.013228158760,0.044416593536,0.095717681866
0.144077211632,0.107893503484,0.053030921980,0.027068274506,0.017263965371,0.017500405290,0.015859869508,0.013562759426,0.008500077948,0.008672329552,0.037093332195,0.281484926416,0.793452880676,0.467221856571,0.089190308147,0.024183984010,0.030243213798,0.077630498197,0.067422357009,0.046866372442,0.026415014495,0.014279381599,0.006052423955,0.003076925175,0.002344792472,0.003489363580,0.007535251602,0.012656806171,0.021528141554,0.026483532363,0.044376645171,0.087445175891,0.104352321142,0.068194980335,0.037721048379,0.028535731753,0.028811768741,0.030654016398,0.018496596413,0.007389993035,0.009067461176,0.018298793469,0.028346168293,0.015315114561,0.004537162630,0.001567897203,0.010712450206,0.074977399344,0.039086264381,0.011307726885,0.006037520701,0.004624332604,0.003869815138,0.002865849419,0.001584949215,0.001781355483,0.004949353647,0.026564125519,0.073350038750,0.124385271607
0.184453238550,0.092062335497,0.029511389994,0.013717963748,0.012138903335,0.016680932051,0.018176948729,0.015285449455,0.008495108233,0.005526806072,0.009555898507,0.077317493444,0.476531702339,0.773874416297,0.281752816958,0.064450217406,0.044356272560,0.056568085031,0.053977626611,0.032484010878,0.011343384459,0.005206277078,0.003648134925,0.004096752453,0.004816560319,0.005194273684,0.004811717266,0.004734119624,0.006591479463,0.012351101351,0.040514366050,0.096978807655,0.076759949431,0.029902013227,0.015719550335,0.016648655524,0.030401217387,0.042853437206,0.034148069316,0.013773988239,0.006738470688,0.005219490257,0.012025986320,0.022735664279,0.023678907455,0.007183147368,0.002594173242,0.030118905527,0.062821822408,0.006861619367,0.002297372099,0.002415773550,0.002087031063,0.001332541422,0.000945168219,0.002114375974,0.006483943495,0.028156900015,0.083881135369,0.168959059729
0.204465905137,0.099189225607,0.026679719243,0.010110636350,0.008001953899,0.009335559962,0.010259658391,0.012474014613,0.012293837956,0.010180250285,0.006919285126,0.012469409216,0.096917639334,0.615626221241,0.699354520573,0.211809983652,0.074460399701,0.069166995828,0.062774168737,0.029733078624,0.007757648185,0.002853286248,0.002178585403,0.003220451236,0.004944031322,0.005872602479,0.004085338286,0.002832619872,0.004279103312,0.009311435923,0.024497769962,0.048894318931,0.064130648655,0.063281488457,0.044639779756,0.031414585281,0.035858709620,0.041978658328,0.035499371720,0.010919000444,0.002253719635,0.001055340863,0.003766496078,0.019509847778,0.049515716347,0.020665345328,0.003778918975,0.014185334681,0.042520841780,0.011648180107,0.001752072748,0.001038696070,0.001386200653,0.001713463903,0.001721341496,0.003415191349,0.006110035258,0.020540253297,0.071757395755,0.174565288203
0.236660301177,0.123218529555,0.028479209427,0.007747530024,0.004273937496,0.003441029877,0.002937420792,0.004554895220,0.007379148251,0.007423167604,0.002992760150,0.001654939781,0.009231339354,0.181262298259,0.785551042813,0.505870266404,0.146122675273,0.087656853507,0.049127987070,0.015424965652,0.003669505665,0.001298339764,0.001388222419,0.003846458831,0.005365646785,0.003021792303,0.001193377517,0.001097975328,0.002279127293,0.003965161297,0.006149489321,0.012382895764,0.039052017419,0.091342822079,0.064175292600,0.029875962141,0.025307951518,0.022221983264,0.015989223567,0.004863753996,0.001341963697,0.000708705969,0.002675360915,0.018550963529,0.045606954944,0.012173799868,0.001304405704,0.001236173194,0.009319994989,0.028776933859,0.009709156547,0.000962137523,0.001070202888,0.001972055562,0.001750487542,0.001867588876,0.002177766672,0.007914313933,0.041056462464,0.149431959079
0.251991807188,0.130108221219,0.035641165956,0.011600685431,0.005452218700,0.002447950352,0.001363729664,0.002036258902,0.004023166991,0.005073732680,0.002872532837,0.001752881453,0.007132401029,0.097286345396,0.482181183157,0.724735561378,0.396178959832,0.170260571293,0.059280320438,0.018753939075,0.005485990693,0.002043789565,0.002011718957,0.004778675487,0.005276077546,0.002152677688,0.000762636327,0.000777457753,0.001694986716,0.002377622515,0.002981791943,0.007426990298,0.031344433490,0.093444254822,0.085212708791,0.053252792029,0.039278649141,0.032973727714,0.019877401412,0.004909726859,0.001063563412,0.000686732456,0.003367889630,0.017211864624,0.019744402043,0.003479322557,0.000843829687,0.001125352430,0.002113551813,0.004174605026,0.003558130464,0.000843417671,0.001007947380,0.002065526023,0.001908246494,0.001625167940,0.001372082147,0.004124701999,0.023467758327,0.130828997320
0.245748237431,0.132959846710,0.036764036737,0.011802941671,0.004897194685,0.001683570640,0.000775852495,0.000940917832,0.002160195054,0.006109081575,0.012756500465,0.015373197346,0.029174192200,0.075310717543,0.179073492950,0.410590171988,0.705124665247,0.522307160129,0.128351107397,0.021648618061,0.005127726230,0.002148955558,0.001877232384,0.002943412067,0.003193217084,0.001582861790,0.000728492264,0.000806457490,0.001942802699,0.003429344582,0.004889353347,0.009059022998,0.021273017114,0.048306753567,0.071256593297,0.087920956423,0.070463478217,0.051934181002,0.021864634439,0.005526807656,0.001327693060,0.000541201230,0.001150704539,0.006308861118,0.014196503653,0.007071359588,0.003144026630,0.002299811893,0.001776403354,0.001135841392,0.000761421363,0.000486326355,0.000406118489,0.000947485458,0.001109127220,0.001336009939,0.001521635125,0.005480661254,0.025023540512,0.123137550366
0.203066853038,0.123279086547,0.037061611627,0.010451131980,0.003107278226,0.000869595767,0.000391899928,0.000432651378,0.000981018849,0.004522495008,0.018776509891,0.023384977409,0.018025079767,0.019162121240,0.039607226007,0.141887197593,0.477505383687,0.805959161203,0.304589697149,0.040870040070,0.005982894254,0.002202841467,0.001784552131,0.002054653443,0.003097199825,0.002785636955,0.001841709687,0.001609935158,0.002402510516,0.002901737830,0.002542400844,0.001806243109,0.002741810045,0.011867317854,0.056219146599,0.133403615618,0.082550562100,0.034728368125,0.011234656573,0.003229779949,0.001182345711,0.000641510738,0.000876285068,0.002696237280,0.004898726173,0.004114566075,0.003854784635,0.003746237109,0.002395916464,0.001018600028,0.000304042763,0.000148312376,0.000151802882,0.000328208395,0.000431937243,0.000784273046,0.001057058413,0.003396467375,0.018100632341,0.102499331288
0.163506163464,0.133801514237,0.044556928751,0.010592693005,0.002564602492,0.000689419685,0.000290237455,0.000286650211,0.000674477239,0.005228399282,0.023444509503,0.014192612467,0.004703024746,0.004005801356,0.011454994693,0.056557348354,0.202994154210,0.683319300522,0.669130916635,0.156251763919,0.022155297689,0.005584632108,0.003198393262,0.001873211801,0.003189517253,0.004916218119,0.004226020188,0.002417386767,0.001962289394,0.001499279018,0.000828781332,0.000248876482,0.000278881740,0.002841964810,0.044550055745,0.169906239470,0.094731675977,0.028465881124,0.006658074518,0.001166361726,0.000484517988,0.000500938779,0.001030247662,0.006566772611,0.012086464369,0.004954835455,0.001536470935,0.001664780111,0.001588174441,0.001138516466,0.000401667615,0.000159640275,0.000102778822,0.000148847414,0.000207567018,0.000651768143,0.001228508150,0.003356799872,0.012903079147,0.067210672114
0.169925095648,0.121855980674,0.033226501126,0.008311317197,0.002864498929,0.001007109608,0.000352090104,0.000286485640,0.000720754687,0.005396094657,0.020735521745,0.014952852150,0.005071962673,0.002942123884,0.004141251487,0.013687236619,0.063553847846,0.395549045506,0.791397260961,0.413334805032,0.103274633642,0.036395702601,0.017028051184,0.007261527539,0.005992179884,0.007352696898,0.005367718429,0.002095044778,0.001199507048,0.000800468787,0.000548146564,0.000200300364,0.000202926162,0.002017833430,0.037695463486,0.155074912808,0.098392609222,0.033166569567,0.009732285881,0.002539642407,0.001678098403,0.001762679178,0.001457256609,0.003260974606,0.003730880780,0.000726150670,0.000208517425,0.000217782076,0.000318276876,0.000534729772,0.000335095722,0.000156010574,0.000082775863,0.000075563082,0.000103044496,0.000477554583,0.001374866256,0.003881358378,0.012192073830,0.061514806091
0.195402863593,0.086487359526,0.019806754391,0.005944780995,0.002845496787,0.001445979194,0.000566156721,0.000453685308,0.001057232615,0.006556243923,0.020874627479,0.013991160649,0.003724492543,0.001171467807,0.001166643509,0.003688289573,0.022472170609,0.182335577665,0.588636503190,0.652139816271,0.322137890865,0.121106259272,0.055309607491,0.031549001215,0.018136118508,0.007609147349,0.005866276266,0.003647620700,0.002689200898,0.000987852522,0.000170585490,0.000054186523,0.000066660675,0.001163264217,0.045562913020,0.203093162144,0.091072471242,0.020251295039,0.006722651076,0.005554011967,0.009248316144,0.006590254563,0.001752879954,0.000544069710,0.000578566674,0.000256918388,0.000145875733,0.000160448200,0.000198118721,0.000177009781,0.000092370138,0.000065770420,0.000055695576,0.000056282593,0.000079567561,0.000358496580,0.001312401103,0.004570270102,0.016810436682,0.088042451354
0.212973655079,0.103066242484,0.021270802058,0.004028569427,0.001306224879,0.000862962790,0.000608217763,0.000700560089,0.001613218529,0.006468663920,0.012474601440,0.006037110165,0.001534785235,0.000851100637,0.001743704305,0.010918011158,0.066081095844,0.172472355213,0.264676127810,0.408000384314,0.598668681220,0.492049227400,0.182345527153,0.060527147856,0.029172639141,0.009405942754,0.003257250019,0.001165094050,0.000692716696,0.000420206802,0.000207493156,0.000216903926,0.000776133170,0.009594193565,0.097563372167,0.184247356615,0.063568101691,0.013629743570,0.005002111449,0.004881689057,0.009723463370,0.007865815656,0.002413380819,0.000821355223,0.000714784848,0.000291890850,0.000114471767,0.000070848465,0.000074963250,0.000087483039,0.000068570866,0.000058907332,0.000050246833,0.000051421158,0.000065365742,0.000221983976,0.000895432865,0.004377279945,0.019362939654,0.095606159155
0.175726989105,0.104446169347,0.023792432585,0.003390949777,0.000679263712,0.000404072897,0.000324920725,0.000423557516,0.000842765076,0.002014343088,0.002420969645,0.001249020954,0.000513685369,0.000649803585,0.002083953654,0.011268185029,0.053975917010,0.105831022133,0.093722327504,0.100228238940,0.304817736508,0.802993958199,0.401196520988,0.069502647577,0.013887848886,0.002128856437,0.000514273381,0.000165893664,0.000112844021,0.000090112429,0.000101165890,0.000413932529,0.003329799019,0.024867509700,0.097486802385,0.125076591820,0.050812316627,0.009592067445,0.001975098392,0.000894631650,0.001857442724,0.003488215420,0.002983910219,0.001348052693,0.000636039763,0.000193010858,0.000092155363,0.000080150799,0.000072922529,0.000074423935,0.000069978017,0.000055091080,0.000050000000,0.000050000000,0.000050000000,0.000073589044,0.000352057265,0.003161487257,0.019386751285,0.087048051152
0.114515821081,0.089566693879,0.032416974623,0.004075447405,0.000361975958,0.000121548158,0.000082133785,0.000098265539,0.000155627640,0.000301555842,0.000440075942,0.000396049332,0.000286223002,0.000469818349,0.001525820643,0.010267656752,0.045644787894,0.044805175768,0.014850486430,0.010747607153,0.079639329706,0.805872049665,0.555596011670,0.053680561243,0.003913462368,0.000248533031,0.000074365788,0.000057494097,0.000057088773,0.000052506720,0.000068759965,0.000530379249,0.005743359923,0.031178467995,0.075692225265,0.075691561976,0.032518065809,0.005233730065,0.000722472671,0.000218250472,0.000516650151,0.001776798440,0.002748441933,0.001090719293,0.000315157542,0.000146137431,0.000131544233,0.000107580515,0.000076006925,0.000065282519,0.000057513622,0.000050000000,0.000050000000,0.000050000000,0.000050000000,0.000050000000,0.000250646090,0.004786131590,0.029461094320,0.083053574875
0.096919161588,0.066542544747,0.021223440664,0.003514716005,0.000580177387,0.000254549868,0.000120004159,0.000085407112,0.000074312414,0.000096793801,0.000226812094,0.000382132924,0.000332734369,0.000597434077,0.001747362876,0.006287040267,0.016825534308,0.024115166461,0.031887657040,0.060853029420,0.260417786632,0.839877155208,0.443778806389,0.038038591314,0.001666327955,0.000139093726,0.000099570539,0.000078267981,0.000061345264,0.000050000000,0.000055376252,0.000211514576,0.002266788580,0.020902179959,0.089647491883,0.099673870824,0.032078779963,0.003328562486,0.000445840296,0.000144614127,0.000261659590,0.000452847240,0.000296533906,0.000116951116,0.000091970378,0.000136948444,0.000186884423,0.000171214784,0.000122236486,0.000087448471,0.000062607058,0.000050000000,0.000050000000,0.000050000000,0.000050000000,0.000050000000,0.000199898003,0.004955659429,0.036637649042,0.081267783009
0.102711449990,0.065724314755,0.019918161259,0.004175141344,0.000752773214,0.000219152933,0.000076123490,0.000055045326,0.000059129996,0.000105588328,0.000260080740,0.000514880167,0.000704162867,0.001736414793,0.004269358792,0.009076636665,0.016658802254,0.031912666454,0.081833691870,0.230946144156,0.575895067093,0.710865490960,0.272989430630,0.036990243404,0.002922669564,0.000392182357,0.000246771833,0.000113344960,0.000063164042,0.000050000000,0.000050436263,0.000122949868,0.001057650225,0.012647479986,0.079657565417,0.110920185784,0.037164510920,0.003752825832,0.000604025549,0.000211041466,0.000206161980,0.000123603171,0.000061898583,0.000064234520,0.000092302932,0.000160240960,0.000217701593,0.000243552227,0.000188049142,0.000124821673,0.000077379691,0.000050438356,0.000050000000,0.000050000000,0.000050000000,0.000050000000,0.000280171165,0.005992261760,0.039791049956,0.081754986544
0.099995524275,0.069774009377,0.023544279242,0.005218814862,0.000736891472,0.000127918014,0.000050524381,0.000050000000,0.000050000000,0.000090609636,0.000308801427,0.000629209828,0.001060182388,0.003391856134,0.010226804277,0.028075911451,0.039307030380,0.072150584016,0.191088820473,0.505676829394,0.705767862257,0.398666112166,0.134620843844,0.027032236776,0.003181185734,0.000743141977,0.000451113854,0.000140491890,0.000061569188,0.000050000000,0.000059903820,0.000129917007,0.000824952066,0.010259309123,0.072435356216,0.101613705191,0.030430273317,0.002982747167,0.000574685493,0.000156582233,0.000078216757,0.000050691348,0.000062984699,0.000077413324,0.000123809294,0.000217178580,0.000289382868,0.000391062789,0.000361609068,0.000271477535,0.000118088673,0.000054615678,0.000050000000,0.000050000000,0.000050000000,0.000050000000,0.000363544522,0.006494782414,0.037757203490,0.072390771730
0.094445151054,0.086867887889,0.038861686358,0.009295263380,0.000967335011,0.000104245316,0.000050000000,0.000050000000,0.000052623074,0.000161534984,0.000559710369,0.000969182061,0.001769049858,0.006275671873,0.021373664799,0.059743741946,0.090352662854,0.221773388489,0.479662321029,0.642729720129,0.466943164703,0.215845883353,0.077645657294,0.013740444486,0.003052206457,0.001728440405,0.000936698542,0.000192654033,0.000061930177,0.000053623535,0.000082719102,0.000208906768,0.001007770785,0.009345264010,0.065566974550,0.097602352223,0.028075883821,0.003164704812,0.000845677931,0.000244579273,0.000066724147,0.000063267269,0.000099739814,0.000113821117,0.000169205931,0.000280207548,0.000398180533,0.000622876500,0.000651500420,0.000586345510,0.000222576376,0.000067315478,0.000050000000,0.000050000000,0.000050000000,0.000085946006,0.000782003134,0.007842821045,0.033428788859,0.061159391236
0.102087422772,0.079263413973,0.035421251385,0.010245404104,0.001653778915,0.000247520260,0.000094218214,0.000075062229,0.000121648480,0.000454762272,0.001244123374,0.002075223923,0.004432043982,0.014854739566,0.043632914877,0.111464625063,0.198383411911,0.501420633956,0.698281122616,0.370463802605,0.165067409523,0.100362528110,0.081561034017,0.016391315513,0.002987850104,0.001430125878,0.000827498498,0.000285515944,0.000132615484,0.000085870657,0.000097631184,0.000184748681,0.000752163306,0.007661355000,0.059794756366,0.095646525179,0.028470492718,0.004524673576,0.001131194521,0.000223546186,0.000128434724,0.000166549963,0.000286956245,0.000244084559,0.000282553537,0.000408243118,0.000583059779,0.000903680105,0.001170090092,0.000750129601,0.000231216841,0.000096948375,0.000069612642,0.000055774395,0.000055570723,0.000133166715,0.000726064299,0.004855131305,0.023866615032,0.062715117147
0.104541728083,0.072728943023,0.028574170080,0.007392510749,0.001634028474,0.000420448480,0.000199698663,0.000165894666,0.000332804582,0.001077886184,0.003018336809,0.007026871296,0.012993082868,0.024023287889,0.060399122751,0.218441884571,0.493936676984,0.658612751948,0.466364317643,0.137963887269,0.046559202320,0.030799825068,0.046372964951,0.023313274155,0.006816258038,0.001861601734,0.000561385460,0.000199078111,0.000112146943,0.000075429203,0.000074153407,0.000122309498,0.000480312395,0.005908412813,0.053241955758,0.115833635563,0.036889306908,0.005232163284,0.000711976053,0.000171994192,0.000189869205,0.000300729315,0.000460983775,0.000340812571,0.000353086610,0.000451375249,0.000583600880,0.001008981375,0.001946490712,0.000850437219,0.000164810424,0.000093031383,0.000077491629,0.000063314553,0.000065637481,0.000196939258,0.000518546641,0.002008143559,0.010897906470,0.049902753031
0.071976343208,0.051010241622,0.026530124105,0.012202554770,0.005478841530,0.001538406474,0.000481762902,0.000255852392,0.000416135803,0.001304229811,0.006596982817,0.018271510830,0.032827885289,0.060215518833,0.159560095781,0.451945628616,0.679220790979,0.505519207808,0.166277122121,0.047473473646,0.020589816914,0.010623780666,0.010966220480,0.012469703504,0.010760584571,0.004269873812,0.000801625627,0.000135130968,0.000063469679,0.000051696478,0.000056495730,0.000091805895,0.000386618237,0.006393622975,0.060779312932,0.112346210093,0.029012292060,0.005559417459,0.001868483262,0.000433234629,0.000219629785,0.000345114239,0.000552867786,0.000437272157,0.000482825806,0.000654058141,0.000596076099,0.000658420382,0.000856080954,0.000512382565,0.000147468749,0.000076358849,0.000054888674,0.000050000000,0.000052676570,0.000134211876,0.000513408943,0.002795668121,0.013466039444,0.043600887707
0.059654362218,0.024795467163,0.011757409972,0.009732568643,0.013325615827,0.007433596885,0.001852592156,0.000370338071,0.000297119491,0.000932860509,0.009953304846,0.030333845896,0.055197034804,0.112951516541,0.383581669539,0.728939893218,0.472382428774,0.258679620007,0.056667308256,0.013118675370,0.002742335492,0.001156443104,0.002212289794,0.004914592517,0.009550127593,0.008983571693,0.001588842429,0.000141568836,0.000053077280,0.000050000000,0.000063882004,0.000104664283,0.000280044693,0.004411640557,0.057709036630,0.100662391565,0.016496400504,0.001372130709,0.000598482131,0.000886558870,0.000344930284,0.000318864607,0.000591107757,0.000543426338,0.000682401584,0.001016988476,0.000717709903,0.000462316327,0.000300789956,0.000222455459,0.000128670624,0.000066523860,0.000050000000,0.000050000000,0.000050000000,0.000063854755,0.000323813087,0.003616314831,0.025869979627,0.063446020962
0.076915372718,0.013583477804,0.003003535867,0.002627699030,0.007112345150,0.016291543069,0.009539091072,0.001466469515,0.000610658596,0.001367905853,0.014249050440,0.047959889981,0.105391983048,0.264294567196,0.700385279741,0.594912660368,0.226689652274,0.083090389477,0.012652762105,0.002437765510,0.000410790343,0.000254478664,0.000401003215,0.001388044244,0.005880671397,0.008995523705,0.001740998870,0.000285458148,0.000118959867,0.000068830791,0.000089548566,0.000253193955,0.000825546439,0.008674884010,0.061849394314,0.063547974605,0.006435500560,0.000354695472,0.000086632685,0.000094862061,0.000191348603,0.000341985643,0.000598459888,0.000723191844,0.001073698435,0.001413743859,0.000796669269,0.000457671507,0.000297544404,0.000220966260,0.000152518955,0.000055589678,0.000050000000,0.000050000000,0.000050000000,0.000050865056,0.000121096472,0.001481555353,0.024126624454,0.097393583722
0.071758853236,0.016343514920,0.004250198582,0.003558315805,0.007286976124,0.011314988603,0.006821266248,0.002037831204,0.000923204437,0.002382930423,0.021089132994,0.067732031105,0.205369898809,0.575894260535,0.733046581794,0.253992812160,0.056082591393,0.044006743839,0.024487743557,0.006086335862,0.000805281441,0.000338747744,0.000377072765,0.000889496048,0.001620504237,0.001581787740,0.000815782067,0.000476608079,0.000363969620,0.000204446344,0.000158990646,0.000238135856,0.001011427182,0.010586088539,0.046387699689,0.029814769828,0.003816638318,0.000440902235,0.000207474861,0.000246829242,0.000474595694,0.000945041317,0.001224309004,0.001196043330,0.000904345980,0.000892821930,0.001011357385,0.001340518087,0.001116133658,0.000404187021,0.000102941318,0.000050000000,0.000050000000,0.000050000000,0.000050000000,0.000050000000,0.000128444987,0.002431706680,0.036680105011,0.104521049875
0.076683100731,0.027259837650,0.007227307150,0.003267047985,0.002723715265,0.003244513828,0.003387675426,0.002870762431,0.002546845096,0.007074559091,0.039845646743,0.142723749656,0.414254869226,0.760225533033,0.450695525337,0.104242376730,0.031493511472,0.036240051007,0.023179303520,0.005151905798,0.001064276414,0.000425030160,0.000393050837,0.000507715601,0.000546678167,0.000706419311,0.000962611986,0.001352461945,0.001272207987,0.000642153668,0.000478249647,0.000491893867,0.001812103269,0.012243186309,0.032196976651,0.024862584118,0.006744638026,0.001103571632,0.000485264029,0.000371503318,0.000853804177,0.003599070316,0.007148840270,0.004344284330,0.001196011527,0.001103230516,0.001472727422,0.001575941290,0.001086788901,0.000416004338,0.000140182540,0.000062149062,0.000050000000,0.000050000000,0.000050000000,0.000080780644,0.000208220538,0.003069253595,0.036119742949,0.094643027283
0.083700724353,0.040327671381,0.010709605904,0.002741988525,0.000840977921,0.000797914105,0.001318684251,0.002056893118,0.002742712868,0.008728281702,0.067389410766,0.344529363395,0.695984548367,0.583798079788,0.177957433507,0.069629794106,0.041905300526,0.035310260968,0.011341505301,0.002032198515,0.000354261521,0.000132173464,0.000128648367,0.000209126478,0.000401664610,0.000691551029,0.001114665451,0.001818031407,0.002215665643,0.001538750032,0.002119198714,0.002711293635,0.006893718494,0.017642443434,0.021396218484,0.016074571579,0.007193371065,0.002015585837,0.000748919983,0.000346220876,0.000396764846,0.002065971838,0.010011774856,0.007919183743,0.001089095281,0.000153276968,0.000166105539,0.000264523851,0.000341636174,0.000300317569,0.000152134336,0.000063939813,0.000050000000,0.000050000000,0.000050000000,0.000144558800,0.000749189572,0.003568645064,0.023205332052,0.076506870085
0.078727506658,0.046539578423,0.011653739886,0.002779631729,0.000763170948,0.000596412689,0.000782145989,0.001535464647,0.002907981064,0.009382364292,0.111672408563,0.682931508079,0.672899062129,0.226291604254,0.064673617427,0.047146019650,0.043339489295,0.022637280977,0.004515429117,0.000943001444,0.000204714257,0.000100579721,0.000106045653,0.000179207280,0.000321116452,0.000338336224,0.000313545321,0.000398960294,0.000853262414,0.001434521524,0.004687676052,0.008121667575,0.013428152691,0.017380532413,0.015872141630,0.014128841235,0.007867426168,0.001743029224,0.000456725488,0.000181357437,0.000175652132,0.000650328032,0.004234888715,0.006161622468,0.001464774285,0.000352736007,0.000510530719,0.000503963978,0.000385333847,0.000207839029,0.000062214659,0.000050000000,0.000050000000,0.000050000000,0.000055893464,0.000334579935,0.000810006477,0.001684406914,0.010713013559,0.047470347371
0.068144519736,0.050481358255,0.010012311399,0.002583148980,0.000850190431,0.000707874674,0.001381807108,0.004959134486,0.013514979537,0.039364363676,0.222353504496,0.859688827951,0.445342105635,0.059291415529,0.012862694332,0.014093663035,0.026904456797,0.018021371378,0.003562726973,0.001030472216,0.000508651235,0.000262397132,0.000160143676,0.000112517585,0.000116238558,0.000110390623,0.000092473888,0.000087415099,0.000250542363,0.000910998332,0.004906599627,0.011013819556,0.010673327992,0.008908469830,0.009484439888,0.014629690201,0.012350830661,0.001800955012,0.000271959516,0.000107990239,0.000121119295,0.000319865929,0.001262958147,0.002368147409,0.001743583824,0.001166253111,0.001498655413,0.001289187255,0.000466050190,0.000092149127,0.000050000000,0.000050000000,0.000050000000,0.000050000000,0.000050000000,0.000103653768,0.000306510232,0.001093224990,0.005384504817,0.028824461575
0.061763042943,0.047780235399,0.009284347436,0.002847252794,0.001929182205,0.003565584377,0.006997813076,0.017453699835,0.038230231048,0.135497270519,0.494529653561,0.823829694093,0.224848641268,0.030262873438,0.009573644679,0.006890036267,0.007626788356,0.006466868692,0.002740403745,0.001691900824,0.002722634850,0.003311974761,0.002414927146,0.000455179827,0.000105545218,0.000075615291,0.000087222715,0.000134777193,0.000701293069,0.002035612242,0.004179422116,0.005478584913,0.005973459776,0.009947086598,0.016103115662,0.018310975512,0.008707286733,0.001050427959,0.000226738699,0.000170291375,0.000589009859,0.002772403567,0.003950569776,0.002713521164,0.003364507613,0.007100717838,0.010596810315,0.003640314002,0.000421442909,0.000052290912,0.000050000000,0.000050000000,0.000050000000,0.000050000000,0.000050000000,0.000110177906,0.000540361644,0.001403979289,0.004027940457,0.023017611982
0.056533809477,0.053965118662,0.011445209550,0.002179664083,0.001030921462,0.001789703271,0.003279074972,0.009828085790,0.058262521739,0.344457224053,0.778879338417,0.510943814063,0.082313083522,0.008711596628,0.002963204709,0.002618997234,0.003602400415,0.003344833499,0.002010368441,0.002064724930,0.004781927556,0.007692832002,0.007293914260,0.001667999568,0.000363249878,0.000123664811,0.000129951162,0.000303118665,0.001551759791,0.004586294828,0.007307902118,0.005124211293,0.002799531039,0.003886979564,0.007686267484,0.012426626038,0.008968835177,0.001757246406,0.000418539823,0.000379696804,0.001550051820,0.005916319000,0.006474232445,0.008303515855,0.015368817485,0.028416532100,0.012882986929,0.001825511800,0.000330921887,0.000071873227,0.000050000000,0.000050000000,0.000051038704,0.000066173234,0.000069692327,0.000123906239,0.000290853573,0.001031747708,0.003440098735,0.019208727519
0.035701451721,0.062040163245,0.022984170482,0.003034761847,0.000552075426,0.000405985782,0.000578449786,0.004129229289,0.078192060510,0.594333991379,0.775388363997,0.198761258689,0.015893443903,0.002055508482,0.001150687482,0.001357021681,0.002101768126,0.002474671435,0.002925455974,0.004748079560,0.011619063356,0.014216231352,0.008612914708,0.001950985759,0.000678158682,0.000382132153,0.000536850923,0.001319443808,0.004028655372,0.009409561945,0.011461314272,0.004361193978,0.001477185838,0.001460304567,0.002300498889,0.005000518383,0.011269189021,0.010074195932,0.004567767870,0.003724962976,0.008026675829,0.008963619024,0.005702334082,0.006974805212,0.024238011696,0.034675477780,0.007610884194,0.001107337402,0.000494700886,0.000260852842,0.000114058619,0.000101770829,0.000129611995,0.000209552047,0.000351063806,0.000879800769,0.001238267033,0.001689609449,0.002640131491,0.010606134047
0.021599918820,0.055993179684,0.037989158832,0.005520798646,0.000641339287,0.000290947057,0.000325000958,0.002092778949,0.092330009488,0.854962527335,0.511852930085,0.053281196456,0.004138685426,0.000675246275,0.000435412727,0.000892415195,0.002076608515,0.003149756937,0.004803706459,0.007447909267,0.018674244892,0.022218171147,0.009708606228,0.002535929248,0.001309492786,0.000851288712,0.000990718586,0.001654440682,0.004092225477,0.008509393159,0.008767344882,0.002895422998,0.001450160389,0.002299560932,0.003357923624,0.005667712393,0.011548055302,0.016562569665,0.011222972729,0.006528199370,0.005936053294,0.005163374048,0.004555426866,0.009021707780,0.033855025351,0.015866284154,0.002062738045,0.000687488420,0.000493408063,0.000460052002,0.000341350523,0.000320948171,0.000356982852,0.000653903811,0.001658647839,0.005046614498,0.005773715579,0.004535460257,0.003470838775,0.007689349606
0.019712552434,0.047696855934,0.040754161539,0.010089305720,0.001510085125,0.000634227504,0.000547789905,0.003165806056,0.087532050102,0.939854717745,0.349457716653,0.011604709767,0.000484645597,0.000185653903,0.000335166182,0.001058264689,0.003280393130,0.005002098958,0.005321515053,0.006521136460,0.021736015915,0.034384008427,0.012524563142,0.001966510944,0.001132498491,0.001156364022,0.001818290336,0.001826528862,0.002241004335,0.002415954309,0.002822755350,0.002049197544,0.002883247983,0.008376099260,0.013160289170,0.011012082468,0.009695341763,0.010204600549,0.011011303025,0.009491182091,0.008452333880,0.005827613818,0.006320661202,0.013255984718,0.051133567463,0.029224977000,0.002863389263,0.001060351304,0.000836121025,0.000715467372,0.000516431202,0.000385081414,0.000389708918,0.000793131024,0.002608242365,0.009507918081,0.012967138814,0.010851374921,0.007056740421,0.010609482595
0.029396439260,0.060437330594,0.042394690391,0.012179367249,0.002432229326,0.001209114893,0.001036594477,0.004607776311,0.095262786206,0.975240594616,0.256471602482,0.003316261476,0.000200937363,0.000213217696,0.000602947293,0.002024123753,0.005043904500,0.006896780651,0.005940792152,0.006964560483,0.018398660993,0.026920424254,0.014876434751,0.004884405588,0.004221070056,0.004598463303,0.004480217076,0.002396431189,0.002121436060,0.002509393499,0.002724153983,0.002218148941,0.002907555921,0.008728467635,0.016648633842,0.013819048823,0.008164417755,0.004356404651,0.004398846264,0.006839176642,0.009577424915,0.005590886808,0.004470853253,0.011916016933,0.071450809872,0.041881436722,0.003667204889,0.001082765334,0.001089609222,0.001068715124,0.000800546220,0.000450445486,0.000357308674,0.000634770098,0.001756252521,0.007911235990,0.014857757034,0.016024989101,0.011541443552,0.016086496165
0.058093706350,0.088115473441,0.038654413480,0.009636052362,0.002753348292,0.002136449425,0.001994810269,0.008181056897,0.156287045175,0.976834832220,0.230727183143,0.004143872633,0.000307977322,0.000393956368,0.001388878931,0.004059571430,0.008555369308,0.011343729783,0.008217652098,0.007004940737,0.011763851219,0.017488731901,0.019374573968,0.014793588763,0.015203077963,0.013256903583,0.007440715127,0.002809447179,0.002397369517,0.003297249958,0.004678822110,0.005018408253,0.004846570707,0.009812939325,0.016226113927,0.012586792564,0.007942820632,0.005636709073,0.006886351792,0.008426091222,0.009774332725,0.005816207725,0.005364367719,0.014414490950,0.088735542593,0.036415307477,0.002655761196,0.000769349112,0.001109520289,0.001249258062,0.000820696853,0.000313959125,0.000171756565,0.000291220197,0.001206300560,0.008305368689,0.018638653859,0.021290636302,0.016977481772,0.026466253323
0.081794361967,0.092372253595,0.045753510220,0.015189321326,0.004979459149,0.003474960221,0.003016809862,0.015096414390,0.275584552524,0.954099917670,0.207382016352,0.007348846523,0.000821891436,0.000817780956,0.002221240468,0.005702675430,0.011714522397,0.015829382916,0.012241342584,0.010907543293,0.016518663732,0.018790514464,0.016668158106,0.020102839578,0.026059464565,0.021755583975,0.011271982645,0.004224585814,0.004363199556,0.009092298264,0.010730977351,0.008765151027,0.009016763538,0.016222528872,0.023292254687,0.020311304476,0.014847825591,0.012225160000,0.012311097536,0.008155598143,0.006412968325,0.005006130756,0.011380292871,0.049018239771,0.123411303644,0.051375935835,0.005309459191,0.001022797999,0.001577749022,0.001949578413,0.001214342427,0.000360615360,0.000134983174,0.000191850451,0.000904928985,0.006548929284,0.017031199617,0.028368536345,0.032533620401,0.050994396308
0.104147842416,0.103088885980,0.065636628594,0.029628396483,0.009374220504,0.005580565690,0.004700829697,0.019912841928,0.250090608570,0.915326155549,0.322561122380,0.018418896785,0.001690567040,0.001015845912,0.002513457763,0.006741149262,0.013036467539,0.018667094737,0.020403076187,0.019832089654,0.017363869023,0.013416290359,0.016750915298,0.027254609999,0.035015449665,0.023123502971,0.009716327027,0.003935467275,0.005288097506,0.022445095310,0.048320639065,0.039443777344,0.026746346342,0.033113141527,0.042548462134,0.033425382304,0.023007770350,0.019598847359,0.015157334126,0.005850159482,0.002865341981,0.002545402363,0.016560239384,0.138857526536,0.199347695370,0.083228616366,0.012305996040,0.002139446597,0.002757907543,0.003831759107,0.002332779547,0.000538782367,0.000128892903,0.000108555226,0.000437370392,0.003240707997,0.010094555775,0.027316048643,0.048570323553,0.081394008773
0.138202571176,0.130553434075,0.064976600161,0.021703760373,0.006072445292,0.004287282196,0.005071889706,0.024373565798,0.324012162152,0.925932838288,0.193530062693,0.010970597775,0.001912611988,0.002167010249,0.005132736798,0.008139437999,0.012011770290,0.015735255512,0.015596139493,0.015274095970,0.018298658955,0.014597876024,0.014451973121,0.025043920075,0.036081731244,0.023662873978,0.007633614909,0.002280266688,0.003387579618,0.012522022782,0.038837113409,0.068484070946,0.068498948638,0.050991309384,0.040728660868,0.032568237685,0.026665503287,0.025870210683,0.023922832040,0.009981796087,0.003914256372,0.002190889393,0.006298767581,0.034328175604,0.136750248826,0.114481227162,0.024260975858,0.004206328164,0.002563867429,0.003876267530,0.002584542232,0.000578444348,0.000129274596,0.000091204665,0.000273492704,0.001824835706,0.006003561444,0.019430925691,0.043579469910,0.090080207548
0.188929961032,0.168731391760,0.049458504555,0.010003773806,0.002435283708,0.001901629319,0.003041387226,0.018099382326,0.338241642889,0.939895688319,0.122475427173,0.005638214343,0.001523263394,0.004441475358,0.017932228340,0.016469629602,0.012141230196,0.012874025184,0.013335937978,0.016009993467,0.018312897983,0.010628308215,0.011044865615,0.024639721833,0.040728916213,0.028727924660,0.007685470840,0.002745108811,0.005078866295,0.016312801771,0.034206804104,0.053687285307,0.071074035022,0.078621669224,0.060361605840,0.062790782768,0.055735913233,0.054274860996,0.045365592669,0.021788579355,0.007989416053,0.002813003098,0.004685123177,0.029327333578,0.131710619158,0.089019169887,0.020321172268,0.004290122905,0.002986532327,0.004812896951,0.003012474222,0.000632752685,0.000131988154,0.000094623039,0.000254232687,0.001433628602,0.004102926405,0.012718953722,0.032851896639,0.089718406460
0.258464943646,0.190828054064,0.030599498611,0.003398659307,0.000618517528,0.000565364172,0.001494558216,0.014821321083,0.224609830397,0.949911420712,0.141644515592,0.003696250632,0.000521566050,0.001264841914,0.007908361719,0.017394028192,0.016368239572,0.013314480335,0.011431756217,0.014315045401,0.015181093461,0.007930616984,0.006523087950,0.011303408209,0.024481187571,0.023984373368,0.006152270122,0.002242811326,0.004917086764,0.019004684602,0.036204867669,0.032947049138,0.025625266215,0.039792969619,0.053375143110,0.070051995286,0.062171498181,0.065282466332,0.062281132271,0.035444435139,0.018265187599,0.008024001916,0.010108573470,0.031819603085,0.106360398306,0.036702283201,0.004840325400,0.001530291274,0.003095913060,0.007075482144,0.003032228272,0.000383289866,0.000077954336,0.000065991484,0.000214323754,0.001300296594,0.003045632622,0.007700813352,0.023279215264,0.098357856920
0.268414975697,0.209905765637,0.039089661442,0.003973631872,0.000527580975,0.000372417811,0.000911953459,0.014774581113,0.319604863058,0.890358567237,0.086609594114,0.002453885980,0.000412595286,0.001277536045,0.008214178532,0.023896186235,0.025250327596,0.017163812989,0.009420903902,0.008560108884,0.007788854958,0.004542626492,0.003936490792,0.005909053031,0.011835884308,0.012698868943,0.003905817275,0.001680947503,0.002979283245,0.009451635981,0.021158080932,0.028253130362,0.025032201780,0.030152510712,0.032573349571,0.049606022210,0.076955423885,0.063748942034,0.031829989354,0.014014219311,0.009169485608,0.007012968638,0.018305247802,0.060838897682,0.110748124526,0.021442492419,0.002704429812,0.001371148395,0.002949642506,0.005206650923,0.002821772210,0.000362995218,0.000065998456,0.000050000000,0.000087285875,0.000511827419,0.002050933276,0.007677307378,0.024300479013,0.098534467974
0.269677556381,0.174449338293,0.029851871884,0.002611819138,0.000288687556,0.000172199844,0.000359692334,0.007372513446,0.301709885405,0.886666739470,0.089140552907,0.001714440885,0.000150169674,0.000453204765,0.005601927238,0.031262079179,0.039191781600,0.024168390295,0.011971387184,0.006378450937,0.001999203464,0.000567727335,0.000570935641,0.001948359175,0.008482101233,0.011357907578,0.003312192601,0.001185028366,0.001032298137,0.003272329841,0.009015042019,0.017891901305,0.025934125868,0.033768704486,0.034332657714,0.057158033783,0.077411150008,0.072476973899,0.032206372855,0.014120478411,0.010789302312,0.008007190378,0.017560907501,0.064880455513,0.115159218394,0.025064584382,0.002800972579,0.001334317443,0.002755734348,0.004287502559,0.002364127700,0.000264257600,0.000056152920,0.000050000000,0.000074551224,0.000442421163,0.001742268973,0.006022785057,0.022653353405,0.098978193960
0.266209087703,0.161383608346,0.026005794197,0.002234320884,0.000233616339,0.000112743433,0.000154658375,0.003644525895,0.225950947097,0.904305605983,0.085666834148,0.001027023442,0.000088519301,0.000326181122,0.005524148448,0.038933001592,0.048710802621,0.031810569054,0.013760555797,0.004316566360,0.000653910081,0.000167388942,0.000189474142,0.000760377724,0.003808510850,0.005285493230,0.001732125358,0.000691328865,0.000558142342,0.001483805701,0.006003690134,0.015212350337,0.019192396625,0.027929960416,0.043577395844,0.080627565027,0.066058758584,0.049495943341,0.025256648763,0.014027401937,0.012240265231,0.009601238765,0.019302518992,0.073809823659,0.136794099629,0.023287692026,0.001584240550,0.001226584760,0.002930589107,0.004430853563,0.002313266629,0.000230846340,0.000051160078,0.000050000000,0.000069029925,0.000328142009,0.001127676535,0.003740288215,0.016899852020,0.087574453366
0.263709211175,0.157135512797,0.024233170165,0.001838816336,0.000158817501,0.000071569874,0.000073295983,0.002431963407,0.190345825017,0.908856997903,0.136633442920,0.004477829072,0.000570518508,0.001894875488,0.016379670565,0.046024851888,0.035920088668,0.022103841463,0.009592540889,0.003253442483,0.000722409169,0.000191736089,0.000224427793,0.000586495047,0.001994974516,0.002850163864,0.001371378813,0.000647186439,0.000435065338,0.000697528562,0.003092416937,0.012012685025,0.021936166025,0.036256335798,0.049942912123,0.069567023084,0.056261507365,0.031387973003,0.022628709837,0.018514190488,0.017693086111,0.012296644852,0.015803675773,0.043933606630,0.119073147956,0.026788535712,0.002616366980,0.001382395218,0.002496407953,0.002878283881,0.001180590996,0.000154524655,0.000050688468,0.000060608875,0.000099545147,0.000285890319,0.000609263185,0.001992467913,0.012167618605,0.081889813651
0.240863907878,0.138417074411,0.024992976606,0.002497128890,0.000182307748,0.000066452740,0.000072369103,0.002549582198,0.127236682577,0.846859906789,0.399484891728,0.037440941767,0.003597992608,0.003213369305,0.010752697874,0.038140886761,0.046992671679,0.025876448349,0.009424966662,0.003912161832,0.001030290966,0.000370062538,0.000545830788,0.000915684291,0.001505889666,0.001514836660,0.001208734766,0.000865238765,0.000904114009,0.001821528084,0.003780313576,0.008488929310,0.016220439880,0.027298931025,0.047926339970,0.087328061948,0.079298270609,0.044676751367,0.025754041291,0.012798318780,0.009944694053,0.008086651500,0.012005198677,0.033331362445,0.095589361487,0.049972339969,0.006172277181,0.001978514641,0.002157973846,0.001638292799,0.000632162352,0.000112167498,0.000060017697,0.000115221047,0.000232918374,0.000416351467,0.000508090597,0.001737799609,0.013431488249,0.092637046217
0.256689713649,0.134880537850,0.019476974140,0.001346241086,0.000098315416,0.000052977154,0.000226722661,0.006166971126,0.102907555135,0.688561610203,0.620347496823,0.136727821986,0.022681650448,0.015132113988,0.019411015993,0.025526653912,0.025483410180,0.015414269459,0.007543654524,0.005610162627,0.004170773906,0.002120600989,0.001022963045,0.000440193734,0.000392060223,0.000445242571,0.000546158565,0.000699676803,0.001170252775,0.002590665041,0.006366087239,0.009268986976,0.008169366703,0.009217421846,0.024862056341,0.095071251386,0.084675349632,0.034719716074,0.022827067723,0.009648291999,0.007921833344,0.007469537613,0.008702259545,0.012054097407,0.043084529417,0.061664108839,0.013890868329,0.002815256303,0.001577280635,0.001649762050,0.000946135668,0.000095089181,0.000060180238,0.000144970615,0.000196520118,0.000168619128,0.000162453612,0.000851482237,0.012874335882,0.115153198069
0.290218368323,0.150532152996,0.018976414489,0.001332785422,0.000129848908,0.000080097680,0.000614317897,0.007771647093,0.059396744182,0.373700409277,0.730095399221,0.427464467617,0.092504828309,0.037316479206,0.025248824009,0.023085986953,0.019382549556,0.010183857271,0.004203288472,0.003730797209,0.005822357853,0.005872034914,0.003603025452,0.001373891065,0.000769286035,0.000413577767,0.000287565740,0.000254352154,0.000447665838,0.001356446359,0.007635056746,0.016855693641,0.013448234130,0.011437600931,0.028020232847,0.076207313314,0.052914095162,0.020077604283,0.011052603397,0.006340995320,0.009446219971,0.015470617123,0.015417105773,0.011054212525,0.022808805709,0.075612347508,0.029802290150,0.004458561639,0.001687350126,0.000767388351,0.000504846069,0.000063215494,0.000054041121,0.000081417454,0.000082644688,0.000079734475,0.000102567248,0.000662550772,0.011835758388,0.114613788466
0.263140798851,0.148435243692,0.019017766013,0.001262997619,0.000143123361,0.000090724123,0.000197806529,0.003000349691,0.026742409867,0.158183626335,0.503773101183,0.711462209016,0.287984125453,0.125962449359,0.056880443661,0.038296230540,0.026450889049,0.011861811487,0.003299824730,0.002115478018,0.003657336018,0.007730872477,0.010527661380,0.004979120240,0.001822636541,0.000468112663,0.000169771992,0.000103607243,0.000160003955,0.000526307455,0.004651104664,0.019991882699,0.031987461996,0.030328589030,0.035393404425,0.057577745585,0.044117987425,0.016054685356,0.004126302081,0.001395277052,0.003474216119,0.013541682937,0.020304164458,0.017535011541,0.028409819296,0.061641360514,0.039758552896,0.010373442807,0.003873275706,0.001193150424,0.000359209198,0.000050017626,0.000050000000,0.000050000000,0.000050000000,0.000064988543,0.000147409548,0.001144792427,0.013809058698,0.100136341430
0.236665432710,0.142018540603,0.017135397712,0.000940379680,0.000128781125,0.000104128123,0.000142120229,0.001476168528,0.016770808348,0.075660907277,0.241854053446,0.597081894120,0.581873777277,0.357692482934,0.118002075973,0.053327956419,0.033759104989,0.015106141934,0.004063797662,0.002671727703,0.004433067263,0.009013721012,0.014443939632,0.012510384467,0.006946595576,0.001250331206,0.000149015041,0.000054928749,0.000068092778,0.000247391020,0.003456344679,0.018950696347,0.038764239003,0.045087350187,0.057894567840,0.088668674825,0.051337276802,0.006353393308,0.000386969855,0.000134247808,0.000459858284,0.004364221605,0.019261519084,0.025547295976,0.018153880873,0.022431594166,0.038933606055,0.036544555785,0.012522427599,0.001759396947,0.000131300314,0.000050000000,0.000050000000,0.000050000000,0.000050000000,0.000064275619,0.000171698393,0.001210496688,0.012514106587,0.084455276718
0.201796373451,0.150048199282,0.022715171306,0.001659036746,0.000240659001,0.000206047289,0.000339486886,0.001469313905,0.013039861977,0.050053999645,0.099377203605,0.219769828027,0.469317890337,0.731155924386,0.305157606841,0.099792265948,0.047052624177,0.029285129528,0.014760327988,0.009526393736,0.006307905437,0.006357953807,0.011238262230,0.019864957615,0.016553190050,0.004349003287,0.000584572735,0.000155501936,0.000165578983,0.000317593916,0.001674431447,0.007224413918,0.028268745719,0.073433891926,0.095113156221,0.074576146689,0.036557610174,0.007109084832,0.000418930571,0.000050433449,0.000089339655,0.000967618440,0.008228081986,0.015664366605,0.009165702512,0.006405197349,0.010740531758,0.019396371224,0.018349608589,0.002623625810,0.000265373548,0.000118628823,0.000169091754,0.000506616515,0.000837557274,0.000238601169,0.000070483546,0.000428746302,0.007269290747,0.066226381400
0.204026211957,0.165939798141,0.028701037837,0.002855816821,0.000608646269,0.000697128867,0.001504671809,0.004498343650,0.007035689799,0.016471355870,0.037614653100,0.065082897883,0.178087256924,0.630410746026,0.643375690993,0.228139937233,0.086398176631,0.046439448831,0.031508090853,0.025748252251,0.017453516180,0.013030848824,0.014223023438,0.022022049240,0.022715310617,0.013564859032,0.003532984223,0.000846104847,0.000255370949,0.000136766707,0.000334910218,0.001842205265,0.014302568243,0.081606775876,0.131884428445,0.073484724638,0.022006607127,0.002904082233,0.000260174915,0.000050000000,0.000059097612,0.000201059941,0.001052959788,0.003670307421,0.007034484201,0.009040939352,0.010296479078,0.009962387299,0.007208634230,0.002809936646,0.000425420721,0.000182115546,0.000681219321,0.003151598106,0.003786261455,0.000629836632,0.000072184438,0.000173267697,0.004554034606,0.057755653238
0.211354738035,0.142269734435,0.033197195582,0.007102517491,0.002807362030,0.002596896908,0.003908585815,0.008685610206,0.008707002032,0.003162136688,0.001174164881,0.001656409383,0.017815960674,0.247299550896,0.722435725225,0.505836482983,0.218629179863,0.116526474758,0.105010197743,0.083075779195,0.042570097086,0.021936260308,0.021061944691,0.034021009601,0.032989001979,0.019417084901,0.005751503814,0.001135591037,0.000232749133,0.000104136980,0.000147899000,0.000652147768,0.006445604957,0.052434747095,0.126814272206,0.111847187842,0.038767742161,0.009290025018,0.001505313419,0.000115229558,0.000052047550,0.000057203437,0.000096168661,0.000198064981,0.000706755076,0.002785342060,0.006635005903,0.006511319747,0.004052995595,0.002143561292,0.001198829364,0.000401732425,0.000233856982,0.000398533277,0.000631500506,0.000726692502,0.000781537665,0.001035883870,0.005691603555,0.066521877651
0.204174112897,0.154145029962,0.055047721615,0.016648019049,0.007372358070,0.005462155670,0.006082334660,0.010497101776,0.008703657918,0.003616519967,0.001872297902,0.001639143322,0.008191111746,0.110955502205,0.358093103563,0.535481208656,0.509090734342,0.349346754763,0.238099646280,0.166238670028,0.139045545406,0.122175529558,0.093093243930,0.066468630944,0.050353464105,0.032964927520,0.009797772534,0.001729058330,0.000327721359,0.000148489726,0.000190151965,0.000729265848,0.008069222021,0.063948792122,0.143257445485,0.123689997605,0.052429166223,0.017107813218,0.012882467524,0.009661977488,0.004279933975,0.002194874944,0.000456351588,0.000142052020,0.000446258958,0.001527974730,0.002840887693,0.004151481941,0.006445553553,0.006397731892,0.002772634140,0.000736528399,0.000194727108,0.000073750259,0.000072878754,0.000244545414,0.001063527672,0.004839996561,0.014180800230,0.074166465035
0.187223760411,0.127262273472,0.054521823735,0.021500625665,0.011141919940,0.007019432936,0.005022421365,0.005017190180,0.004377802246,0.003575906046,0.003160567064,0.002759947127,0.005449335284,0.044278515740,0.168858529666,0.308285001958,0.315334208988,0.319085840944,0.366281459837,0.383126926116,0.386232919824,0.332303090718,0.222261770514,0.107079371091,0.054854254800,0.030213069825,0.007472255840,0.001401907907,0.000386553431,0.000273465785,0.000393601862,0.001093909674,0.007294769503,0.048247062326,0.131352542130,0.155463395218,0.080864433087,0.026547423022,0.010203146686,0.007022164650,0.008141641364,0.006745459116,0.003137420542,0.000352485031,0.000395443396,0.000843150090,0.001029105668,0.001375805524,0.005312032498,0.020618044611,0.009380102809,0.000805545216,0.000112490293,0.000060928682,0.000051920904,0.000051512509,0.000156856305,0.001496234246,0.017040942625,0.085293414395
0.152244434231,0.085611121113,0.035617797054,0.013809861489,0.007128732188,0.004241930104,0.001999077300,0.001144574231,0.001088242941,0.002126228953,0.004373684306,0.004955908942,0.005955747291,0.017623634630,0.056081110136,0.126926874506,0.127793302743,0.112310960928,0.141575719643,0.237702525882,0.436427212518,0.660955329345,0.420676778480,0.141892108598,0.053892791465,0.016271711925,0.002704811953,0.000616373510,0.000321308660,0.000403033988,0.000492217800,0.000663408860,0.002508943708,0.021628419166,0.103435185791,0.152653433275,0.072479662298,0.019949372248,0.008915394154,0.003929221218,0.002516535457,0.000914114531,0.000278423349,0.000191160577,0.000252814871,0.000306959773,0.000325454442,0.000423303629,0.001434782757,0.012563683930,0.006701097105,0.000452515008,0.000091130429,0.000061004185,0.000056256488,0.000070717013,0.000196856175,0.001934337127,0.018670172027,0.076839635583
0.142819809085,0.058175203069,0.016178506963,0.005103486661,0.003118418164,0.002968414710,0.002018489929,0.001638420743,0.002206856233,0.003917747705,0.005551730307,0.005417709605,0.007080182592,0.016939460424,0.035615623499,0.051411232836,0.051888229212,0.046008937689,0.043222830392,0.054050120059,0.134516658635,0.463162477718,0.729700133335,0.417803608976,0.114744344411,0.011659523207,0.000824990562,0.000226855037,0.000128384465,0.000124836732,0.000161070293,0.000304121037,0.001743938201,0.020782465572,0.107751788034,0.132176789814,0.048285151204,0.011658770972,0.004570907563,0.002084899622,0.001542879453,0.000586452629,0.000250338557,0.000150300282,0.000125645411,0.000110360303,0.000112920207,0.000144068065,0.000348728743,0.001234493598,0.000636826575,0.000141702972,0.000069569448,0.000056059403,0.000059862174,0.000089551353,0.000171484534,0.001325870929,0.014750955194,0.073001904395
0.113768812814,0.039375327533,0.009558612280,0.002673554762,0.001593940292,0.001883909552,0.002185919179,0.003361368622,0.005726411935,0.006527449964,0.005557481706,0.004035532907,0.005232052551,0.010378323286,0.019204228923,0.027634763826,0.022098549933,0.010042417997,0.004148990094,0.003002822495,0.013883055011,0.143760009921,0.603212723658,0.741519913133,0.207601096503,0.013952315383,0.000444853607,0.000082849937,0.000058408752,0.000050000000,0.000050000000,0.000113467879,0.001202304162,0.023734192371,0.129908394278,0.101744202751,0.021459428951,0.004501015352,0.001579388225,0.000818315529,0.000940912496,0.000679204364,0.000240418683,0.000092198921,0.000069746211,0.000062561927,0.000064007342,0.000069271499,0.000086040172,0.000106617485,0.000069492086,0.000050279947,0.000050000000,0.000050000000,0.000050000000,0.000054985514,0.000105552258,0.000767046096,0.009769501646,0.061570687069
0.073867060152,0.049384175592,0.023885716519,0.006493917187,0.001677831995,0.000858669275,0.000830370699,0.002075795229,0.007493607716,0.012648329756,0.012656197447,0.005922668802,0.003307592389,0.004398504936,0.009921295522,0.017309855779,0.009608611459,0.001843225176,0.000401442552,0.000242733547,0.001249077002,0.026755820212,0.279843270753,0.872776073958,0.400242810967,0.022255884603,0.000358003135,0.000050809778,0.000050000000,0.000050000000,0.000050000000,0.000122747140,0.002728089030,0.042494983858,0.116981023400,0.066294735781,0.011536829778,0.001797087361,0.000547560006,0.000358942944,0.000504247757,0.000482271766,0.000403419411,0.000332115034,0.000076621290,0.000064074517,0.000062475207,0.000056804327,0.000052546097,0.000079211790,0.000068881991,0.000050000000,0.000050000000,0.000050000000,0.000050000000,0.000050000000,0.000095282553,0.001049953948,0.009106651934,0.037908027319
0.047654821588,0.055059885241,0.036847424531,0.010863378305,0.001937205640,0.000568818373,0.000440180965,0.001299948280,0.007866176698,0.019285713271,0.017064162014,0.004129846604,0.001430719464,0.001581218653,0.003330858825,0.004617378434,0.002808056261,0.001186201326,0.000752892334,0.000410187536,0.000829638024,0.007588742220,0.111769963213,0.798178858043,0.607428662365,0.042060695091,0.000549915812,0.000050000000,0.000050000000,0.000050000000,0.000050000000,0.000066674902,0.001539757203,0.035241705081,0.116556468154,0.072658072995,0.011751629895,0.001640881505,0.000408729302,0.000143102294,0.000114535007,0.000122485434,0.000199308876,0.004593861096,0.002379353160,0.000108172172,0.000073709803,0.000057983522,0.000064968615,0.000147058256,0.000094586140,0.000050000000,0.000050000000,0.000050000000,0.000050000000,0.000050000000,0.000100446974,0.001170444756,0.007952343567,0.022325434478
0.064232673423,0.042543406705,0.018496509091,0.006713712923,0.002222655288,0.001187188311,0.001055140267,0.002456716699,0.010679978801,0.020206119891,0.015536841458,0.003132057554,0.000845255012,0.000446144601,0.000465205072,0.000505727847,0.000490372836,0.000343427542,0.001759953982,0.004030116465,0.008201854598,0.021217020910,0.145323524385,0.817770590794,0.565580495343,0.058997410360,0.000755637701,0.000050000000,0.000050000000,0.000050000000,0.000050000000,0.000050000000,0.000392792370,0.018530882487,0.110463143069,0.086800799277,0.015318992212,0.002075573618,0.000388628260,0.000080156894,0.000056977233,0.000082487317,0.000167319961,0.000744951908,0.000780892876,0.000175119256,0.000094221683,0.000090043413,0.000135631831,0.000131171874,0.000055695038,0.000050000000,0.000050000000,0.000050000000,0.000050000000,0.000050000000,0.000061497809,0.000748980393,0.010806814004,0.039638815969
0.073049832241,0.046027121600,0.013616624280,0.003137341427,0.000708141710,0.000453875828,0.000646884452,0.002489948632,0.013616608533,0.024641203109,0.014784635714,0.002774108633,0.000593543194,0.000372240748,0.000601991795,0.000749016295,0.000596246776,0.000531591254,0.004975032115,0.009411745797,0.017323999528,0.061538736848,0.338102088148,0.862392633430,0.368100238064,0.044770562767,0.002062828614,0.000091743740,0.000050000000,0.000050000000,0.000050000000,0.000051180865,0.000436630703,0.012086456001,0.078796697496,0.094451422380,0.024757064610,0.001986942798,0.000121183687,0.000051528671,0.000071651836,0.000115218364,0.001734493866,0.010416831369,0.002959309985,0.000169692882,0.000077715366,0.000059530679,0.000056621745,0.000054475740,0.000050000000,0.000050000000,0.000050000000,0.000050000000,0.000050000000,0.000050000000,0.000062192252,0.000573079771,0.007260623788,0.037970823182
0.062418063134,0.054629424622,0.019082490692,0.003547738515,0.000522230533,0.000277421429,0.000448046599,0.002486217321,0.015003449759,0.023375695459,0.010474633284,0.001116386970,0.000157915381,0.000197976724,0.000603276013,0.001233760821,0.001233845523,0.003880934386,0.013451099791,0.021055685741,0.053501466226,0.227868905928,0.645945632676,0.695064473782,0.197316117964,0.024218346036,0.002201729316,0.000192544164,0.000062071756,0.000050000000,0.000050000000,0.000056474732,0.000568349600,0.012447281569,0.083062987147,0.101427827140,0.022480369606,0.000930114074,0.000062117963,0.000056047385,0.000084131973,0.000194085589,0.002472683224,0.001713267695,0.000223568844,0.000099412498,0.000066409799,0.000056281495,0.000050000000,0.000055286034,0.000060841602,0.000060699073,0.000050272628,0.000050000000,0.000050000000,0.000050000000,0.000091689552,0.000873334620,0.006782603801,0.028260285531
0.056390776667,0.034450444982,0.012142010965,0.003422532715,0.001125249416,0.000968053519,0.001453049901,0.005215666986,0.014550384215,0.011330502328,0.003535309009,0.000498783865,0.000176695006,0.000285201786,0.000971971166,0.002231195015,0.003041938763,0.006993260888,0.018613299315,0.044291329062,0.192117793668,0.644801655538,0.629695123764,0.356946112240,0.115817927585,0.016952228496,0.001277104826,0.000124335507,0.000050000000,0.000050000000,0.000050000000,0.000050000000,0.000310855990,0.011752588952,0.104151125815,0.098656326156,0.017259000903,0.000958224896,0.000116776817,0.000077106332,0.000111714465,0.000211321233,0.000475562964,0.000193456219,0.000102780857,0.000081715644,0.000068684502,0.000068959136,0.000062649514,0.000056505559,0.000052461932,0.000060162818,0.000056126271,0.000050000000,0.000050000000,0.000050000000,0.000094430446,0.000629636204,0.005750799641,0.029853283040
0.056271725091,0.024845205309,0.009044097090,0.004080082780,0.002267953072,0.002181421989,0.002288598167,0.004975985984,0.009430076543,0.006339111594,0.001725057822,0.000330029300,0.000227710070,0.000662327608,0.002265072474,0.005375954239,0.012356659557,0.035357344345,0.088142500965,0.159119284407,0.391963954029,0.754468060199,0.452663833357,0.163705323716,0.036776985273,0.006129480723,0.000820931228,0.000122972082,0.000050000000,0.000050000000,0.000050000000,0.000050000000,0.000324189882,0.011818548246,0.091015445507,0.091426788748,0.023402145193,0.002623713263,0.000486366578,0.000148465042,0.000294985944,0.000646399273,0.000743678617,0.000122385723,0.000079087944,0.000072301519,0.000073946227,0.000094438202,0.000102474810,0.000126517482,0.000108220605,0.000086036038,0.000054253661,0.000050000000,0.000050000000,0.000053196462,0.000088855288,0.000479068211,0.004968463253,0.031457190980
0.047253761569,0.023832726106,0.012196851700,0.007855149363,0.004953866612,0.004025233705,0.002651526388,0.003269979494,0.005449093844,0.005089886394,0.001786248729,0.000388138125,0.000389012088,0.002447422859,0.010117244388,0.023457319466,0.028945891750,0.052983367122,0.169814459514,0.492893737970,0.672592158639,0.449133021203,0.220180119143,0.105011862922,0.031231381290,0.003748931240,0.000324170346,0.000074157244,0.000050000000,0.000050000000,0.000050000000,0.000056590748,0.000582307553,0.014276129451,0.085939578388,0.087931962096,0.024531986276,0.004846870291,0.002196640046,0.000633364746,0.000307966166,0.000154280173,0.000124665400,0.000102854021,0.000060278426,0.000051021407,0.000059393421,0.000086245226,0.000129209359,0.000255713033,0.000200465899,0.000095057399,0.000050775963,0.000050000000,0.000070784019,0.000080458372,0.000102241898,0.000780335730,0.007240082798,0.030357120287
0.041815655962,0.026217064788,0.014398527106,0.010354713697,0.005423565531,0.002772503677,0.001486254176,0.001957411180,0.005289524451,0.007122507658,0.003022522121,0.001086378531,0.001503523293,0.005228142330,0.010904685117,0.020368771448,0.050242927496,0.188192276277,0.477830895515,0.670571231083,0.472148928955,0.186844960752,0.102024798382,0.074778586014,0.030046845081,0.004109988376,0.000485484092,0.000073456477,0.000050000000,0.000050000000,0.000050000000,0.000050000000,0.000389561697,0.010540243433,0.068051526297,0.081561282901,0.031868195721,0.013546567269,0.010441291290,0.004630070259,0.001141267089,0.000200577499,0.000087722451,0.000126268009,0.000145684959,0.000050293005,0.000055782142,0.000086147330,0.000190766813,0.000331365551,0.000216619688,0.000083145479,0.000050000000,0.000050000000,0.000050000000,0.000057316347,0.000141162251,0.001181330920,0.008157746081,0.025609198946
0.031866507808,0.022513718196,0.016667604089,0.013291073894,0.006947391230,0.003874544864,0.002551971468,0.003247039430,0.006003581955,0.007319840220,0.007213895287,0.005475688253,0.004581726760,0.007691853561,0.017085013921,0.051765653960,0.171250650258,0.493650214555,0.729655236127,0.363401979171,0.147342231601,0.099684568693,0.116244064681,0.070982343621,0.015342563623,0.003833796471,0.000882281682,0.000108811616,0.000050000000,0.000050000000,0.000050000000,0.000050000000,0.000329646104,0.009614157291,0.068585695079,0.091036291274,0.036698986642,0.015733149750,0.009554999167,0.003222757676,0.001106219252,0.000566461377,0.000907275456,0.001935648913,0.001119813469,0.000193894871,0.000156165318,0.000210790430,0.000212468760,0.000149607541,0.000091339992,0.000065402475,0.000050000000,0.000050000000,0.000056213705,0.000108974282,0.000252393340,0.001437811627,0.008022727987,0.023065496612
0.034315050703,0.027110043351,0.020012810519,0.013940048087,0.006197983749,0.002893202810,0.002002701374,0.003309722806,0.006407257151,0.008629421788,0.009630938668,0.004298050843,0.001619497711,0.002115728725,0.009178155508,0.080428548899,0.433382029925,0.771888254233,0.430840462665,0.083375356311,0.025714735741,0.026639895154,0.071952827113,0.048514096765,0.010871562113,0.002837250714,0.000565643915,0.000131139598,0.000061671224,0.000050000000,0.000050000000,0.000050000000,0.000209962841,0.006381189914,0.062275684111,0.096592960621,0.028332276628,0.006376630823,0.001904047805,0.001019694778,0.000798441698,0.000733307589,0.002606944284,0.004525250309,0.000590367640,0.000123860337,0.000341725956,0.000902965266,0.001038528743,0.000330513247,0.000075276234,0.000050000000,0.000050000000,0.000050000000,0.000079882459,0.000171653153,0.000164059316,0.000325779683,0.002063980007,0.013921729992
0.039005614349,0.023967879970,0.013563436671,0.010456541600,0.007541188289,0.004570772655,0.002945990858,0.003541945841,0.006952122546,0.011453237065,0.013465069252,0.007123175790,0.004933483420,0.012362781856,0.060972253924,0.265939457816,0.682260862144,0.649778933729,0.167341231336,0.019352592340,0.003217941878,0.002687364201,0.011487329113,0.026893097026,0.020448315079,0.003615394248,0.000333892165,0.000114141108,0.000080498746,0.000050000000,0.000050000000,0.000050000000,0.000169541399,0.004877864035,0.048919794066,0.099560500120,0.036232826773,0.009377630075,0.001502688431,0.000274194466,0.000141289777,0.000197038446,0.002717126844,0.009814526089,0.002923830365,0.000285317436,0.000344877695,0.001593402833,0.004403831112,0.001449701395,0.000116354808,0.000050000000,0.000050000000,0.000050000000,0.000051481519,0.000065544294,0.000066117217,0.000131342616,0.001095891954,0.011688916349
0.050719941253,0.020611185289,0.008419488015,0.006177241007,0.007026950803,0.007411846114,0.005359104846,0.003849102546,0.007085347984,0.021457086270,0.042235272660,0.036861484794,0.032570494711,0.062336611656,0.213129348993,0.584633613819,0.695664465870,0.326796445667,0.056202427761,0.011905549902,0.001776057708,0.000443669040,0.000866244363,0.006930180778,0.025887645042,0.008900932483,0.000488595113,0.000077520141,0.000053283641,0.000050000000,0.000050000000,0.000052672059,0.000192256997,0.004266312748,0.045442375464,0.107657663638,0.038141405226,0.005347200742,0.001283567387,0.000513837069,0.000197259693,0.000225047539,0.000656828717,0.002408090188,0.004428560821,0.001320651440,0.000296930382,0.000514274648,0.001420357131,0.001341314015,0.000274477308,0.000086684152,0.000053288657,0.000050000000,0.000050000000,0.000050000000,0.000054151104,0.000162347257,0.001839431595,0.018460713617
0.064029671365,0.026781880079,0.010614094463,0.006600429560,0.005487669174,0.004778510396,0.003162201339,0.001983246319,0.003928320511,0.026068601008,0.073154440972,0.054426633345,0.055239896152,0.157461809346,0.569582316902,0.709188588682,0.339995219956,0.094615092721,0.015195594814,0.003457501705,0.000853987107,0.000521105490,0.001521303438,0.007826171622,0.016229034682,0.005266605235,0.000357880465,0.000063596001,0.000054548089,0.000051800153,0.000051598008,0.000060187312,0.000159349509,0.004533217410,0.052995403367,0.092729482803,0.020631942751,0.001692538238,0.000221615549,0.000072624226,0.000069883593,0.000105297192,0.000313003234,0.001560088788,0.004204040935,0.004697975379,0.001847811271,0.000952662715,0.001226735866,0.000867152543,0.000279074147,0.000066199622,0.000050000000,0.000050000000,0.000050000000,0.000050000000,0.000050000000,0.000086595734,0.002154969206,0.025942077849
0.058853068494,0.029177495814,0.014159272651,0.009901637045,0.007683239282,0.004864608903,0.002136569417,0.001133444236,0.001541923007,0.015825519254,0.086732777429,0.132618209576,0.183483937540,0.438377105440,0.745535003859,0.411104720685,0.109279173497,0.045638597035,0.018135020560,0.006488163444,0.001522736852,0.000783558706,0.002136723200,0.008734882067,0.009079266814,0.001891041528,0.000278604794,0.000102677180,0.000083674414,0.000058219656,0.000054253485,0.000065384853,0.000294199419,0.007446859847,0.065731998779,0.070079697076,0.012322320351,0.001312960246,0.000331224282,0.000128825269,0.000132109514,0.000309871100,0.001030743681,0.002981259051,0.003780940717,0.002529774573,0.001909668380,0.002722099752,0.005733102884,0.002651895596,0.000246474074,0.000054374845,0.000050000000,0.000050000000,0.000050000000,0.000073068112,0.000086946650,0.000199746673,0.003912196305,0.031184722784
0.052755601820,0.032516479585,0.014642668531,0.008486622033,0.006246943864,0.004347333731,0.002215473703,0.001185491291,0.001602326791,0.005849033808,0.039058509542,0.227367397087,0.539631199649,0.664160345049,0.414697557463,0.165693386505,0.069711342851,0.039330563767,0.011908453513,0.002715020292,0.000876897883,0.001107994212,0.004726349409,0.011150462742,0.004867512511,0.000886285014,0.000242025886,0.000113025947,0.000095612630,0.000078147133,0.000094392379,0.000173299015,0.000892075083,0.012497614362,0.066850598931,0.062487523673,0.013675204428,0.001481233986,0.000247566787,0.000096472477,0.000151857295,0.000763864563,0.001986283010,0.002207173962,0.001700616910,0.001139015553,0.001897809030,0.009011002929,0.006404465383,0.001245091875,0.000172513699,0.000050000000,0.000050000000,0.000050000000,0.000050000000,0.000068049993,0.000081486862,0.000163691789,0.003359228099,0.025414516931
0.051487752524,0.037930302269,0.016497495784,0.007461805613,0.003342052529,0.001320719214,0.000548067797,0.000419521723,0.003378840266,0.024971513031,0.124129370243,0.447817955035,0.733502475705,0.447491715632,0.183270515148,0.059543807207,0.026403504419,0.019801827625,0.009451754673,0.002999654877,0.001248425065,0.001806287961,0.009821977040,0.021615729102,0.004458378255,0.000499620629,0.000174415644,0.000101628291,0.000095698346,0.000089925144,0.000167857751,0.000409626308,0.001493909448,0.009850715987,0.040715295738,0.053894241828,0.016571291778,0.001902270718,0.000390999883,0.000158135501,0.000179610614,0.000526444519,0.002450234877,0.003677793495,0.001608067327,0.001101441997,0.005502115810,0.028630972024,0.016421847602,0.001952526278,0.000089903984,0.000050000000,0.000050000000,0.000050000000,0.000050000000,0.000050000000,0.000054930341,0.000232588598,0.004328206612,0.024523591062
0.042494528494,0.040661935953,0.021411268703,0.008308416203,0.001602673049,0.000281147288,0.000095661968,0.000123569558,0.002191348272,0.024055511760,0.183567213774,0.809524195427,0.539071107060,0.103721579077,0.034170960021,0.032807583680,0.040230588801,0.023453240340,0.005059884696,0.001493949978,0.001287338355,0.003655613728,0.019198502709,0.026046553481,0.003213335802,0.000368869249,0.000149698613,0.000070694278,0.000064556123,0.000066626892,0.000311398447,0.001704503238,0.006250630858,0.014334189153,0.023916321556,0.029018180641,0.013807009366,0.002053062220,0.000418469232,0.000174239657,0.000164402880,0.000279018558,0.000830794502,0.001339950237,0.000715600029,0.000503870693,0.004175132180,0.006510256725,0.002014653145,0.000970022172,0.000145366247,0.000050000000,0.000050000000,0.000050000000,0.000061216068,0.000122749250,0.000134630255,0.000270297659,0.002949089044,0.016772653973
0.025675389569,0.025996309378,0.019639270897,0.010324911825,0.001952269099,0.000274674890,0.000095459063,0.000112441249,0.000785598240,0.025374395940,0.400872497496,0.886067182251,0.223066952352,0.032206848419,0.018585073654,0.024269146049,0.022136539928,0.007629847279,0.002224651954,0.001766607353,0.002843864472,0.007905864906,0.024729770418,0.023628849688,0.004201510810,0.000626343330,0.000190436043,0.000064953352,0.000056757655,0.000051096234,0.000306279846,0.002165106739,0.008287517539,0.014189732079,0.020106725379,0.030085192357,0.015759214070,0.002153697078,0.000347129457,0.000159047205,0.000156908957,0.000230162912,0.000394242286,0.000605587380,0.000594854454,0.001172044269,0.003684277303,0.002147720321,0.000863852474,0.000605319344,0.000282613126,0.000252559644,0.000055223636,0.000056561346,0.000077310384,0.000173475180,0.000221297283,0.000379192558,0.003019737630,0.012620493931
0.013234510282,0.014917517497,0.017454803263,0.009525613008,0.001906634458,0.000370204284,0.000172637170,0.000213345791,0.000842774297,0.021094941881,0.590007762515,0.804434808570,0.049981638096,0.002691179604,0.002369932919,0.014086576527,0.038991855979,0.009876262643,0.001370918753,0.000693654824,0.001361772999,0.007443155603,0.032849117111,0.034710995841,0.006713063448,0.000759626372,0.000250274502,0.000091533331,0.000059378280,0.000094570450,0.000413788437,0.000645273063,0.003703312465,0.011171049146,0.025567485678,0.037743056683,0.018116466157,0.002316838018,0.000270749526,0.000113293343,0.000182435572,0.000364813003,0.000404297814,0.000422439410,0.001277122355,0.010308368392,0.008163387474,0.000465697382,0.000240129953,0.000238676949,0.000182454785,0.000109279126,0.000050000000,0.000050000000,0.000065407040,0.000267580115,0.000518573605,0.001430360865,0.005546188938,0.010960350662
0.016124708907,0.013499293604,0.012278214000,0.005241837478,0.001032108128,0.000215584986,0.000095508865,0.000115995924,0.000683201358,0.027613987070,0.638763760260,0.764569289396,0.088694707626,0.007488201185,0.002498044195,0.003725684663,0.004227604858,0.000972952043,0.000279037249,0.000311130123,0.001637864057,0.014882953522,0.038623876773,0.025565211749,0.006661433917,0.001331853321,0.000623746554,0.000334638141,0.000267137794,0.000281266793,0.000539954947,0.000655028346,0.002089240915,0.006594855080,0.017507351559,0.029592290061,0.021504431616,0.006682397623,0.001699739845,0.000662973247,0.000754653594,0.000952035849,0.000617217973,0.000439327387,0.000882738396,0.006358846385,0.003712936424,0.000337449625,0.000157610065,0.000177550755,0.000180943471,0.000154936418,0.000055321788,0.000050000000,0.000065928228,0.000349846074,0.000880877524,0.003220199566,0.010597269970,0.018601693047
0.020886108804,0.015251516996,0.006908398049,0.001972635156,0.000407630517,0.000122177650,0.000065897505,0.000074497180,0.000600612081,0.026890715608,0.565098619558,0.817582446328,0.116309588832,0.004835198505,0.000341318284,0.000125852425,0.000114371132,0.000086284004,0.000068276890,0.000200945715,0.002551922468,0.017571975768,0.035234479472,0.016663713017,0.003626669440,0.001237803085,0.001149141314,0.000843190094,0.000751191374,0.000563465308,0.000739578426,0.000668028507,0.000756837644,0.002359781319,0.011103066598,0.027146056757,0.021421160121,0.005779230648,0.002036503738,0.001280392420,0.001516906055,0.001466840842,0.000727785964,0.000518744450,0.000989511716,0.005708987107,0.003300731236,0.000302198377,0.000143493004,0.000159855668,0.000139284606,0.000115623875,0.000077375145,0.000058788532,0.000051621698,0.000211007321,0.000751079199,0.002300042004,0.007952720918,0.018877659349
0.021021825742,0.020782892834,0.007417577278,0.001160878796,0.000159008138,0.000059698057,0.000050000000,0.000085898143,0.000898849609,0.023397213162,0.445605290597,0.888655920740,0.116215813045,0.003662725560,0.000336851649,0.000166589469,0.000212617701,0.000206348509,0.000235401732,0.000552038693,0.002946092602,0.012000535253,0.023744865350,0.011740746235,0.002913242333,0.001357204429,0.001469228854,0.001301499471,0.001823658597,0.002080140409,0.001648095097,0.000784408393,0.000661917325,0.002273066163,0.011401695116,0.028415282894,0.018184161989,0.003308170355,0.000925930148,0.000671439596,0.001021605274,0.001645453115,0.000914980265,0.000714374522,0.000913561746,0.002689722872,0.007091720234,0.001094487641,0.000271735506,0.000217175650,0.000148355806,0.000120436371,0.000085024753,0.000059388822,0.000050000000,0.000212068353,0.001038581821,0.002444056393,0.003792656758,0.012648270781
0.022357935378,0.025002246217,0.007144464010,0.000845488955,0.000103746244,0.000051734645,0.000050000000,0.000050000000,0.000345964045,0.016918625560,0.400559931217,0.896904593874,0.191740996497,0.008280845353,0.000625158521,0.000172328806,0.000191222791,0.000252109730,0.000332349867,0.000678762404,0.003108494698,0.011579698627,0.018643976646,0.007158837684,0.002150336874,0.001155844725,0.001438645983,0.001532314040,0.001827457841,0.001262305965,0.001190043709,0.000906259465,0.000898626913,0.002964994300,0.013225703183,0.025709920486,0.013146682730,0.002005194766,0.000415612202,0.000260737905,0.000283605322,0.000400310165,0.000367186225,0.000469843298,0.000790654796,0.002283929932,0.003511588216,0.002607553939,0.000698736099,0.000246657998,0.000113045965,0.000089788289,0.000069424035,0.000054764879,0.000050000000,0.000139526695,0.000715491310,0.000586505263,0.001452602009,0.008582884066
0.021453847078,0.022904392405,0.005930253028,0.000784176511,0.000106468250,0.000052631680,0.000050000000,0.000085247984,0.000781850789,0.013781747313,0.233531757809,0.932610094346,0.276156925303,0.011978695350,0.001257344192,0.000867041041,0.001990962647,0.002001469786,0.000928862409,0.000725474437,0.002059554245,0.008703570411,0.018971848979,0.007417153013,0.001615114200,0.000731036911,0.000730354510,0.000740289460,0.001065651272,0.001236676656,0.001995673327,0.001700459220,0.001106531969,0.002694344830,0.011835961540,0.024990282280,0.017232329928,0.002704399316,0.000395757920,0.000157481527,0.000144753555,0.000236071238,0.000389242694,0.000687802122,0.001769280159,0.006439672912,0.011692647252,0.007355392311,0.001371134705,0.000220134640,0.000062228983,0.000050000000,0.000050000000,0.000050000000,0.000050000000,0.000050483068,0.000139760766,0.000245389988,0.001091041502,0.007048548378
0.016309302128,0.016891111923,0.007221135797,0.001937813612,0.000296111720,0.000067806286,0.000067107863,0.000148919300,0.001045384663,0.010817308095,0.155041824682,0.832869175438,0.530482908407,0.040690480385,0.002953211357,0.000823118269,0.001466067413,0.003022965958,0.003054701719,0.001819619350,0.002794414099,0.008080816076,0.019763023793,0.011286534935,0.002497493739,0.001025714185,0.000793304033,0.000523146179,0.000592906952,0.000714084100,0.001267251205,0.001655873434,0.001587003147,0.003686419078,0.014779355707,0.034869935510,0.024293393307,0.003242342385,0.000280610574,0.000065843337,0.000061770349,0.000081627136,0.000205850811,0.001230695359,0.004064959115,0.007135703092,0.009433236353,0.007638058875,0.001488200759,0.000139125815,0.000050000000,0.000050000000,0.000050000000,0.000050000000,0.000050000000,0.000064372980,0.000236046687,0.000468869789,0.001224749148,0.006808179362
0.011088375982,0.016105174472,0.012808749681,0.007047797365,0.001755997042,0.000314902549,0.000156805305,0.000099966874,0.000255432721,0.003776330821,0.100326389924,0.710663671896,0.692819111133,0.071718440197,0.003171416696,0.000426218634,0.000851816259,0.003744248489,0.007408514782,0.003983214666,0.004451469519,0.011482104080,0.024729572765,0.011937936351,0.002895938241,0.001369216605,0.001063702512,0.000616558103,0.000694029283,0.000858028802,0.001549803636,0.002636095142,0.003161191604,0.006851878127,0.020104665429,0.035014214379,0.020644961350,0.002387793530,0.000148887630,0.000050000000,0.000051066392,0.000136373973,0.000365961811,0.001080722692,0.003010797756,0.006172771339,0.007182436718,0.007746984392,0.001555063107,0.000091303963,0.000050000000,0.000050000000,0.000050000000,0.000050000000,0.000077401134,0.000569205051,0.005018383320,0.012203655272,0.003002980516,0.004524449499
0.008430981469,0.015512505681,0.017034488313,0.014664158261,0.006259883874,0.002313525240,0.001263751217,0.000515372918,0.000699204036,0.003471506351,0.049106571825,0.530428292995,0.840059360107,0.099337953334,0.002697268788,0.000258515764,0.000555817869,0.003562581152,0.016357980578,0.013708818871,0.011752774678,0.016486580977,0.024737929408,0.011259643077,0.003256080289,0.001602021413,0.001143797886,0.000705622883,0.000996749502,0.001093109054,0.002562546134,0.006100866872,0.008995151265,0.013405346461,0.021588334828,0.026166232342,0.019064510511,0.002732925659,0.000213012333,0.000088244142,0.000081083154,0.000245048812,0.000798873256,0.001784572834,0.003717124569,0.005862433245,0.006868082637,0.009214074947,0.001776377062,0.000097188818,0.000050000000,0.000050000000,0.000053176266,0.000209934593,0.000985311548,0.005936906150,0.012427391940,0.006931003413,0.001318418808,0.003199157084
0.008391193024,0.012665069195,0.015783165147,0.018444338877,0.008751288696,0.005617883049,0.008695975627,0.008821777824,0.006789315410,0.007654954342,0.040281669361,0.441615943127,0.889379055732,0.103849308069,0.001803404470,0.000152201995,0.000286929596,0.001123312123,0.007674848010,0.018216714411,0.029165859944,0.028181208558,0.018303715750,0.006869427435,0.002902452532,0.001146446163,0.000752699229,0.000711947858,0.001453068910,0.001467751237,0.002447518859,0.005649807765,0.012544497393,0.022289984775,0.029064506506,0.023034286703,0.012473711131,0.003107364395,0.000367234814,0.000078132036,0.000056876933,0.000130992094,0.000324076848,0.000395911175,0.000661001263,0.001425686582,0.003451008117,0.006720056613,0.001667439315,0.000234277774,0.000084838172,0.000063858138,0.000073637780,0.000318957165,0.000929291298,0.002900239563,0.005320520562,0.004279045424,0.001563908158,0.003912791816
0.010079139356,0.012079057110,0.013541907641,0.016868360976,0.012099744700,0.013019053614,0.023085328448,0.018513813544,0.009961935032,0.008401418724,0.037588164062,0.403677694400,0.901384464335,0.138773086150,0.004519397679,0.000283767430,0.000293113072,0.000633986979,0.001940844507,0.005376099766,0.021446981518,0.038066584134,0.024267418171,0.006029970811,0.001649997562,0.000561914749,0.000464414387,0.000511925445,0.000878633035,0.001037259855,0.002079141395,0.006961840101,0.017245061886,0.029215357098,0.038755655583,0.028119286682,0.010028363248,0.001253160217,0.000107901624,0.000057936082,0.000054648178,0.000136660993,0.000165155465,0.000204660387,0.000514761834,0.001472035884,0.003034223351,0.007234832780,0.003594556432,0.000458686393,0.000173127216,0.000135083699,0.000189051236,0.000387593092,0.000564021936,0.001649500138,0.005571028832,0.005678723390,0.003292633363,0.005891145906
0.011947085064,0.012408673504,0.013157842817,0.022577268550,0.019384835066,0.021056337130,0.034855103551,0.024193253506,0.012214110289,0.010817904514,0.052200597681,0.509821079093,0.840879966597,0.160375551359,0.008925735638,0.000704342398,0.000440726333,0.000551865214,0.001009741828,0.002452402203,0.010654773765,0.034054848515,0.031004929071,0.006055131612,0.000875443058,0.000179027195,0.000152601722,0.000267695734,0.000816293881,0.001753589333,0.004283237400,0.012781292558,0.024478313419,0.033213975684,0.035203060524,0.023603272783,0.007700511922,0.000781036571,0.000068884295,0.000050000000,0.000050000000,0.000050000000,0.000053946285,0.000105254376,0.000314696567,0.001323671075,0.003600315581,0.009935573984,0.004209808764,0.000904486951,0.000333000837,0.000178912248,0.000133703199,0.000136495699,0.000158104103,0.000467944400,0.002588121876,0.011380995629,0.012887602034,0.010717619228
0.016658651465,0.017299288238,0.028632583901,0.066663859465,0.032845505452,0.026614922618,0.046795761213,0.043043123505,0.037043434636,0.040540159104,0.141553592834,0.666177474781,0.710166681515,0.141238075132,0.008355487576,0.000628592221,0.000591607420,0.001111072076,0.003368586970,0.007393471417,0.013454559203,0.021305522783,0.023390151925,0.006818873978,0.000861069593,0.000124650608,0.000080965274,0.000164927242,0.000907492119,0.002836958651,0.006186624897,0.012525997151,0.022295591034,0.036583871881,0.039237826178,0.024873013170,0.009184968508,0.001477483059,0.000109508638,0.000050000000,0.000050000000,0.000050000000,0.000050000000,0.000129281510,0.000380977591,0.001072465237,0.002948635908,0.015038375939,0.007121200851,0.002100854974,0.000769917032,0.000302687760,0.000186624334,0.000221459378,0.000287396852,0.000798854793,0.003291591787,0.019071580004,0.033319825156,0.022467665095
0.047682798691,0.058372129568,0.064033752119,0.069716491032,0.037173003207,0.033294729252,0.061813764126,0.062066687228,0.068403718914,0.091380705691,0.277966798350,0.772312489702,0.542721426989,0.092943826579,0.011541603036,0.002990100518,0.003076872223,0.003779306820,0.004039547841,0.004753654553,0.007882845476,0.012635861788,0.016792277322,0.006943241449,0.001392508756,0.000225156531,0.000101307411,0.000140266882,0.000659774238,0.002301635661,0.004389090234,0.008054393081,0.015060544284,0.037050712887,0.052413949061,0.043217533537,0.020901308430,0.003333291675,0.000195186735,0.000050000000,0.000050000000,0.000050000000,0.000051682476,0.000127834668,0.000351239096,0.000964151662,0.002942092413,0.019169782253,0.009213052989,0.002788143777,0.001623439064,0.001939025623,0.003047985590,0.002337826721,0.001550131496,0.002368823004,0.005314214218,0.013756921764,0.027505610836,0.040249413576
0.077364198912,0.112735978581,0.077836192671,0.045803564649,0.036073437463,0.058421480570,0.112774386493,0.081176086538,0.098197232745,0.223057041206,0.554184455862,0.737066643848,0.297953892578,0.071647997818,0.022124675153,0.011327392296,0.011166453633,0.009008386324,0.005230982438,0.004731230986,0.006875102696,0.010369594359,0.012125229651,0.005873944739,0.001884561446,0.000530498049,0.000231458312,0.000296990961,0.001389572476,0.006686803071,0.013538721329,0.016277241706,0.014729735653,0.026697282772,0.033354261702,0.035892482196,0.050884059031,0.010471987211,0.000876314562,0.000134769500,0.000059424336,0.000056714474,0.000109394773,0.000252164485,0.000429112957,0.000674794784,0.001207431078,0.002880572827,0.005398620599,0.012962850188,0.013748112077,0.005883961842,0.004720398566,0.004380491683,0.004057593961,0.006700821717,0.013120381003,0.028359040724,0.041076710395,0.045195684656
0.089973937491,0.133692001040,0.100599624691,0.073579559129,0.059682727168,0.056455539992,0.057647041964,0.039989962051,0.126661233948,0.499608747842,0.747543700984,0.421752960489,0.133355353633,0.047940617636,0.022279154248,0.011278893650,0.013851600832,0.010983324777,0.006666983168,0.005385033272,0.006417356483,0.008732535597,0.008442924993,0.004328261294,0.001751948653,0.000577980796,0.000257107514,0.000286092105,0.001378663359,0.010929165719,0.036032719395,0.041150541801,0.016614261476,0.012832875450,0.014734530374,0.027300058548,0.028159786207,0.008653118270,0.001132549323,0.000212594325,0.000103944438,0.000091615110,0.000169980735,0.000318779233,0.000507743611,0.000847819265,0.000817104852,0.001559019309,0.003444347778,0.018798969505,0.052147089687,0.021215694134,0.004497975363,0.002542946044,0.003518479048,0.009848718894,0.023370759508,0.049458082523,0.064350087671,0.062962451484
0.115858599684,0.162688678413,0.140858686213,0.119732580577,0.098443851952,0.084187795166,0.093457424917,0.082993940591,0.223823198126,0.559496261636,0.617633983312,0.409942861379,0.191893529088,0.067337195793,0.019676156917,0.011150698298,0.024101321658,0.016216295477,0.007449859137,0.005717547553,0.008264765901,0.012261763505,0.010462981090,0.005447063852,0.002751659486,0.001324477914,0.000825436933,0.000700251441,0.001901926384,0.010055358834,0.034995125045,0.057293911480,0.033296034362,0.024588159986,0.026724717212,0.032019430441,0.019786638176,0.005189817005,0.000707097305,0.000179562961,0.000129692217,0.000136877645,0.000253123069,0.000430781603,0.000640434857,0.000909914660,0.001005277606,0.001662708855,0.004309246645,0.021671421037,0.056008740501,0.024137256657,0.004888464855,0.002540284106,0.004337968110,0.021294449770,0.081147294749,0.113818530925,0.088087239572,0.087425241264
0.168942055663,0.269202985566,0.197190535003,0.138851026630,0.134192448176,0.149049182131,0.190947690628,0.182314386323,0.349044940841,0.535061034607,0.433272173188,0.371237480170,0.210618031946,0.068001379740,0.018697852598,0.016526771065,0.049180848183,0.029312790413,0.009940056553,0.005879691690,0.009529012285,0.019511026854,0.020723594786,0.011547030918,0.006293378438,0.003981563313,0.003461575816,0.001643775392,0.001579230731,0.004049245132,0.016501428330,0.048632979925,0.049212150958,0.048895261359,0.067205370955,0.054925287503,0.018384055815,0.003121150844,0.000469243805,0.000186465387,0.000174942076,0.000236965892,0.000537004278,0.000845410304,0.000786345395,0.000757227329,0.000762819762,0.001616564216,0.004978727920,0.012170231403,0.026021215471,0.022278247592,0.006010657796,0.003351228498,0.006926186430,0.055230131600,0.255493394400,0.174264838032,0.071428855575,0.089636424878
0.241106435150,0.304526256502,0.217149931124,0.182246977144,0.191676403000,0.195611703362,0.161434050444,0.105609430796,0.223869218297,0.471393882823,0.552739625758,0.367508616014,0.131231656304,0.046300865402,0.022459233446,0.023227449807,0.075946219647,0.054320616558,0.018767482440,0.007686078122,0.008178240258,0.014293133488,0.019871155152,0.016416604059,0.011752629590,0.005291170104,0.002366685719,0.001093105796,0.001193128420,0.002730698650,0.010221875022,0.029113188476,0.040447064021,0.058215952497,0.095404038606,0.065961182389,0.013708242472,0.002116893822,0.000513818652,0.000229515186,0.000193150507,0.000211342938,0.000723398033,0.002476433261,0.003170541371,0.001823109405,0.000803303933,0.000727626398,0.001613592933,0.004349274392,0.013353179210,0.021997036421,0.016634504405,0.019998762762,0.053857795965,0.200960395332,0.295205146613,0.136965487347,0.085568946771,0.144001292915
0.323215754429,0.261164148021,0.193410603214,0.141896126626,0.102085434928,0.068076246068,0.065134945975,0.069621710446,0.209285468182,0.516514867415,0.621490473022,0.192254611381,0.022391428834,0.003417092352,0.002650767378,0.026030201967,0.149377038410,0.113518756901,0.037561590286,0.010509798929,0.006749133609,0.009950894505,0.016672852805,0.020376244640,0.020589766451,0.009098464113,0.004329603674,0.003010210874,0.004231618207,0.008261856554,0.015353787420,0.017719042833,0.018366234032,0.036714558315,0.090289039524,0.079358960406,0.016366994151,0.004629780378,0.001406390412,0.000512304253,0.000329895599,0.000275842032,0.001832652455,0.011596700519,0.015067134684,0.006955146301,0.001559685678,0.000624151756,0.000666393457,0.001662370439,0.007717775140,0.016280441481,0.014737142716,0.024476097002,0.083821277248,0.227200119937,0.246300054541,0.175437757943,0.167362085360,0.271421230445
0.411092988148,0.299819124399,0.182685554167,0.127120081464,0.090320805215,0.044307083712,0.026072456876,0.029638310039,0.137923526222,0.505953675729,0.529266746043,0.080199232338,0.006741696494,0.001050430826,0.002639778988,0.044022470004,0.222990806252,0.159601018778,0.042615868327,0.009602517131,0.007481376675,0.017203878251,0.044092735562,0.067963599583,0.083150291618,0.036571249716,0.009214617761,0.003395098158,0.005019889946,0.014898323712,0.021212270717,0.013648319157,0.011638812029,0.029695206359,0.077812454885,0.075232166953,0.028180402304,0.011781956393,0.003977880746,0.001164602679,0.000510598265,0.000317054960,0.002331772290,0.018316503635,0.024893079247,0.008579994514,0.001256812822,0.000453264347,0.000525510726,0.001714420875,0.010122321812,0.020057955011,0.021483656518,0.040185427791,0.124427313055,0.304974229771,0.322933858800,0.266178050302,0.274003779374,0.405043820779
0.383578786952,0.253138506410,0.136233477093,0.092183686121,0.084580455229,0.043886476383,0.026813098891,0.021893432886,0.088140413464,0.313886041827,0.347324079222,0.084653928219,0.025167122761,0.010175458245,0.008770386288,0.048191725245,0.229519561107,0.207465963664,0.051653531285,0.008762758219,0.006316475894,0.020546453526,0.091754907580,0.167494353005,0.153539169574,0.059643011190,0.015049986064,0.006475963112,0.008456770696,0.016798480110,0.015181783735,0.008131281932,0.006398778241,0.020426217533,0.068530855540,0.092033808245,0.052540625299,0.024538510386,0.008235013052,0.002168517886,0.000842549936,0.000596654602,0.001951401287,0.016303745805,0.038044833904,0.008116253462,0.000984821862,0.000419139917,0.000550870379,0.001679878819,0.012425089168,0.050427316407,0.072126125609,0.086233846441,0.137476568469,0.277246582889,0.418352858705,0.499040771103,0.477845031408,0.477577221025
0.272888804233,0.196785340869,0.123420962440,0.071878113135,0.061089357519,0.039796441371,0.038419549523,0.044289120592,0.102991704672,0.184011859171,0.209644395469,0.111024237468,0.057634929577,0.024180745868,0.012018944821,0.018438230107,0.114933177415,0.257949900559,0.145923165024,0.032817643133,0.017765824604,0.037576164307,0.145184253659,0.225299726840,0.135527254627,0.044944473199,0.016327019800,0.010905584495,0.014283326700,0.020822955649,0.017589367723,0.009777257872,0.006481736130,0.013068811333,0.032038104043,0.060527704129,0.084722750024,0.072910997016,0.024713344637,0.006777045943,0.002531310643,0.001515984296,0.001818389746,0.003983068873,0.022937217730,0.028576683781,0.005722441435,0.002771598517,0.002344523283,0.003379325258,0.012073912542,0.049845441480,0.091912128194,0.111122659708,0.140349374010,0.255663056903,0.426580571940,0.587913626089,0.537040282758,0.410239482817
0.204960966665,0.223160567960,0.183564900253,0.081455275023,0.029137217321,0.016471562663,0.020536818942,0.044850830225,0.119298915022,0.154585515119,0.140195090920,0.118806673130,0.090035058807,0.031913241371,0.008752401411,0.010425833553,0.082267473821,0.262007960237,0.212063872844,0.068084636801,0.041714611643,0.074150216755,0.187168901786,0.195195038596,0.082160078387,0.020491715763,0.009688753594,0.008622719495,0.013469639417,0.020893294484,0.022479308513,0.014883870002,0.010455882360,0.011873470616,0.013264006242,0.020840835781,0.081099064569,0.184072753225,0.063120382275,0.018162132501,0.008349778764,0.004809130210,0.004586856396,0.011495719834,0.035659679749,0.056080779793,0.016648307355,0.010214280741,0.006340822473,0.003595272155,0.005182707745,0.017377277684,0.050062764416,0.099187563178,0.140120827600,0.242479592757,0.432167916646,0.616083409708,0.461655362463,0.288251525927
0.154647878430,0.241702359701,0.272321064749,0.131592672221,0.053772703929,0.035086105983,0.032544507606,0.049288674911,0.090420312096,0.102496387025,0.123940157710,0.159851593548,0.128630473927,0.048712819809,0.014088073631,0.023563255372,0.135536540534,0.293665544144,0.174110177013,0.066052859776,0.061676173945,0.112932949945,0.165967711699,0.120554779769,0.054116299543,0.022027193397,0.018790238778,0.018778229913,0.021555261966,0.020732579559,0.017670633496,0.015107671298,0.012461002798,0.011358881404,0.008938935621,0.016182266296,0.081296045071,0.221201458523,0.097377589050,0.035503917362,0.020213968112,0.013024166158,0.007537578573,0.004211422049,0.006488677062,0.023801259551,0.011676786111,0.006559689208,0.004566829597,0.002629281084,0.002380692475,0.006844143645,0.025350830552,0.065805153290,0.103587568144,0.187900082798,0.436426840773,0.692410824973,0.456192843797,0.221603951685
0.193930428351,0.243097729822,0.267837787821,0.163580351369,0.087535558978,0.083782651022,0.069765205770,0.063299480489,0.045992732904,0.027403791429,0.032113478280,0.084589698924,0.125339304431,0.063120839224,0.030242825740,0.059581214312,0.199977174242,0.303818737570,0.170921774428,0.084181802358,0.096113058619,0.151406791721,0.175842304730,0.107014734357,0.041258164487,0.011549984734,0.005892265964,0.006689956033,0.013863798411,0.023746535580,0.026549032355,0.023008004016,0.016926920800,0.012928789750,0.009896328943,0.013667238900,0.041519016450,0.106111330179,0.098925605008,0.057645437996,0.032472609487,0.012501180410,0.007102382697,0.005683668235,0.010764439648,0.036746550594,0.023782722827,0.012849695575,0.005008755155,0.001278253691,0.001048217277,0.002544157573,0.011592123760,0.044332064152,0.086054352797,0.162962178583,0.336912574630,0.580115976820,0.462240817444,0.280473921459
0.341821941325,0.342166852497,0.307876008397,0.171769355895,0.076675195601,0.084343111797,0.094440044734,0.091373798820,0.032437822864,0.008323986861,0.004511793531,0.007840819206,0.030634250778,0.049632119510,0.049735869764,0.090478383196,0.204846192931,0.297883241247,0.217042014845,0.128584110188,0.128159025905,0.147255538250,0.126139323265,0.089330808911,0.041001568928,0.010140663131,0.005831511139,0.012575255624,0.035759062063,0.041100304545,0.033840941823,0.039774972587,0.037060502793,0.023950561471,0.014005682767,0.015464683172,0.027958938764,0.046808103900,0.053099619683,0.040632940256,0.035240053518,0.026383997485,0.025653427377,0.012783778698,0.006498245507,0.004768377634,0.003448897596,0.001668346517,0.001012992574,0.000720000059,0.000711330864,0.001384324912,0.006783104492,0.040086617128,0.119413916236,0.191633110218,0.244758536189,0.348828129805,0.354570220034,0.369813130488
0.382373448879,0.396756547170,0.328744958059,0.196246972665,0.082996170007,0.074868239782,0.066970546506,0.063371797069,0.028361285556,0.010986327009,0.007277743461,0.010597996828,0.017222015183,0.030608452432,0.047352205345,0.095071554324,0.208648558207,0.297302604486,0.265846739371,0.206853178838,0.176791063448,0.150642458630,0.093012342649,0.057664059022,0.028524161218,0.011148538238,0.007434284312,0.007662146752,0.018578717916,0.036417837514,0.042318045149,0.057788167609,0.055071891140,0.029228619828,0.013734457315,0.010217075867,0.017155365673,0.035695474596,0.051709392341,0.045150014435,0.066892052909,0.077201165304,0.079729519382,0.041830369057,0.019614947085,0.010386453167,0.005084481250,0.002057534790,0.001102073283,0.000675147798,0.000644472724,0.001179269111,0.005592837924,0.033449154756,0.118367621241,0.190380334434,0.205666763948,0.262295337906,0.289668224678,0.367579931024
0.363268839797,0.414032074583,0.306670393597,0.164542054760,0.067740114639,0.062810023202,0.059034789129,0.059775944295,0.027050249551,0.013871838953,0.013053863706,0.021285862053,0.033979959715,0.048922083156,0.061826450729,0.106348121620,0.204610002088,0.277610685965,0.284391692720,0.274966538346,0.291295337881,0.236257521908,0.076135965590,0.029450286071,0.019212951440,0.020200053288,0.037112435342,0.034976122680,0.043965582616,0.064036208586,0.079585092127,0.103508973661,0.069366006731,0.027259625167,0.011416074442,0.009583905162,0.020700297208,0.053236912723,0.071957310378,0.045675135617,0.052015858234,0.071726857318,0.125000460989,0.116392234544,0.068896135647,0.032236371506,0.014776694703,0.005061367921,0.002356415107,0.001479252363,0.001469032211,0.001709760113,0.003247935994,0.010579394649,0.037221294801,0.097401693662,0.176085807812,0.300264955736,0.321520920703,0.363669794265
0.398910290621,0.398868241765,0.267283933307,0.147479955409,0.082930688117,0.089726634845,0.066837040845,0.039507867083,0.009718828509,0.003793956138,0.005897775446,0.020148173305,0.057601715451,0.082355521175,0.077844726397,0.100663062630,0.159463891624,0.232293866992,0.300120460845,0.364764724788,0.355481600848,0.259740195789,0.101503890878,0.063135325762,0.073892689959,0.080846405980,0.052313942643,0.026903187236,0.026931195272,0.052981285850,0.105765482953,0.161559631324,0.105518682738,0.047788242231,0.027562816116,0.029711363492,0.052248259116,0.085041877160,0.065209933003,0.028788153793,0.029170910220,0.046515887291,0.098022671668,0.120376302790,0.116546165259,0.068838496078,0.030740328531,0.011914281222,0.008653200861,0.006869028663,0.003894968615,0.001583768485,0.001263057681,0.002608124680,0.008524955287,0.033176436690,0.103164033114,0.263905183837,0.328772333867,0.395773299080
0.475020106490,0.380182832379,0.218209009668,0.121608254612,0.094314422564,0.104998334225,0.048973765710,0.012365794602,0.001569315141,0.000734565826,0.002184740470,0.011732620688,0.027279256598,0.035381806446,0.054492318751,0.078860439035,0.086620026721,0.092207991070,0.177999769235,0.388126464126,0.402361340936,0.240904841153,0.125008000076,0.081447237396,0.085712539033,0.079883159785,0.019843657361,0.004544267949,0.008555765240,0.030528572394,0.094400896972,0.154807482473,0.124825064080,0.049321185531,0.028512173355,0.037814750727,0.066398381807,0.060230829393,0.022508933534,0.006470818614,0.006605422295,0.009323357958,0.020975713537,0.048292297814,0.109178890535,0.114861108567,0.057492818432,0.016278358558,0.007899253785,0.004090317968,0.001370157287,0.000621237679,0.000463100836,0.000647640735,0.001454851925,0.005174056020,0.017496795347,0.068204617675,0.182781442521,0.393402429377
0.514485044231,0.438606088135,0.249062670679,0.129361996037,0.091483014784,0.071129723038,0.018590986278,0.003238737153,0.000501689611,0.000501160757,0.002278236509,0.008727713603,0.019273091039,0.029557610274,0.046599246154,0.058046230360,0.048605724483,0.047865108886,0.118512657153,0.294278138336,0.481311313215,0.306397152364,0.133761299145,0.079072806119,0.073690230828,0.041026944684,0.015329390257,0.006979864695,0.017411990073,0.049105869261,0.058292569039,0.041650359526,0.036678178877,0.043964997580,0.064458602241,0.082124300377,0.084593104182,0.041233631597,0.008853798326,0.001843562208,0.001383795444,0.002293393566,0.008247934331,0.023695328855,0.059933356834,0.093150734237,0.080505924541,0.032585854923,0.014682561825,0.006307431870,0.001387384387,0.000372149925,0.000188599859,0.000272793385,0.000982640521,0.002384226812,0.004429011373,0.018779550413,0.085395836233,0.314115236849
0.447475292828,0.523989214135,0.351766833634,0.149976071477,0.068290905528,0.029003805186,0.005279060927,0.001055590673,0.000298872282,0.000495773675,0.001580286874,0.004035878169,0.009828000230,0.022267797052,0.031524714811,0.028970029751,0.027510597904,0.052607712440,0.156358250009,0.269952978259,0.429410782863,0.305609659598,0.136465459792,0.081222312597,0.063830928894,0.026928540035,0.014202737901,0.005626163600,0.009252578493,0.018097228239,0.021553490478,0.019418047210,0.022025518708,0.038921599502,0.087728212722,0.141630550736,0.098055746803,0.028047509067,0.003935435683,0.000845596331,0.000762186425,0.001140114763,0.003688890812,0.009822495027,0.020523197429,0.036218602337,0.051320603994,0.041893116940,0.035153814964,0.019636697697,0.003766835342,0.000648164725,0.000134008871,0.000129136992,0.000362185253,0.000840026931,0.001548057928,0.005480057432,0.028663521123,0.166448083933
0.415894715376,0.488403692677,0.349970567041,0.161852239030,0.076982401554,0.026948786257,0.004221947475,0.000736101211,0.000207074535,0.000225169617,0.000689271182,0.002486610849,0.006671103208,0.013681246864,0.018471640971,0.021069881294,0.027168729643,0.050083578965,0.093914512595,0.159655544409,0.374041540155,0.441463516688,0.248536169237,0.143569666337,0.080414375988,0.020211476286,0.004243709486,0.000652173018,0.000865331645,0.003434636767,0.014511885149,0.039190500231,0.046740336886,0.050700541883,0.089895286428,0.150169430836,0.111749996478,0.029321147372,0.003137599321,0.000559609569,0.000604713819,0.000814251295,0.001785213233,0.003886857887,0.007164721906,0.012580069955,0.025204105081,0.037656280540,0.064562970192,0.052309443184,0.012287056012,0.001217166896,0.000106808032,0.000090531450,0.000184359774,0.000339726168,0.000487104385,0.001558702781,0.013119736037,0.118229226910
0.407254881967,0.391101747504,0.233349086058,0.097569216348,0.059636775641,0.032230425571,0.008304203097,0.001431767857,0.000216826817,0.000149860484,0.000388092111,0.001237197047,0.003059567403,0.006314262583,0.010708250112,0.018542712592,0.025330513842,0.025355926096,0.020635133338,0.027759577857,0.131692215091,0.523748653695,0.546963301671,0.238062970404,0.061677862590,0.014702603853,0.002556737886,0.000181846653,0.000191337428,0.001388356982,0.012827847532,0.040301219623,0.031573950379,0.038497758424,0.087669971617,0.148983223219,0.100832155684,0.028028481704,0.003339305487,0.000518191307,0.000457759345,0.000756362284,0.001677567985,0.002400576872,0.002898904555,0.004035907054,0.008767454418,0.015704329952,0.039180412080,0.062931823248,0.034181091441,0.004762715161,0.000168394467,0.000067035524,0.000125169878,0.000213747597,0.000257442135,0.000668244405,0.008750541653,0.107987085930
0.362224898262,0.296608009525,0.174137606438,0.067468117354,0.041399408654,0.027118515543,0.010801537348,0.002920682995,0.000432847567,0.000156691004,0.000283790970,0.000730271608,0.001622530271,0.003431130625,0.007106216277,0.014435406445,0.015227102718,0.010158642703,0.007378951227,0.013031670559,0.084417476935,0.460779249615,0.646895493045,0.328616579959,0.069389539397,0.026518031403,0.014044812746,0.002267508821,0.001370921606,0.004717722069,0.016998052256,0.023482537134,0.014428660257,0.029498714632,0.096759846299,0.172637133500,0.099880921908,0.024798913059,0.003204944177,0.000592365467,0.000473664921,0.000895039042,0.001378613956,0.000877464639,0.000704289451,0.001149077534,0.004542791831,0.013198083332,0.045995125395,0.081141954176,0.038165088519,0.004522997397,0.000160642878,0.000058493875,0.000104652306,0.000166738222,0.000172639523,0.000422523052,0.007631358116,0.102849254912
0.368117760177,0.247645809410,0.119156804384,0.048395916266,0.034136505455,0.025173220437,0.010128498222,0.002744393060,0.000424458896,0.000156554725,0.000317548586,0.000737812790,0.001353550501,0.002154217962,0.003574506473,0.006827574418,0.009756872696,0.013263506440,0.013962172587,0.018315106612,0.083020724321,0.406574007739,0.665993772539,0.400895973085,0.078733499546,0.017587092471,0.004279308388,0.000561376329,0.000543287791,0.002952550351,0.008978829935,0.009321515449,0.003987338122,0.009286328234,0.055248170927,0.154204164872,0.086540113072,0.019383379064,0.002601880520,0.000459409292,0.000244105759,0.000250880530,0.000243731150,0.000145061427,0.000124828876,0.000283929844,0.002189507894,0.011483468782,0.042846601071,0.058385646865,0.032708519390,0.007784276451,0.000471619325,0.000061254178,0.000095342211,0.000121702640,0.000115607613,0.000271518198,0.005589925656,0.100047810080
0.348573265144,0.233577890119,0.098968082927,0.039337720209,0.025347194918,0.016320140758,0.005290544163,0.001207930633,0.000224855997,0.000127786744,0.000251569069,0.000496179207,0.000880941579,0.001657839260,0.003464387093,0.006820291940,0.006411550740,0.007736424227,0.014051929910,0.032157483216,0.162621751553,0.563403825604,0.616680695514,0.292389212779,0.078105062680,0.022355932100,0.007293511416,0.001055019506,0.000709338449,0.002414039922,0.004252096485,0.002661862180,0.000804884602,0.002459198741,0.030961312668,0.134352982448,0.086143048461,0.018780740179,0.002490579240,0.000324629078,0.000105086321,0.000082278346,0.000070240035,0.000053400480,0.000058888916,0.000119823970,0.000951406081,0.005507736421,0.022903505578,0.030606053992,0.016247559341,0.004963813990,0.000480740280,0.000069195436,0.000084871820,0.000089484201,0.000080437187,0.000178039578,0.003320973350,0.077315656458
0.325946548911,0.196986392530,0.079683803600,0.033612751402,0.021812465967,0.015266731859,0.004566255367,0.000660358885,0.000094496795,0.000064566540,0.000105256411,0.000206714643,0.000531500778,0.001870004905,0.005438564948,0.009428181637,0.005090204011,0.003225414640,0.010182229217,0.056924301289,0.352075425246,0.732517132680,0.384360208189,0.175038200855,0.077888704712,0.036838416984,0.014136108178,0.002096967441,0.001220412189,0.002062639241,0.001655722107,0.000605080709,0.000214135865,0.001041319540,0.021504857484,0.116874075009,0.083873335001,0.017411927602,0.002316286932,0.000280579073,0.000066912607,0.000050000000,0.000050000000,0.000050000000,0.000052288260,0.000102212620,0.000669441207,0.002933172546,0.012856056203,0.022111124483,0.010548519342,0.001569666095,0.000104356345,0.000050000000,0.000057972122,0.000059159433,0.000055559859,0.000124955775,0.003391214242,0.081450241112
0.284862244024,0.161228690737,0.065056083298,0.035596157151,0.028152109335,0.018059946114,0.004036107342,0.000411478290,0.000058113046,0.000052189857,0.000073549394,0.000160508770,0.000538538740,0.002287282043,0.006553791875,0.009837283923,0.005978735665,0.010175593142,0.037740057567,0.148192398253,0.537364149017,0.707376341857,0.248066676390,0.093376412208,0.035043318019,0.025926167125,0.011618019156,0.001176146378,0.000398404002,0.000622108803,0.000972816358,0.001097742432,0.000999741270,0.003309530532,0.031689216222,0.111170851121,0.068811457464,0.011564872633,0.001141535125,0.000134324997,0.000053875974,0.000050000000,0.000052072737,0.000054185730,0.000053979031,0.000058545035,0.000116529663,0.000350726174,0.002470627140,0.008996648350,0.012840266143,0.004865917281,0.000377358755,0.000050000000,0.000052905275,0.000056376613,0.000057402826,0.000136040690,0.003499765061,0.079469612051
0.250999839630,0.165200280434,0.071863557052,0.040471487537,0.027255688263,0.014763988011,0.002739667524,0.000336991967,0.000063800399,0.000050000000,0.000056738280,0.000144698853,0.000728414620,0.003706575224,0.009286867381,0.008481056914,0.004139425333,0.019181720574,0.149544934460,0.459422324401,0.679302917191,0.412086785140,0.147853475344,0.088084464547,0.049727938770,0.018716548741,0.002434587030,0.000481384274,0.000472569219,0.000669192931,0.000696724677,0.001092738375,0.001982169827,0.007755551611,0.043096620514,0.106555200282,0.057752152373,0.009290080204,0.001187506718,0.000719539385,0.000114908109,0.000073980031,0.000074863226,0.000052985726,0.000050000000,0.000055610455,0.000083963994,0.000382733615,0.003747995443,0.007706923344,0.005216463370,0.001690277445,0.000317534308,0.000071465559,0.000072292353,0.000082283761,0.000100532914,0.000335122646,0.005014351167,0.074517433840
0.220753618548,0.164779275923,0.077074875184,0.039813438473,0.020567705526,0.008799329503,0.001415392693,0.000210426916,0.000064404719,0.000050000000,0.000050000000,0.000151824081,0.001242480581,0.007207017471,0.014988479626,0.010782708144,0.009462232834,0.055648001979,0.367513527745,0.720995400230,0.461005823420,0.166303732007,0.087627125092,0.076642597747,0.030032102502,0.004948045548,0.000496317982,0.000162204988,0.000355295232,0.000599195979,0.000423777127,0.000443192345,0.001123813497,0.008425232906,0.052503624936,0.092075617870,0.039978551064,0.006815126855,0.001179712964,0.000300847542,0.000143424047,0.000133518144,0.000123976840,0.000084357530,0.000091410165,0.000127003452,0.000184204253,0.000383495755,0.003592608520,0.006398547535,0.001843701152,0.000360918583,0.000127306979,0.000083308087,0.000096800772,0.000146433262,0.000250624410,0.000898836187,0.008513274180,0.074193869213
0.181650436941,0.165157331347,0.087005884903,0.035793494473,0.009839774840,0.002430625702,0.000463398771,0.000156104116,0.000086688670,0.000072345244,0.000068237444,0.000175207851,0.001677149968,0.010535609738,0.020030624979,0.019042048095,0.030265645072,0.152362729333,0.686322588195,0.628410498150,0.179359366896,0.045323114419,0.042244465248,0.061726472741,0.018429581604,0.001353563820,0.000124041446,0.000050000000,0.000050770309,0.000099140875,0.000133190062,0.000226967901,0.000824690146,0.008054037736,0.053029749160,0.077063161814,0.028640250221,0.004917773405,0.000913082446,0.000323633702,0.000254724685,0.000229247258,0.000229598455,0.000195727638,0.000272398010,0.000462440632,0.000649290954,0.000745963233,0.001657633987,0.002633404723,0.000732564636,0.000148211893,0.000065966309,0.000063775786,0.000114642810,0.000288797666,0.000573344425,0.001747430540,0.011690914609,0.067662514078
0.144630431220,0.147396502799,0.082649182553,0.035157299163,0.006653503223,0.000933441308,0.000185984792,0.000126583843,0.000139831349,0.000141357002,0.000130404085,0.000319866459,0.002193764241,0.012189215140,0.020662384043,0.024964006170,0.077407685723,0.440916903129,0.831255454386,0.230634301189,0.030278230158,0.011571163623,0.029023608843,0.044876512042,0.009747913598,0.001899374526,0.000243599205,0.000057815368,0.000050000000,0.000058906373,0.000107787497,0.000467453000,0.002797685057,0.015897429687,0.050235441134,0.059851308802,0.022619837156,0.003429669972,0.000540267080,0.000116953806,0.000116419579,0.000193635576,0.000343564081,0.000429800085,0.000539738106,0.000927957041,0.001364136370,0.001452730676,0.001665619131,0.001297851023,0.000194625743,0.000058992759,0.000067319340,0.000081454496,0.000174581622,0.000637322391,0.001275852792,0.002962146368,0.013270153692,0.057463245008
0.100763046843,0.092415431207,0.065968527280,0.044507861662,0.013548178546,0.002007120569,0.000310811726,0.000175632394,0.000207381077,0.000224191726,0.000197381702,0.000262304413,0.001232641214,0.008754246942,0.025728261846,0.074555910565,0.237521229539,0.785641876592,0.535358424625,0.084688988550,0.008716053206,0.003541529873,0.008708489580,0.017456777450,0.013973269876,0.005181604722,0.000575939468,0.000070994837,0.000050000000,0.000068729008,0.000157436049,0.000587597851,0.002420708196,0.013130140160,0.051502234498,0.074104368709,0.031360811802,0.003813629323,0.000426311340,0.000085943752,0.000109613856,0.000282589270,0.001043042170,0.001272971236,0.000846539665,0.001074968884,0.001393383155,0.001630233096,0.001356074757,0.001095141988,0.000338903094,0.000115308834,0.000181487919,0.000345914246,0.000180659067,0.000695483348,0.002334092186,0.006511169642,0.023432309889,0.060941369523
0.086839114975,0.065519273691,0.053525471545,0.047611973041,0.019132463915,0.002845348201,0.000392174738,0.000226780279,0.000442016948,0.001161795912,0.001780877576,0.001333039653,0.001539759497,0.005176310897,0.022065874232,0.176552154769,0.557244467620,0.778947705486,0.183090771800,0.024950615949,0.007286441943,0.006089132910,0.005774321182,0.005401787367,0.011640177794,0.007724366262,0.001021238581,0.000111782798,0.000110128345,0.000280459348,0.000581087568,0.000845430908,0.001343212285,0.006931524197,0.045045123421,0.082133751694,0.031105181185,0.004214514080,0.000706297547,0.000489502616,0.001283506828,0.001690426648,0.001313288251,0.000858954407,0.000929284702,0.001162362935,0.001084325486,0.001037829409,0.000879938799,0.000786236779,0.000410385401,0.000139994287,0.000079170500,0.000059326438,0.000237447252,0.001066728814,0.002464975131,0.007554436490,0.033343014624,0.075793038802
0.106000869721,0.062225027515,0.042015827190,0.038822070555,0.024155844042,0.005595170035,0.000773132705,0.000236428560,0.000366030176,0.001020056116,0.003024730810,0.007140904004,0.010736402909,0.021158797877,0.074531219628,0.328630847737,0.761277798074,0.534434791449,0.036958473713,0.001235447310,0.000211477515,0.000399715451,0.001796432677,0.004607999930,0.006815656698,0.004268520904,0.001083167925,0.000213093325,0.000116378251,0.000118139391,0.000257214388,0.000671149304,0.001990751576,0.010759262563,0.040057621753,0.061176669573,0.024747533375,0.002561042580,0.000372105732,0.000182966297,0.000690237451,0.007873129400,0.011754269757,0.003054015533,0.002147389640,0.001606266886,0.000956157656,0.000696866078,0.000531338507,0.000258544967,0.000100998801,0.000083835551,0.000112824941,0.000061382352,0.000061263694,0.000103756529,0.000399148428,0.003902812571,0.038620307640,0.102935257222
0.126883403482,0.065607823046,0.041504324810,0.035477364777,0.024311096356,0.009146698264,0.002584338633,0.000857094364,0.000807390088,0.001198871855,0.003046130162,0.010089719507,0.026756246757,0.071386717247,0.256998478922,0.650000818846,0.626616035355,0.299175886537,0.049024295031,0.004817106250,0.000530193199,0.000242158996,0.000650512031,0.003015997984,0.004245884216,0.002695948511,0.001292230607,0.000652368998,0.000396424590,0.000210677773,0.000203773396,0.000480675606,0.002386121503,0.014732431410,0.048470244605,0.055047173396,0.018187829238,0.002502594276,0.000812613078,0.000974720275,0.003692168566,0.011536720896,0.007417219907,0.001999671912,0.001179086874,0.001041852832,0.001149434217,0.000502069399,0.000326238952,0.000246114331,0.000178094949,0.000231409014,0.000185738926,0.000070565874,0.000061149561,0.000094237842,0.000249872286,0.002557319643,0.032550954907,0.106807509468
0.145994391004,0.061941784296,0.029690456549,0.022812535095,0.020417177256,0.015164725044,0.006391548643,0.001932399367,0.001186837649,0.001460456578,0.003980138294,0.012074213533,0.029094457776,0.113277198011,0.502914819970,0.789888425587,0.291713723819,0.076310321989,0.034162270176,0.018334473419,0.004928318622,0.000755538662,0.000391371156,0.000929585096,0.001389434768,0.001061678485,0.000873659003,0.000916618660,0.000976233998,0.000482960008,0.000235405814,0.000279498393,0.001403131761,0.010957879484,0.044824388172,0.044719184013,0.010814613420,0.001676839161,0.001260278485,0.002432534307,0.002844015913,0.002270633840,0.004220417436,0.003950302033,0.002468741391,0.001536872981,0.000922487000,0.000307731396,0.000253218675,0.000510051642,0.000826442581,0.000203371888,0.000066110635,0.000069798746,0.000086855935,0.000099973061,0.000176163638,0.001204292988,0.016720240187,0.093468756360
0.145450221824,0.066258678344,0.030074543367,0.019548353056,0.017927504017,0.017910151308,0.010623957349,0.003250332407,0.001659013703,0.002464847842,0.008973754440,0.027742638325,0.073707698627,0.270418052096,0.738246962991,0.581318320130,0.153276528960,0.038398548089,0.026362464488,0.017927812130,0.003552869474,0.000320051326,0.000131193565,0.000281972467,0.000576754715,0.000743879208,0.000935566801,0.001423158972,0.001577861523,0.000786697805,0.000355027191,0.000297427555,0.000769061926,0.005194330091,0.028597441367,0.045605096071,0.013728321358,0.002827444258,0.001920296229,0.000898050986,0.000944570564,0.001055866212,0.001284005170,0.001652076152,0.003938062287,0.004619027943,0.001291347470,0.000598692706,0.001153323251,0.002977812303,0.000782063951,0.000068300994,0.000058222290,0.000052304115,0.000056275754,0.000161840754,0.000549238963,0.001754321216,0.012601079487,0.080667877747
0.143211173349,0.064581994083,0.023692869631,0.011245092896,0.012011480206,0.019962400729,0.017498736530,0.004885745656,0.001681056099,0.001416231801,0.004534981793,0.028169347300,0.167666148598,0.625718521354,0.705425723889,0.250871070864,0.066489164305,0.035196000288,0.034249395324,0.014786416609,0.001314274546,0.000120548250,0.000073424057,0.000125224583,0.000351394350,0.000668840108,0.000819202558,0.001310058324,0.001420411235,0.000882245340,0.000490898544,0.000364407052,0.000554626899,0.002675230503,0.016030356633,0.041888120904,0.020939640593,0.003960460912,0.001207095804,0.000436692128,0.000633674153,0.000926620600,0.001354898820,0.002399107395,0.004467097531,0.001659402453,0.000663863936,0.001178869692,0.005174203300,0.006161880884,0.000355308647,0.000054672248,0.000050000000,0.000050000000,0.000050000000,0.000079835123,0.000265929653,0.001284206036,0.009874284886,0.068400044934
0.128008406408,0.069060781935,0.025975728163,0.009041001112,0.007641936786,0.014401743562,0.015043326716,0.004819122465,0.001542897591,0.001336679400,0.005636055865,0.054683501016,0.345428731527,0.835569191961,0.403286068572,0.094394153369,0.024917320681,0.010556577010,0.007601532083,0.003981835389,0.000880752184,0.000190634197,0.000096414867,0.000155843395,0.000340278343,0.000394230055,0.000351600147,0.000463130997,0.000530351734,0.000501366417,0.000485537249,0.000698044281,0.001970483605,0.006486079340,0.014275930055,0.022078360116,0.016160795624,0.003142798903,0.000488121615,0.000151968592,0.000294726474,0.000917654964,0.002187553381,0.002535724448,0.001322332402,0.000534500432,0.000889464235,0.004959241438,0.015355183554,0.007253562546,0.000344897283,0.000050000000,0.000050000000,0.000050000000,0.000050000000,0.000085774206,0.000157832061,0.000645936275,0.008655396116,0.058203595644
0.106236758229,0.063978689668,0.035924689576,0.018662677026,0.013945343302,0.010990210527,0.005833416370,0.002420773418,0.003726694624,0.008078062397,0.023445290392,0.147362886409,0.648833136165,0.725992036547,0.156861045885,0.034653922650,0.013907288659,0.007529857360,0.004416254595,0.002526698676,0.001377872771,0.001166860592,0.000885395118,0.001539901274,0.001950903624,0.000934237098,0.000259812353,0.000131245878,0.000113945108,0.000145111955,0.000360863661,0.001426161777,0.005524154640,0.013096049132,0.019400168367,0.018664178302,0.009523177138,0.001403497899,0.000165452535,0.000074688366,0.000143955631,0.000832972618,0.005702979166,0.007604841412,0.001056761412,0.000218069553,0.000614449325,0.005889909327,0.020835831711,0.010141039472,0.002300073774,0.000432833586,0.000059848766,0.000050000000,0.000050000000,0.000052396468,0.000081102014,0.000359993245,0.006710834404,0.052138883561
0.067038163033,0.058595795311,0.048605023281,0.030911938000,0.017022968199,0.006992649454,0.002195758786,0.000896600351,0.001001107501,0.004202686726,0.041364722080,0.353406878816,0.852553294315,0.371850332712,0.058850277170,0.022518199018,0.015441710464,0.010034222407,0.004260563397,0.002089894754,0.001568767496,0.001950437834,0.002181728480,0.005168067660,0.008974794546,0.002824490679,0.000242923890,0.000069319211,0.000066320777,0.000095423808,0.000307222711,0.001535356961,0.006686226490,0.016543945835,0.024142532067,0.022545742343,0.009356241056,0.001007450303,0.000105968353,0.000086877385,0.000259691525,0.000777120373,0.001981096413,0.002418420412,0.001014671979,0.001058580321,0.007271979469,0.020556964615,0.012939194958,0.007509465445,0.005547197952,0.001592976022,0.000112610693,0.000050000000,0.000050000000,0.000054490224,0.000099927215,0.000387215701,0.004920847323,0.031720394622
0.050935480684,0.057754799849,0.050854604733,0.034993940675,0.016224110031,0.005065325390,0.001388786592,0.000621297436,0.000824938924,0.005426385065,0.085115248339,0.600083518027,0.783119585500,0.136725803563,0.013775977761,0.005123050153,0.005067486132,0.007442019596,0.007766823187,0.004887041011,0.002439381647,0.001636311042,0.002687160690,0.008578287454,0.012706423848,0.003473832808,0.000343093923,0.000084312235,0.000082119156,0.000111051185,0.000271371024,0.000922979974,0.003516235322,0.012452431544,0.033525652305,0.036903987990,0.012933801919,0.001148561794,0.000083731848,0.000084882492,0.000130810471,0.000206334507,0.000342649729,0.000656994456,0.000632735826,0.001391331044,0.007884478206,0.020167937130,0.013020157845,0.007463793170,0.003022353799,0.000648353417,0.000065878315,0.000050000000,0.000050000000,0.000051086971,0.000100120905,0.000323930679,0.002952432028,0.020025029791
0.048527693068,0.055932671400,0.047975326796,0.032985908874,0.015217503030,0.005627238431,0.001973498108,0.001137727750,0.002018926375,0.015054794205,0.187876118890,0.777443971307,0.599135493324,0.039266939279,0.001620550169,0.000760710492,0.000579745964,0.000468273702,0.001431668719,0.005028681093,0.009523806700,0.009099278470,0.010491043117,0.018033228342,0.014464488369,0.002654109763,0.000346677542,0.000082794596,0.000067136734,0.000070160232,0.000142398789,0.000518298270,0.002252428920,0.009448801048,0.032079743667,0.042311500347,0.017533284375,0.001725150595,0.000111111015,0.000057252542,0.000060808520,0.000119603671,0.000281845783,0.000666779454,0.001934810042,0.014145981507,0.032459862450,0.023030112766,0.004927377399,0.002306007335,0.000663143938,0.000222093033,0.000062397949,0.000050000000,0.000050696062,0.000057939448,0.000074735383,0.000248605225,0.002396363301,0.018555328520
0.049851072236,0.054892434457,0.046349730776,0.027247723746,0.011032249075,0.004637352464,0.002336971547,0.002019545562,0.004661209326,0.035692084625,0.349552921963,0.887421918504,0.309984173909,0.016711759855,0.001600229177,0.000567618464,0.000311435985,0.000204600102,0.000230671611,0.000659434564,0.005507357765,0.017505369885,0.021677347643,0.019028232250,0.010492195095,0.002914468874,0.000733486276,0.000216477116,0.000147226685,0.000102465138,0.000116387138,0.000219230831,0.000772802464,0.004884772823,0.027048293282,0.047785318754,0.018707476103,0.001457415678,0.000080770837,0.000062289124,0.000164078941,0.001039310091,0.001715259734,0.001858849758,0.002580002594,0.008269809360,0.030139513286,0.018230924101,0.006063801994,0.001653431574,0.000217555840,0.000069780173,0.000050000000,0.000050000000,0.000050000000,0.000051725019,0.000117884323,0.000431599195,0.003589821861,0.021964930361
0.044357751682,0.054213835071,0.050090192647,0.029712759933,0.010653262987,0.003540187368,0.001527899401,0.001453813150,0.005016987048,0.059775225923,0.559747904681,0.828679093960,0.145858286037,0.006096510601,0.001533223377,0.000571811003,0.000249543928,0.000140796633,0.000161447739,0.000463962346,0.003908683654,0.018527555010,0.028456150618,0.019658773720,0.013937499402,0.007557766405,0.003198154455,0.000961659211,0.000388558969,0.000145321542,0.000117029178,0.000169506693,0.000559723824,0.004534695085,0.027638034277,0.048804628733,0.016738720914,0.001235564167,0.000089380963,0.000077813579,0.000146195477,0.000424014737,0.000956517450,0.002018007480,0.005228604925,0.019865350414,0.033782119261,0.015103278747,0.007302838026,0.002407876227,0.000459732221,0.000144846700,0.000058465641,0.000050000000,0.000050000000,0.000058871732,0.000140033903,0.000744113224,0.004336949866,0.019806486906
0.033157732245,0.042487842391,0.041807143895,0.039462271125,0.022395291801,0.006945984503,0.001591872856,0.001008488612,0.004011318081,0.090961474118,0.788485312647,0.653127648598,0.058747462085,0.002715515668,0.001075291350,0.000481609986,0.000239804696,0.000145373717,0.000302214538,0.001487396555,0.009434492743,0.020046601663,0.029515609062,0.020216747992,0.015815386042,0.010944886147,0.007238044284,0.003676958310,0.002596052490,0.000767743847,0.000259560352,0.000164603128,0.000490493219,0.005637592802,0.036719248999,0.047638268878,0.012821166139,0.001180039058,0.000127677361,0.000123947502,0.000275294239,0.000552296107,0.000760856951,0.001300674805,0.006699430146,0.038744080150,0.023791159971,0.011307639140,0.011763102694,0.004730781606,0.001070192755,0.000407527640,0.000208333585,0.000226982285,0.000374897527,0.001030109405,0.001960266225,0.002989021712,0.005030062022,0.015289404637
0.034002429321,0.032949940665,0.030983609929,0.034587269731,0.029553405441,0.012350210434,0.003169431491,0.001854091009,0.006077247466,0.126666135404,0.923910203526,0.450733693393,0.031519756648,0.002531845095,0.001350694571,0.001067915409,0.000858848660,0.000711788363,0.001050795896,0.002846608478,0.010194899816,0.020872802557,0.036180181730,0.028739705949,0.023853743980,0.014513658952,0.009012893427,0.004446009976,0.003539322807,0.002250036024,0.001673894252,0.001020491178,0.001598839739,0.007631490353,0.035904726879,0.039726250792,0.008163075753,0.000868692090,0.000240446337,0.000438547736,0.001520882818,0.002996859009,0.002265871066,0.002085157589,0.007534555470,0.033209696090,0.015308429455,0.007976954319,0.008027220508,0.005511694086,0.002408666350,0.001344805598,0.000731407626,0.000793853382,0.001341309504,0.004520497229,0.009145905470,0.011902146773,0.012874037445,0.023685748928
0.041942776438,0.030812760283,0.025939170720,0.026118905622,0.022558149039,0.012472496518,0.004371563560,0.002947058365,0.008741196326,0.185842927435,0.984158367638,0.234966980659,0.010745828397,0.001693908048,0.001689335850,0.002377007801,0.002901955032,0.002359353672,0.002189904542,0.004186884902,0.012460907055,0.024001553143,0.038601694261,0.037026332563,0.036776846581,0.016293415462,0.006528222044,0.003069256543,0.002835407107,0.002936942470,0.003597633313,0.002318992005,0.002825819010,0.008269488636,0.031387850569,0.032839244508,0.005772924363,0.000612462986,0.000289313694,0.000893444258,0.004529413317,0.006956586251,0.003317164504,0.002748089889,0.011098847531,0.034392959398,0.014780179275,0.005564826690,0.003200658165,0.002340488413,0.001718022674,0.001604883486,0.001295026631,0.001407477480,0.001998468197,0.006155736418,0.012406959744,0.020252409703,0.024034870334,0.038183763111
0.046514123401,0.032223966209,0.026294099339,0.022210756237,0.015057231388,0.007986730432,0.002920413198,0.002443892430,0.013773668750,0.302661764813,0.962912440270,0.126371921798,0.003495828972,0.001034177252,0.001713857762,0.003773739780,0.006902282211,0.007432803261,0.006653936912,0.009533182257,0.019040112275,0.026477260432,0.032651965908,0.030023726265,0.040439440728,0.026494892915,0.011039677107,0.003596708664,0.002107973792,0.001692942020,0.002227596526,0.002143944956,0.003117697155,0.007441652576,0.022288672016,0.028750959323,0.007903350100,0.001079721212,0.000463874436,0.001143498697,0.005368588243,0.008750461664,0.004814758684,0.004557326655,0.016939935302,0.040644394834,0.012504086563,0.004626481048,0.002497057364,0.002025970346,0.001638687708,0.001233671528,0.000876151516,0.000950361792,0.001623707257,0.006156927979,0.015924816637,0.035255367714,0.043738756736,0.053503106068
0.045194455613,0.029385744281,0.025567465351,0.023980118152,0.012104731774,0.003208575990,0.000693526807,0.000693606842,0.007822815040,0.299853797356,0.956215133706,0.104441056076,0.002469029505,0.000672922470,0.001401114431,0.003520302500,0.008128466291,0.014006819260,0.016701438136,0.023015601139,0.031019060915,0.025404568811,0.021164456099,0.017679721347,0.026095439249,0.025498980267,0.018478522917,0.008618180952,0.005413054978,0.003010414166,0.002063671527,0.001196491088,0.001358754960,0.003658199218,0.013647438458,0.024141339942,0.010953569206,0.002831945083,0.002114435530,0.003446677045,0.006415396161,0.006820898772,0.005873264483,0.005653109572,0.015998176562,0.057704714849,0.012807978271,0.003355151462,0.002747188407,0.002943823330,0.002756993458,0.001601887974,0.000653029539,0.000397246683,0.000730882257,0.004881775419,0.020133410413,0.055679361847,0.068141974987,0.065384776150
0.050158745642,0.026591622985,0.019893071082,0.018397360712,0.010603896863,0.002768060044,0.000462157983,0.000435989464,0.010244321808,0.345996550098,0.922779241691,0.101756874004,0.003983898787,0.000612736297,0.000986750176,0.002834130351,0.009051938968,0.022449240660,0.033287551687,0.046415123512,0.044205342899,0.019542018117,0.008837990278,0.006823588319,0.016214839062,0.035882238205,0.044059809164,0.026384629820,0.016990624532,0.006627782481,0.002660526410,0.000989933735,0.000743416458,0.002045825701,0.010212753891,0.025375528164,0.017896788244,0.008870951396,0.011247321502,0.013960517919,0.010391763729,0.005837006388,0.004799574613,0.007941157080,0.026916829406,0.056919098901,0.013023768634,0.003456543107,0.002488580669,0.002451690795,0.001998686056,0.000887375280,0.000295215325,0.000153495087,0.000379261215,0.004782568951,0.031526061013,0.104486437823,0.119461184298,0.090958387066
0.060840871366,0.025563410185,0.014750102587,0.014243152763,0.011560470663,0.004601251831,0.000991401834,0.000811245366,0.012667813076,0.332148814778,0.908410712389,0.118000450991,0.005994101683,0.001044903878,0.001400673548,0.003843365566,0.014545583467,0.039339859115,0.053446059914,0.056645565258,0.047382353821,0.020290634272,0.007590988747,0.004783674041,0.010063884980,0.028231516161,0.046531903316,0.033674154568,0.022140916865,0.008383659236,0.002974354100,0.001161706214,0.001029018619,0.003030396379,0.014507440268,0.034915133582,0.028156535554,0.013202421026,0.008419934028,0.008269897002,0.007253705061,0.005053623697,0.005367997955,0.011236266746,0.044194591043,0.098234739916,0.024032757023,0.003632519994,0.002153069979,0.002494436922,0.002235091778,0.000909842080,0.000263538424,0.000144155818,0.000437846806,0.005970022232,0.037545267146,0.124985852935,0.155145332693,0.121329409054
0.073138745321,0.050276535866,0.036755122413,0.028241360505,0.017145716817,0.007127307988,0.002241156071,0.002396121162,0.019801072192,0.262442217528,0.897935477064,0.267681341663,0.026665001842,0.004943540481,0.004558692869,0.009490018471,0.034246680482,0.087148248081,0.093239861964,0.074178282120,0.049000051815,0.023329337347,0.010559101943,0.008399156904,0.018628938847,0.040901769173,0.048781006439,0.024402372886,0.013554945333,0.007218312714,0.008198338059,0.011911312044,0.020722976470,0.029701469290,0.042634750773,0.061862713506,0.046314576465,0.017017577829,0.005623190669,0.003048615599,0.004104898511,0.008146080880,0.016641946578,0.035559095700,0.093561605343,0.118368674737,0.046280942424,0.006327471366,0.002211955291,0.003269893989,0.003334260704,0.001362042604,0.000359488114,0.000217884054,0.000633435333,0.007327392420,0.043523281610,0.147692004108,0.157473799175,0.114665545458
0.098525972499,0.095855022508,0.077012090073,0.043234795686,0.015675307046,0.004211889527,0.001190358707,0.001204806116,0.009017295348,0.158323617358,0.866852993101,0.417687923575,0.041584990798,0.007401459646,0.006395788023,0.014271787872,0.048305633667,0.101942442908,0.091182021834,0.070636405750,0.040373996778,0.021525026716,0.013931945521,0.013997190353,0.027765479526,0.036613790528,0.024794871188,0.009698596783,0.007588244103,0.009574793823,0.034241511824,0.055988630000,0.050090567792,0.031312291838,0.035668937891,0.064347553725,0.058548550619,0.020898766058,0.005087752417,0.001600395641,0.002331106385,0.011252058930,0.042746243844,0.088160371611,0.162686000586,0.105946508827,0.019186943264,0.002494449801,0.002972580164,0.005008420289,0.005082886099,0.001922484779,0.000412270001,0.000148494788,0.000278253111,0.003446312948,0.029930749074,0.142757415363,0.157452030078,0.117414117001
0.159885090201,0.145437869518,0.071299233167,0.020561994653,0.003580021955,0.000660185068,0.000223873748,0.000387116459,0.006509502374,0.158468892249,0.890233336201,0.376397354914,0.021618539973,0.002878589387,0.003839328871,0.015781423557,0.052338766660,0.073608637837,0.050680193867,0.041765369974,0.022537151170,0.014084814240,0.012110463468,0.011647939227,0.015412487256,0.013413278292,0.007601737626,0.004557260147,0.006712998280,0.013226447001,0.036544524760,0.053263440787,0.056853222253,0.038018741211,0.024362076600,0.032433970957,0.033000827361,0.016690819001,0.005345538356,0.002713661938,0.005817937233,0.021234607415,0.054779162825,0.070154864819,0.072257217095,0.029411322297,0.005289389579,0.002054165172,0.003632656363,0.006238946343,0.005441511375,0.001663147933,0.000366679718,0.000113151769,0.000127011437,0.001190560013,0.012695138572,0.083063218510,0.120135116758,0.130364021431
0.253656754043,0.197884255149,0.047892972639,0.006063313264,0.000608230250,0.000160345456,0.000104976129,0.000241641296,0.006743916629,0.189398133532,0.859666545360,0.395984924911,0.037029587096,0.008584501470,0.011755576853,0.029335497277,0.049686408976,0.050086963478,0.035586997824,0.037569340913,0.020999742110,0.012174482336,0.011184573200,0.008349410127,0.006860284734,0.005003322123,0.002886771296,0.002057145775,0.004309553112,0.016753640593,0.060206446220,0.054414104916,0.026068691038,0.017239703976,0.016511176656,0.029129368485,0.035661230217,0.023805011565,0.012120434795,0.011127405436,0.021690912810,0.039362029370,0.056947377129,0.049327800167,0.045584127553,0.015814111673,0.002763780218,0.002516129983,0.003836582264,0.004586418895,0.003208892232,0.000970718483,0.000284908083,0.000158380239,0.000243212276,0.001634255596,0.008774299350,0.043813924216,0.084670735158,0.148985632328
0.351907261062,0.178113165641,0.025143780505,0.002330474442,0.000282875339,0.000142357896,0.000119869952,0.000387355674,0.009294566791,0.167496452086,0.707625072357,0.571866269998,0.101238688964,0.028462332295,0.027176731934,0.039493914069,0.047381619601,0.040018929349,0.026714183588,0.025767808064,0.021651304123,0.015713168206,0.012550922613,0.006466930578,0.003115083093,0.001832131177,0.001327378544,0.001128920667,0.002959039020,0.014610498392,0.052575486025,0.042875330363,0.018479324598,0.013752359299,0.020128831568,0.044377483258,0.046939750839,0.022058825411,0.014851186157,0.016081457734,0.033128562023,0.050686970547,0.050444549993,0.033238016156,0.027307705832,0.015714490495,0.005621690898,0.004148794871,0.004313205296,0.003417957276,0.001870496465,0.000549399264,0.000193995990,0.000148299035,0.000294636937,0.001381159733,0.004156845368,0.020192082818,0.067290776803,0.200562949816
0.427572927398,0.140126346175,0.012559618577,0.001211488753,0.000215327064,0.000138737528,0.000179190001,0.001020438138,0.013960325491,0.111732635060,0.456795521777,0.709033243174,0.245478435960,0.079452161701,0.060076073946,0.051038352365,0.040279282632,0.030468017484,0.024586545331,0.025142430824,0.023058449399,0.014448192645,0.008591747876,0.003713497634,0.001450974636,0.000955355580,0.000901038779,0.000638439190,0.000749070480,0.002577718825,0.019659247326,0.046446270857,0.032134307616,0.014265824878,0.012204770461,0.030268341335,0.045158183435,0.026953104941,0.015887188822,0.014864751907,0.020571156069,0.022546196655,0.022806768937,0.021305366094,0.016972248644,0.011682510100,0.008006297587,0.005815831817,0.003810461738,0.001692687714,0.000673184261,0.000211675841,0.000104407123,0.000067701403,0.000148941690,0.000918251738,0.002474362639,0.009194552506,0.039171207101,0.202207175996
0.428328912183,0.155963963083,0.020537044995,0.003732059100,0.000966897330,0.000569280497,0.000864389064,0.004984259784,0.026514677279,0.073090924432,0.198997336720,0.578928274237,0.554971537683,0.277225082070,0.156088392214,0.069715936233,0.036339130203,0.030081507748,0.030345635265,0.036372646586,0.034480871738,0.019793281284,0.011899501607,0.005420596233,0.001512365935,0.000721755422,0.000643989613,0.000409007261,0.000480498904,0.001409471331,0.009053714601,0.031618490236,0.048557732692,0.044958937585,0.043432527903,0.060911294138,0.072464602635,0.034781360992,0.010979739719,0.006307338227,0.005572801808,0.006938315265,0.017143026476,0.028311302828,0.019414495375,0.011802223973,0.009844982206,0.007687753499,0.003424897118,0.000922548637,0.000284641332,0.000105924756,0.000066236595,0.000052938722,0.000088114928,0.000285862201,0.000652267347,0.002838326725,0.022204764508,0.173259691595
0.375042749308,0.141313125077,0.030533135877,0.011452785484,0.005860375592,0.002960293861,0.002417991042,0.004267952511,0.013100018603,0.035406374161,0.087672899684,0.268222526754,0.584804767837,0.546433789460,0.292247943324,0.104926166940,0.060599528637,0.076834755159,0.065978841526,0.039054788609,0.024153779041,0.018549694291,0.021474442885,0.016858486872,0.005175956495,0.001462437403,0.000725509451,0.000360620151,0.000423427417,0.000832431088,0.003375485136,0.013709123227,0.037446665937,0.075129030406,0.104763955789,0.128081330118,0.087096067176,0.037295715864,0.012845472034,0.004007841208,0.002085968623,0.001842288590,0.005465695385,0.018413468770,0.018709634594,0.009135451174,0.007570356199,0.007345204056,0.003717046546,0.001061010069,0.000298042516,0.000098653385,0.000058337697,0.000052996685,0.000057190673,0.000080547414,0.000120974218,0.000622433257,0.011415137566,0.146630597541
0.351531565783,0.177485721885,0.050674557743,0.018892619449,0.008024527075,0.002722787263,0.001208391668,0.001585357237,0.005050042012,0.020780576962,0.058076162417,0.107989272838,0.248410956258,0.507682968040,0.563516862599,0.319377497009,0.173961254574,0.146770280097,0.095827802950,0.040980116326,0.020808411438,0.015988383640,0.021337724695,0.023894088527,0.014580894832,0.005214327333,0.001788156367,0.000716614602,0.000616686709,0.000551318508,0.000687211253,0.001446342743,0.007504824504,0.054482554033,0.165227940753,0.168369558339,0.053191803377,0.013036202819,0.005399584734,0.002314223615,0.001338645879,0.001312126190,0.002966644250,0.007200216995,0.014599080750,0.010746414125,0.008423498467,0.009072101340,0.005449151179,0.001678815564,0.000428449259,0.000151437872,0.000104760288,0.000053597588,0.000050000000,0.000050000000,0.000050000000,0.000119988465,0.003592934837,0.094089065960
0.376701895989,0.179074579889,0.043519157977,0.012154511541,0.004751188122,0.002164055566,0.001175180184,0.001544734930,0.003314977734,0.006497707004,0.010759098260,0.016045359977,0.054590006897,0.227442283799,0.487756915381,0.511692909239,0.417547797361,0.255112543114,0.104421912235,0.036299443240,0.026961239194,0.033373742394,0.045789131073,0.034412075187,0.018186914684,0.008424587898,0.004685015838,0.002513680571,0.001382481348,0.000480892030,0.000213372677,0.000247410388,0.001304027032,0.018623872099,0.115285401526,0.172388271396,0.043143960397,0.005324309972,0.001087902523,0.000436850032,0.000355651188,0.000799991691,0.000918283578,0.000569129457,0.002284767293,0.006380035728,0.013603980179,0.015929218308,0.006459808123,0.001221932987,0.000339939647,0.000182692336,0.000118500451,0.000066533958,0.000060733479,0.000065470367,0.000057246774,0.000059566662,0.002016138058,0.085621591807
0.390283142994,0.180433034823,0.048636911332,0.013862538312,0.005806385286,0.003183844000,0.001679384013,0.001386661651,0.001314060479,0.001045818377,0.000956419159,0.001520210359,0.014554038326,0.121913084399,0.278301495936,0.387253463129,0.525722520855,0.435127177857,0.209040366601,0.112652438173,0.123063287132,0.124018966479,0.099936523985,0.060314000933,0.041770489326,0.029992850352,0.019893063503,0.012153337902,0.004984459555,0.000797053485,0.000126014166,0.000107176289,0.000605929536,0.010073352675,0.078441421565,0.151038552421,0.052344194954,0.011273863883,0.005180615809,0.003722159332,0.001196571438,0.000314231317,0.000122276232,0.000100454120,0.000201771341,0.000647602064,0.003676778698,0.018885658543,0.037353538937,0.010401832398,0.000805769523,0.000260805928,0.000230328641,0.000124776647,0.000061160130,0.000050000000,0.000050000000,0.000075782532,0.002979334259,0.096790431688
0.374057366577,0.218821088147,0.075200707447,0.020335724599,0.006892492953,0.003531236094,0.001885785934,0.001065203122,0.000437093856,0.000184888797,0.000142615959,0.000632719280,0.010380823421,0.080277108528,0.168293308375,0.244347919675,0.274102023577,0.335991930421,0.395552523547,0.385540885853,0.322866098465,0.220824691728,0.170071470001,0.148630587870,0.132514670652,0.087694769687,0.034429409739,0.014235657467,0.006210758591,0.001459464042,0.000322630608,0.000262005225,0.001085409594,0.009834102572,0.057601823417,0.129261532566,0.064377552491,0.014689542884,0.006035813909,0.004782169813,0.001372632272,0.000525835883,0.000239662170,0.000138587602,0.000190646073,0.000461231852,0.001396547069,0.006097565896,0.031907917396,0.031020902015,0.004983175314,0.000520232986,0.000359139909,0.000226071825,0.000099080879,0.000052065906,0.000050000000,0.000125441004,0.004810559276,0.096414875536
0.357350028583,0.190727816295,0.045588880657,0.007136260564,0.002000401766,0.001641441402,0.001303738776,0.000674259068,0.000178750161,0.000079263943,0.000062917152,0.000093422255,0.000383834970,0.003836446452,0.027302320115,0.115973271531,0.150017613685,0.133838917793,0.157476691381,0.292811454845,0.486248009510,0.470506732287,0.328290431029,0.244886641705,0.208167382870,0.111790262857,0.032848132037,0.021325940346,0.011627509537,0.003483714679,0.000819574261,0.000467610389,0.001044119123,0.005973361332,0.030550514823,0.064898364231,0.042066036150,0.010338760666,0.002565407265,0.001231419537,0.001278019638,0.001135080272,0.000484944044,0.000180438038,0.000230011826,0.000423590226,0.000778927650,0.001261365696,0.008039115685,0.020309788766,0.005866046233,0.000529243987,0.000250461649,0.000237226105,0.000157425588,0.000086527239,0.000062760513,0.000298122247,0.006750473907,0.094556250986
0.280953137323,0.185091186986,0.038234138781,0.004153826374,0.000847998229,0.000788042247,0.000703148291,0.000501178517,0.000159710776,0.000076658172,0.000064528904,0.000081882984,0.000144624668,0.000917143440,0.007626515497,0.040038811566,0.069733317372,0.082260933624,0.087975765812,0.126501618826,0.214527468078,0.413529441103,0.582422308609,0.454593056332,0.277011248642,0.136577653881,0.071287913699,0.045198112223,0.019902530110,0.005563841214,0.001750449871,0.001317987901,0.002792073263,0.011407936341,0.036168951476,0.044808699013,0.025318312518,0.005171678157,0.001104044645,0.000646644994,0.000975841375,0.001280549662,0.000946068319,0.000436771466,0.000392662601,0.000498966748,0.000548624052,0.000373764372,0.000564896477,0.001365397580,0.000840997292,0.000314984514,0.000136353192,0.000116073631,0.000147001903,0.000143315246,0.000173398543,0.001037954369,0.010655174778,0.082777527622
0.218561383094,0.202383990256,0.044561226456,0.005707886210,0.001060973120,0.000606961264,0.000272908771,0.000180072084,0.000091566126,0.000059299736,0.000058815861,0.000076716376,0.000142424082,0.000775112002,0.006117578876,0.024458118730,0.025663187937,0.013853032308,0.013012899093,0.032158901776,0.098143832075,0.217292795966,0.451780700491,0.591397086420,0.509316496991,0.222918488673,0.096828307862,0.056807028870,0.059565953825,0.035105687767,0.008309976104,0.003372462846,0.004098429450,0.013147009841,0.045110726556,0.043043795525,0.016740035173,0.003100329488,0.000769271207,0.000470079380,0.000643174861,0.000779039704,0.000755161731,0.000846917316,0.001276435075,0.001148432583,0.000588078367,0.000200187908,0.000080746474,0.000057615687,0.000050316860,0.000050000000,0.000050309955,0.000066410334,0.000127505055,0.000219938459,0.000273245487,0.000741577950,0.004774200086,0.047274770555
0.169694431335,0.235081893300,0.107609457864,0.022868978739,0.002738102585,0.000549271515,0.000141269005,0.000132262308,0.000113777961,0.000080634870,0.000062348495,0.000099994439,0.000284059156,0.001666675589,0.009526036280,0.021769326087,0.013788053068,0.004592428440,0.003013053254,0.009683380063,0.072134397019,0.224554861478,0.312821299391,0.375854029664,0.513652893478,0.500532905700,0.328863511339,0.126770324117,0.095303758862,0.077591537981,0.041435648921,0.014803721986,0.009747147569,0.019278310909,0.051792790608,0.039546139491,0.016197803373,0.003368976080,0.001052360767,0.000579918470,0.000504917101,0.000436079733,0.000399841761,0.000527217597,0.001377961936,0.002081626312,0.001101449298,0.000294374560,0.000099803763,0.000061473720,0.000053952021,0.000055970620,0.000050000000,0.000050005177,0.000075214483,0.000143588386,0.000221465983,0.000671396668,0.004225246848,0.037770787404
0.157697840735,0.244022088201,0.155917352355,0.043805013879,0.007408433762,0.001636285118,0.000428981259,0.000416221368,0.000352144289,0.000190726867,0.000088264523,0.000105501514,0.000434588797,0.002948124235,0.013362270934,0.018206234154,0.007286578179,0.002123659906,0.002277681266,0.007657234417,0.043182154953,0.165118293725,0.256197686489,0.292472030110,0.310132825890,0.354436267030,0.481638853315,0.413444067325,0.333336781221,0.178682225493,0.065934879383,0.017842162801,0.007909960496,0.019002833880,0.076023888219,0.064223391713,0.025817414353,0.005200531125,0.001180792563,0.000393409512,0.000225227986,0.000186731372,0.000176967200,0.000234018168,0.001033993954,0.004098099698,0.006557449225,0.004292338058,0.003074785999,0.001745321096,0.000529092254,0.000130717872,0.000050000000,0.000050000000,0.000050000000,0.000068003987,0.000098732828,0.000386294378,0.003390515713,0.032739827355
0.135371023887,0.170111682248,0.109221332051,0.046103300261,0.017822188989,0.006420686302,0.001596567211,0.001052289363,0.000639113951,0.000276766181,0.000109926074,0.000088903404,0.000528195607,0.003615050598,0.011670885401,0.010652004302,0.003480280606,0.000826550666,0.000790750339,0.003792030450,0.027487833059,0.110121929384,0.174476055825,0.188983126717,0.147489200062,0.187868195960,0.358728831142,0.582740973589,0.567838242833,0.220443293963,0.043738221423,0.007928879435,0.003620779126,0.013570759236,0.086937971435,0.091009392486,0.032430681542,0.005019807141,0.000765149898,0.000166111127,0.000092007071,0.000087651078,0.000094825397,0.000097033832,0.000622485521,0.005111515441,0.017129025531,0.031355435658,0.028404383576,0.009937829034,0.001275069964,0.000165282551,0.000050000000,0.000050000000,0.000050000000,0.000050000000,0.000053148433,0.000186609618,0.002467360014,0.029370870763
0.100355517029,0.114718581341,0.072593036618,0.035586145245,0.019192527648,0.008350763681,0.002374596939,0.001983253683,0.002033229106,0.001203032495,0.000369418538,0.000140650365,0.000460488056,0.001908432355,0.005339300938,0.007953919711,0.005448536810,0.001969435122,0.001262035592,0.002906740298,0.011614664662,0.040932709668,0.108160629474,0.152325970005,0.110534502452,0.098123375901,0.168153394534,0.496276987115,0.795489556506,0.191329646981,0.018589126594,0.002370553428,0.001229690754,0.007880476351,0.065545198461,0.086019955349,0.032573468438,0.004709717660,0.000586513158,0.000147121076,0.000124570785,0.000147537981,0.000180005373,0.000176375957,0.000786835293,0.003685404269,0.011087496174,0.034279157424,0.037296075002,0.008256666100,0.000543899972,0.000094994704,0.000050000000,0.000050000000,0.000050000000,0.000050000000,0.000050299758,0.000128449783,0.001645064084,0.022277113519
0.072591393997,0.127645196699,0.080971229379,0.022766042154,0.006710304583,0.002434023470,0.001233453269,0.002531378553,0.007390738483,0.009075797066,0.002925004000,0.000450092790,0.000439299152,0.001182771921,0.004839973773,0.012219760812,0.013762362073,0.006032389668,0.001864250862,0.001407123309,0.003694734209,0.016938606245,0.060838195371,0.096557970410,0.090652826952,0.092053023278,0.154812037855,0.457036084106,0.834082738099,0.218245982666,0.014252320970,0.000729202016,0.000319090570,0.005142066465,0.055675093814,0.080543600060,0.024471118346,0.002629479561,0.000390830153,0.000207205664,0.000255110222,0.000325570609,0.000363562889,0.000275372970,0.000871114367,0.004803969812,0.015007888557,0.027351994293,0.018770556293,0.003575082477,0.000251268174,0.000067751157,0.000050000000,0.000050000000,0.000050000000,0.000056655011,0.000067508214,0.000117042415,0.000689920816,0.010084093642
0.040191581118,0.171904705094,0.115902298429,0.015317325370,0.001837960901,0.000475584867,0.000358085710,0.001497358273,0.010625553218,0.031852965819,0.019874718104,0.002896343780,0.000914135008,0.001266793477,0.006313642816,0.022349310914,0.025741252360,0.009211867588,0.001814641956,0.000960004748,0.002561465165,0.016854698813,0.071442646027,0.092799937642,0.088876178893,0.104486758735,0.244971416942,0.563591291523,0.741047053967,0.201197587381,0.017900612008,0.001014381651,0.000757649624,0.011483682789,0.081699726575,0.068389500909,0.013292982134,0.001113597609,0.000329628121,0.000376695030,0.000607098706,0.000750330467,0.000662913460,0.000478464703,0.002007990516,0.010309445309,0.014717718086,0.012845200585,0.004876836947,0.000992848427,0.000109587529,0.000053156144,0.000050000000,0.000050000000,0.000071801677,0.000193996861,0.000274082070,0.000263061169,0.000440187382,0.003069415516
0.057458995268,0.233520627848,0.106793490933,0.006413946346,0.000368002488,0.000112602280,0.000142201121,0.001164519024,0.014879148592,0.059509155131,0.057448204643,0.013617393348,0.003363531388,0.002251440791,0.006872320299,0.020713897758,0.031964255654,0.016775811367,0.003859208439,0.001823426980,0.003731960927,0.016230544473,0.061827515798,0.090186664899,0.110433093300,0.142242023179,0.315923621938,0.585785989294,0.700980654427,0.163370383437,0.014771161401,0.001730789778,0.002867931985,0.024638694574,0.098029126757,0.063079742428,0.012729505304,0.001291007216,0.000532240400,0.000763553206,0.001518806414,0.002059480721,0.001597070577,0.001240696183,0.006896950271,0.021755935665,0.011064963651,0.004076544361,0.000879148273,0.000135553293,0.000051244794,0.000050000000,0.000050281869,0.000065386477,0.000152971144,0.000547480337,0.000883891525,0.000779085835,0.001026306100,0.005101458459
0.160655096331,0.303388201776,0.090787576557,0.004813647104,0.000312812070,0.000140252395,0.000249384393,0.002219647357,0.031837464083,0.130466565154,0.164284074668,0.050581901240,0.010139792165,0.003051043165,0.005180988725,0.018302294081,0.049739064691,0.044959659336,0.016652239609,0.011567943140,0.017301072779,0.029680652543,0.046541507549,0.090209411971,0.205102148365,0.315121866219,0.491367847098,0.524662500146,0.558980897730,0.242241181270,0.054144713460,0.011268414264,0.008990595853,0.035960780064,0.109973160173,0.093139734557,0.031120056579,0.004070164816,0.000993479339,0.000989058046,0.002108028129,0.004182183219,0.004185958716,0.003743779075,0.017442524014,0.044703874380,0.020986803277,0.005038303140,0.000631404170,0.000147030708,0.000105879135,0.000133292156,0.000129083210,0.000172612867,0.000342238992,0.001082039190,0.001982876640,0.002937921898,0.005747884523,0.026968952830
0.288122913077,0.235409407042,0.051227230107,0.005380536046,0.001262056878,0.000900589621,0.001620014186,0.008737814144,0.069860972413,0.221583926832,0.341738992084,0.157736982262,0.047952232641,0.011536179649,0.009788883009,0.024655466821,0.071891647760,0.083467452552,0.070902354661,0.173712796693,0.260757110914,0.142519381854,0.073374911644,0.116658461107,0.295629659437,0.452410888047,0.551951836671,0.455777941648,0.364392763253,0.161004922574,0.074217578294,0.049975909504,0.049710058517,0.074977401335,0.147943522615,0.192043261116,0.109617487006,0.016005686621,0.001953881469,0.001140612380,0.002277054436,0.006014139119,0.010285116989,0.028713321681,0.048036360731,0.035208777849,0.010448868725,0.002124281493,0.000483428410,0.000703099939,0.001063437636,0.002172393094,0.002390439631,0.001856835573,0.001417677803,0.002082009780,0.003224108377,0.007865170046,0.022599820042,0.092768730510
0.259411422525,0.172886989298,0.037374438992,0.007994439814,0.005282538805,0.005332943014,0.007269733659,0.020229379991,0.101632858005,0.271811696426,0.364670100031,0.158872387705,0.087618364928,0.050356931148,0.054223896093,0.061118679666,0.109421998639,0.160287646524,0.260764472345,0.372368628508,0.341952555167,0.136050297003,0.054385353754,0.070576674576,0.230194968916,0.404080742102,0.334991987216,0.222942480709,0.196510577503,0.100147331646,0.058630606595,0.042723392504,0.046330112677,0.087827875793,0.238481503649,0.345506433161,0.149695172697,0.019943636574,0.002360195407,0.001180095572,0.001894164736,0.004306107844,0.006626750564,0.014610295445,0.042413422124,0.046361751444,0.011407761962,0.002796881518,0.001756871400,0.003696198991,0.006548835235,0.011341914380,0.010457953186,0.006135010030,0.002632217441,0.002353289476,0.002832758609,0.007453910133,0.023190757987,0.094441223063
0.206359661285,0.203645090685,0.078978869568,0.029390933678,0.017130909438,0.009214696701,0.009680610824,0.025213519445,0.144255069538,0.356607627952,0.272680803709,0.083500550238,0.062025696208,0.083903298351,0.193235921364,0.202172739383,0.215161623573,0.253027227833,0.371889649346,0.284649958345,0.154905567652,0.084592025472,0.084752938129,0.150081301431,0.264877845241,0.198699506117,0.097443983786,0.063852635571,0.059174788763,0.031173376579,0.014880933713,0.005111360198,0.003711375786,0.021064048043,0.283526962929,0.501699614370,0.121719030430,0.012579240014,0.002489631892,0.001885169629,0.002300203883,0.002963484543,0.003421827676,0.010131224876,0.038031279477,0.022752949585,0.004294380064,0.002053330716,0.002594127040,0.006085363679,0.012939279829,0.022817962501,0.018469008333,0.008449224318,0.002923198172,0.003364852688,0.004712034081,0.009618809356,0.024784796567,0.080472236163
0.201834812716,0.227990359825,0.115721368542,0.056931990194,0.030497967465,0.018154137558,0.025458089908,0.053022721021,0.184911507405,0.334710396780,0.269695093962,0.109443723927,0.058473480304,0.052663818640,0.147819127072,0.278069301818,0.419029126513,0.409547172710,0.378950014286,0.190896929297,0.085814566415,0.059249082377,0.057126975489,0.101921389427,0.190873831793,0.179341903600,0.080810725287,0.022887083716,0.008025427360,0.002726378584,0.000907196140,0.000498279784,0.000997942740,0.019000071474,0.309558390066,0.417397166828,0.085661776074,0.012651834283,0.005050385083,0.004766619910,0.003827573508,0.002827371242,0.002586787849,0.003494263588,0.006162571634,0.006357596976,0.004306165881,0.003645047803,0.004526744625,0.008651383822,0.014694152091,0.012546259956,0.004936016629,0.001965895167,0.002141374398,0.004799805524,0.008782119503,0.017781189819,0.042983526985,0.099535231662
0.202908884756,0.157391256052,0.091550689783,0.083076662467,0.072578005304,0.062635269060,0.063925509856,0.056568872482,0.095146578752,0.223182261306,0.344117349895,0.287978971033,0.146332768467,0.085395467208,0.132986211954,0.283080457229,0.611287470356,0.595055014617,0.328958733128,0.141515460989,0.051246185790,0.029899737915,0.024516169923,0.047781368368,0.100028561667,0.115643120342,0.064543086087,0.015624380954,0.004381676111,0.001280955902,0.000500973631,0.000479524746,0.001896297489,0.024337689805,0.205912681560,0.312416957926,0.123902880385,0.035000836738,0.014911838912,0.009292756938,0.005625889708,0.004700800720,0.005459714480,0.008004658007,0.011695838321,0.008234434311,0.003887775999,0.004002358308,0.006013968396,0.012289595192,0.020169314025,0.015530078045,0.009187128309,0.004483559633,0.003426371688,0.005052745884,0.010928144759,0.037191573384,0.104394250185,0.169644295454
0.224468165297,0.114080337811,0.053925569494,0.061182597783,0.082122314749,0.118080580381,0.119220272981,0.069332693301,0.076399823811,0.139300854472,0.169842943582,0.215928891488,0.219180074597,0.248760020200,0.416764132525,0.616294763094,0.641030307509,0.403643258460,0.225313773010,0.113396518230,0.029255361297,0.012278600297,0.012639960622,0.026469865845,0.052651028156,0.063330933465,0.044173206982,0.016963189206,0.005113320649,0.001890780268,0.001519661266,0.003236687854,0.009223217296,0.037694942711,0.145333575335,0.228832342574,0.164005611339,0.076158276636,0.042152096573,0.023261016549,0.014123836208,0.011169970881,0.009335612160,0.011414371994,0.011298952823,0.004885726174,0.002539344465,0.002717373853,0.005417553246,0.014464184436,0.027276423828,0.024907661277,0.017376059751,0.008594199139,0.005307138327,0.007056802052,0.016817614202,0.075027351007,0.221363905154,0.281462314886
0.300914253126,0.133030202154,0.048778522933,0.050368431239,0.077602711111,0.118417036827,0.092081142032,0.041490734015,0.035148646547,0.050633306577,0.060476297070,0.091159258593,0.174531684379,0.444773534875,0.696817614215,0.512596755781,0.354248289278,0.267275789649,0.213388995150,0.088727408533,0.012613878008,0.004236900204,0.004614047177,0.014036985479,0.036343607194,0.030507075371,0.012469162040,0.005169007353,0.003210493581,0.002790936968,0.005102482845,0.016045357692,0.036273501789,0.065913909798,0.104539740637,0.100847484607,0.090387572199,0.073493923764,0.067717894891,0.045082706736,0.024395024532,0.017720898557,0.013225835361,0.011053904369,0.008107473818,0.002713903638,0.001266414101,0.001426428143,0.003461661708,0.010616493463,0.020799394009,0.020509540757,0.016055086150,0.008968438387,0.005552869831,0.006347541241,0.012520871809,0.049872639813,0.171651540286,0.319467411435
0.330478727225,0.139720222268,0.064799675514,0.071630053103,0.097340936748,0.124398905783,0.120045688102,0.075906328159,0.043862382357,0.037892989517,0.041206101232,0.107820664317,0.283288651263,0.583253422681,0.550744516591,0.352724090977,0.303737928977,0.253009841664,0.201743801374,0.095640863202,0.025582150529,0.012246447410,0.009391667657,0.014556633112,0.024142789006,0.014497168742,0.005137773860,0.002549018655,0.002359178257,0.003398401640,0.010583176234,0.044645012318,0.089121215284,0.084712654224,0.075035206745,0.057005693449,0.056406999491,0.051699924210,0.047182508156,0.036774396887,0.034447871685,0.037347530197,0.029448249580,0.019375318563,0.015673499487,0.007044075871,0.002169309549,0.001270021199,0.001898261861,0.003749318211,0.006202001673,0.006552657781,0.005816051324,0.003720206656,0.002628361321,0.003124567635,0.006277668907,0.034408905970,0.176383298406,0.389918232873
0.294999185592,0.161840035127,0.096264751324,0.096173934825,0.110655075064,0.145515432394,0.162180420157,0.156527234474,0.140665573878,0.154159182372,0.181013628043,0.270516106300,0.337249854123,0.449980418742,0.405031897116,0.370194549403,0.357009927501,0.282595989674,0.212517895865,0.130698348255,0.065612923995,0.044621913416,0.040331783116,0.075464456569,0.133214947481,0.081037818461,0.025632686182,0.006969806165,0.006005105223,0.009426585844,0.021767982926,0.051377756539,0.081163253223,0.080457134023,0.070661437872,0.051635137432,0.055524526600,0.063716530495,0.051700359431,0.033048593072,0.035636675917,0.052742898870,0.077187229876,0.070222739383,0.044330692104,0.013052884066,0.003479870747,0.001616903161,0.001454241534,0.001827195156,0.002529778704,0.002957782831,0.003075539306,0.002599569246,0.002575440201,0.004354129683,0.011384688485,0.052753222693,0.170115598102,0.303305982392
0.306817301796,0.172431787477,0.092817962833,0.076451281561,0.097078328712,0.179826705878,0.163282432114,0.105571471244,0.096602105552,0.153250255419,0.223741899894,0.307550950901,0.330555612950,0.390075113857,0.355175398290,0.354946866096,0.367597399986,0.307079416127,0.236852513482,0.142498072990,0.079833506516,0.057704207246,0.047073064934,0.075862714808,0.109785784565,0.063568324465,0.018748544898,0.004667919855,0.005142064296,0.011348835391,0.027481783973,0.051772944441,0.068355040786,0.077948474253,0.087692493909,0.080975238774,0.094364546806,0.116121719669,0.075466576551,0.035037061103,0.029365220627,0.051157757953,0.114504198029,0.119657297262,0.073365969762,0.021101271457,0.006149282474,0.002248573901,0.001449326583,0.001979977253,0.003330088836,0.004049888273,0.003791459281,0.003032733827,0.002984862025,0.004885148901,0.012951754856,0.058403469744,0.166519927309,0.292959730623
0.353642976683,0.217478285712,0.114608569722,0.075167017812,0.067988921683,0.131557155563,0.137908948725,0.061120379357,0.040692104972,0.077710893414,0.161309746978,0.277853385029,0.319827042072,0.363230140827,0.289305225851,0.311187240501,0.406989800277,0.344879968072,0.254686430542,0.133618301929,0.054592570650,0.030979903645,0.021786621298,0.018535524189,0.013603989449,0.004050627814,0.001099738422,0.000715951924,0.002253460327,0.008882308178,0.031842759385,0.059774217278,0.060927572602,0.061629963880,0.077099877250,0.084809371227,0.091894120676,0.056866505599,0.038611198215,0.022848226329,0.019555606142,0.035260374079,0.116444828704,0.168490717649,0.107270062267,0.025988438981,0.007714765944,0.003013171870,0.001674698913,0.002844690709,0.005768261898,0.006644234776,0.004942665089,0.002579083937,0.001478801687,0.001740029009,0.007086138570,0.053379210022,0.188492802453,0.339234535777
0.446232915432,0.245624131443,0.088137149461,0.045864846560,0.063905088671,0.149663528456,0.106335957876,0.054260398137,0.030305345051,0.046930877510,0.130044456614,0.323702144240,0.322709334293,0.298785370800,0.256794104756,0.345333001986,0.429921441689,0.299944179681,0.247802995082,0.194670430724,0.124647989599,0.065904975564,0.021467768249,0.010229468971,0.005467475192,0.001047624320,0.000232459909,0.000211288700,0.001298206637,0.009669092805,0.038423167709,0.061330948787,0.054936747578,0.051456913796,0.079662666165,0.116409541757,0.110300771310,0.059930952841,0.034913230551,0.018700022901,0.020174464217,0.073235420173,0.169802227326,0.136972539056,0.085252149773,0.030557896498,0.012874888126,0.003936715776,0.001544068439,0.003058439013,0.006464372473,0.007473689935,0.005252392411,0.002450784133,0.001325249363,0.001724078612,0.005565933219,0.039427145206,0.155193977953,0.374455440960
0.473866741238,0.140793820601,0.029384279601,0.016776237374,0.021248531059,0.065290563149,0.106186415423,0.074369860605,0.028164630574,0.027689225922,0.085533740489,0.408727828041,0.432606446042,0.223362598513,0.129645985947,0.170560879587,0.305017107468,0.228677292601,0.193353860538,0.161811949758,0.100282436717,0.068204055248,0.042439706933,0.019521899575,0.004824309505,0.000606050609,0.000143094481,0.000161291986,0.001667920341,0.012118674047,0.030782250117,0.042930762021,0.045711693738,0.031230345119,0.039834998877,0.088306490838,0.084174242555,0.045876235112,0.025934996411,0.013161810597,0.018561285373,0.070355421866,0.151160642520,0.147386304124,0.098358441180,0.028918269480,0.010748654611,0.002509512829,0.001091532649,0.002569912588,0.004897720258,0.005340053288,0.003627658946,0.001681622409,0.000837128128,0.000986779746,0.001986361697,0.016852395269,0.127479091088,0.458850078065
0.365579808133,0.076672879917,0.016257749311,0.013302171003,0.020901665134,0.059976395014,0.104158665598,0.076286271405,0.042960231010,0.047719979636,0.130032588361,0.509292091701,0.412854756688,0.139925016826,0.062277265788,0.075829580614,0.177556249462,0.210584263113,0.192645329271,0.158566653681,0.092713640013,0.066547994267,0.043643607788,0.011707865747,0.001975042638,0.000520751016,0.000163792054,0.000252472885,0.002939563202,0.015411810791,0.033058509729,0.039446626055,0.025990242837,0.014084796434,0.021358391036,0.052292752303,0.080211998132,0.041356484502,0.015840289329,0.008565994165,0.017632343256,0.064996750656,0.130940796327,0.104590933190,0.054475917592,0.021268751589,0.010134627175,0.002736870183,0.001227540941,0.002299869946,0.003915815676,0.004110227808,0.002620497568,0.001105631774,0.000493294744,0.000398931549,0.001848246025,0.017847357476,0.179974121390,0.538679056396
0.321939357196,0.049247689321,0.009926420547,0.010284703610,0.022968403858,0.093983249147,0.196958375906,0.101291233024,0.046720329914,0.060113476782,0.180591597717,0.528342351841,0.377550441745,0.142100389675,0.058514994463,0.065898843801,0.168196748320,0.190109642371,0.196173779697,0.202628924755,0.122124271416,0.055900288752,0.014970335849,0.004189654389,0.002138694431,0.000744505030,0.000185957626,0.000280210976,0.003111913321,0.014547277849,0.031738873782,0.041785780006,0.026669351785,0.017880658798,0.041822196584,0.095199094462,0.063344948521,0.022195298465,0.009328061519,0.007117406017,0.022127875421,0.074854657202,0.113468985449,0.068263044341,0.032443259195,0.018556171797,0.014709318298,0.007794456499,0.003039793119,0.003256561743,0.004178528809,0.004179103648,0.002303173454,0.000773678661,0.000280302059,0.000276790096,0.001201568116,0.008985970323,0.150043243950,0.588278126035
0.368996267244,0.053536952431,0.008453820516,0.007656503228,0.022175903379,0.102856515654,0.126903296788,0.052491588677,0.025364375498,0.055675115698,0.257302353105,0.645900551704,0.284667434450,0.072246902591,0.027635392622,0.038954352979,0.139904821917,0.193740025098,0.215534367240,0.164188452890,0.041643770000,0.006726473459,0.002500401553,0.004357393505,0.003746878927,0.001233655480,0.000227422301,0.000267243854,0.002536423817,0.013014044307,0.032248683663,0.054588458587,0.040868360217,0.024247978240,0.045588668801,0.067851514277,0.027372926788,0.008093875156,0.004479516107,0.005823084799,0.027339273606,0.075481698477,0.060912737816,0.026395433573,0.012651630632,0.009067884824,0.012237729152,0.008683588355,0.002852776080,0.002309092725,0.003156485722,0.002598594281,0.001374896147,0.000499155640,0.000202910146,0.000141622567,0.000233099024,0.003727997124,0.089312298070,0.526243136613
0.320561937889,0.060460211453,0.013879517704,0.012259432195,0.019765843711,0.053291243859,0.065107220579,0.034653747459,0.024442471675,0.068927717077,0.333778324303,0.711468472625,0.303730581384,0.081352529894,0.028272888830,0.032941157232,0.081802545046,0.162443092452,0.220630804957,0.092054183777,0.017867257337,0.008473762597,0.006550591866,0.005550360052,0.004176592982,0.001569726428,0.000317551824,0.000377345916,0.002670461194,0.012763997119,0.035236349485,0.088561296345,0.066974246847,0.027797655380,0.032750983310,0.037432623870,0.019741366205,0.009645246822,0.005750864894,0.006403362178,0.018460504739,0.052343134427,0.040348674707,0.013234203204,0.004288503602,0.003027391392,0.007277085490,0.009245145683,0.003738150410,0.001501063604,0.001187999346,0.000642693677,0.000320442835,0.000154909243,0.000097018387,0.000088785581,0.000126674606,0.002384692244,0.071896134220,0.415012633998
0.311345528698,0.082052135612,0.022478730500,0.016364862458,0.017992707169,0.023270113656,0.018062385224,0.009406388920,0.009995212282,0.044718430337,0.287407122235,0.766797106590,0.338931054655,0.062782699124,0.017314159389,0.024285700748,0.062963112043,0.133226389907,0.103346232974,0.018581029934,0.002855671332,0.003429712291,0.006752851234,0.006349239685,0.002680494040,0.000985621071,0.000253807916,0.000322339267,0.001976465255,0.010034865110,0.029812838409,0.086539709315,0.075697328291,0.034733832728,0.029192277014,0.026463740381,0.015275290562,0.007574005036,0.005420078673,0.003849976342,0.007945549993,0.028757245957,0.045884036241,0.020758868278,0.002811235251,0.000783538869,0.002290028042,0.003265922279,0.001648183333,0.001052918999,0.000624205100,0.000212862406,0.000096281990,0.000064997685,0.000057838912,0.000060859574,0.000070453011,0.001206846714,0.057515127432,0.358952089863
0.285609054878,0.101549366346,0.036924005427,0.021578196887,0.020702247410,0.023303361523,0.010014870986,0.002947465826,0.003265168062,0.022292186629,0.211979114649,0.750974913592,0.458056846041,0.100279514481,0.019883664361,0.022759596295,0.062647256788,0.098368675763,0.047103169164,0.006252163875,0.000870981058,0.001785039855,0.006726214381,0.009411016192,0.002467747034,0.000586564287,0.000151708081,0.000214919128,0.001279654198,0.006524946142,0.025722700720,0.077336524676,0.058549345287,0.030590692918,0.031784207758,0.041250032278,0.029679942984,0.013478917927,0.006298968712,0.002974683526,0.004866548075,0.017057465028,0.033581187168,0.015107426170,0.001990923344,0.000936593853,0.002862127781,0.003002910936,0.001135587980,0.000688843097,0.000342458466,0.000092952350,0.000050132431,0.000050000000,0.000050000000,0.000050000000,0.000051562396,0.000916667172,0.052010436302,0.329796192513
0.240350561799,0.115878527596,0.066014442208,0.037283074641,0.026404643047,0.021055478051,0.008556305249,0.001872868539,0.001133090913,0.005004863338,0.093984235616,0.721549891651,0.579291395502,0.101874420158,0.020555950388,0.026843893656,0.070690079443,0.082757293542,0.028329650335,0.004598788772,0.000531918476,0.000369499811,0.000517104422,0.001350640595,0.001318534211,0.000524378523,0.000112441466,0.000130390325,0.000579690181,0.002730472696,0.013421006694,0.062545376032,0.049936600143,0.020472913878,0.023362651941,0.046328012766,0.053361616762,0.035096124831,0.014891512893,0.005177423410,0.002289681896,0.004718782975,0.014672612848,0.011092438794,0.002221262763,0.001605083111,0.002231459488,0.000959640071,0.000370257595,0.000284112033,0.000148970802,0.000058117428,0.000050000000,0.000050000000,0.000050000000,0.000050000000,0.000058459725,0.001525693812,0.057816797059,0.282549354255
0.207020167506,0.121881947165,0.070551850428,0.046241336022,0.035269901083,0.023588555004,0.011260052734,0.002600375189,0.000994154960,0.002010107877,0.035468724190,0.547189495448,0.759176695254,0.147625320323,0.017949283895,0.023204406322,0.071203226261,0.080336123695,0.019745697045,0.002311168472,0.000227147218,0.000121334425,0.000181595066,0.000575927071,0.000646902210,0.000287390422,0.000077590428,0.000092081121,0.000348249415,0.001732298256,0.007213596382,0.033212981569,0.038903855327,0.018965513185,0.018620492932,0.037550387504,0.050981087721,0.025684348547,0.008293856742,0.002816819628,0.001519831028,0.003868616829,0.016640396408,0.012971199501,0.002418216392,0.001354926172,0.001088625029,0.000408702389,0.000211645462,0.000151111019,0.000085411770,0.000050000000,0.000050000000,0.000050000000,0.000050000000,0.000050000000,0.000069353771,0.002013632688,0.055426903785,0.218748414577
0.173320763551,0.102348852367,0.060169093288,0.041623870685,0.031416119945,0.029991791790,0.021918237715,0.005171996919,0.001137266586,0.001337021787,0.018299427484,0.382995225458,0.860345851725,0.186049823824,0.014541222882,0.016026177454,0.056976365528,0.077888115002,0.019747652706,0.001707408071,0.000188691902,0.000152668077,0.000135057945,0.000322164852,0.000583334565,0.000429556093,0.000074521726,0.000087753189,0.000413132787,0.002009841580,0.004953641432,0.016624395027,0.027661024752,0.017845899545,0.018223060099,0.036034688423,0.050803510992,0.021686067387,0.004623700366,0.000914998951,0.000712135383,0.002739568069,0.022344638913,0.020366032031,0.002455330219,0.001276240745,0.001077327271,0.000352784957,0.000137863200,0.000086233164,0.000057838035,0.000050000000,0.000050000000,0.000050000000,0.000050000000,0.000050000000,0.000082925082,0.002369552338,0.053139492914,0.184174405715
0.149689851850,0.084849603047,0.043565335124,0.028700212573,0.022513030148,0.022907876685,0.017918502817,0.005213801318,0.001282705677,0.001667261200,0.020179313387,0.367049909050,0.883898643758,0.161837773206,0.007955763708,0.010558130764,0.039686896518,0.068712042295,0.024985597591,0.002544907188,0.000329673912,0.000273770177,0.000225979345,0.000408332231,0.000509203907,0.000291576090,0.000100081775,0.000143736511,0.000937508194,0.004379696993,0.007529027425,0.016297892994,0.021964807656,0.016071331580,0.021186261177,0.042800374613,0.051834840163,0.021161998780,0.004873004560,0.000958795460,0.000622821793,0.001681578993,0.016603190930,0.014748806800,0.001546773412,0.001089137930,0.001178120947,0.000481352932,0.000162979042,0.000084535271,0.000056099432,0.000050000000,0.000050000000,0.000050000000,0.000050000000,0.000050000000,0.000092617251,0.002139836310,0.043869893070,0.160928794772
0.138919650706,0.060983303512,0.030996309899,0.019067895461,0.013291138132,0.012863352328,0.011786867476,0.007692098084,0.002658770009,0.002201399725,0.017924786875,0.342358500543,0.904092562124,0.139895281576,0.004414189450,0.007167647477,0.025474421320,0.047018292536,0.029471642294,0.006212642666,0.001945283073,0.002030817197,0.001260236177,0.001050822193,0.000647535884,0.000364289802,0.000255827663,0.000338727186,0.001737326351,0.005589598667,0.006943566635,0.013970088389,0.023564604227,0.021691308278,0.031310064089,0.046463369270,0.046584257063,0.023006241883,0.005970185443,0.001068655338,0.000538442130,0.000733468388,0.006750408841,0.005951865793,0.000660667973,0.000547246948,0.000683173814,0.000459778011,0.000226106010,0.000131642198,0.000084101963,0.000053794981,0.000050000000,0.000050000000,0.000050000000,0.000050000000,0.000064363311,0.001098144708,0.029542754165,0.150573167604
0.121719141796,0.034947036159,0.012234928281,0.010448196842,0.009056553102,0.010236455438,0.007965743429,0.006201344322,0.002985109470,0.002315320600,0.014515346426,0.337713701951,0.917774917425,0.089176359347,0.002587549325,0.005313803489,0.016753773941,0.030451708408,0.026082297951,0.007970741705,0.004725718177,0.008101988313,0.004667732055,0.001978489704,0.000979016639,0.000570952578,0.000421759510,0.000632033036,0.002919995988,0.007010532106,0.006148483330,0.007524933482,0.014421781840,0.023798741519,0.045409632199,0.051674428405,0.042576607583,0.020344447278,0.004643205915,0.000750652888,0.000471477462,0.000413276721,0.003775499254,0.004282230176,0.000433101234,0.000300285420,0.000394160425,0.000348507965,0.000240522941,0.000200947799,0.000155192384,0.000093864207,0.000068381481,0.000056341433,0.000050207466,0.000050000000,0.000050366269,0.000543608265,0.019083824952,0.139769921959
0.093707209321,0.019561938354,0.006478185621,0.005272462193,0.005123163364,0.005803753143,0.004287915272,0.003588288353,0.002314470008,0.002391237102,0.021644940073,0.382665681538,0.903539614268,0.090608478618,0.001983218442,0.003994008262,0.012379897432,0.021672575866,0.023437944867,0.010398770328,0.004994719213,0.007839276778,0.005632381271,0.003886673464,0.002713793477,0.001607073419,0.001015779334,0.001278197697,0.004434885884,0.007415116399,0.004563432027,0.003331119028,0.006237989492,0.018440426979,0.056016924800,0.064456746838,0.039743449420,0.015102979237,0.003162600744,0.000533104050,0.000563653331,0.000571533197,0.002660200520,0.002952025403,0.000415138442,0.000197329299,0.000238679546,0.000218073807,0.000186101270,0.000225411984,0.000246292496,0.000183268290,0.000134818885,0.000093666092,0.000065219107,0.000053559557,0.000053621979,0.000532347542,0.016879648363,0.132634535191
0.092902581891,0.020942677313,0.006307209026,0.004770063681,0.002777064927,0.001612011544,0.001259364481,0.001188378063,0.001193149609,0.001854803949,0.031165792072,0.494070052841,0.851138768051,0.087223500588,0.002516294432,0.003761666810,0.012301585054,0.021223156675,0.022000925389,0.013551280432,0.007771034583,0.007979339732,0.004385247243,0.004219568922,0.004806203818,0.003646397682,0.002358991702,0.002805456817,0.006920828903,0.007842444627,0.003678612857,0.002377116873,0.003984842330,0.014308449235,0.060464918640,0.074938266135,0.032030155797,0.009050059338,0.002278701923,0.000500736015,0.000376359025,0.000336455840,0.001454331834,0.002156608847,0.000609384336,0.000187101109,0.000147884272,0.000157472053,0.000127650413,0.000207042956,0.000325288499,0.000311284948,0.000242829441,0.000148052755,0.000087049497,0.000059582146,0.000056627860,0.000473487296,0.012912798666,0.109463834006
0.083326774305,0.026746903226,0.008009867773,0.003540414448,0.001232311270,0.001038456128,0.000904671517,0.000864191952,0.001068103216,0.002032847755,0.040519248822,0.637832639564,0.756071436915,0.069688997348,0.003412949407,0.004244791410,0.012977459308,0.023249653986,0.028518716020,0.017851572823,0.007670813624,0.005262780668,0.002554647883,0.003375534272,0.004417718272,0.004055112068,0.003645283525,0.004495996236,0.008503665194,0.006995665950,0.002689012767,0.001672891069,0.003127865660,0.014377808407,0.063698107165,0.080826664962,0.023160516323,0.004584429269,0.001361448333,0.000459473681,0.000315747712,0.000246602866,0.000565831114,0.000614876043,0.000197757936,0.000115700637,0.000126234781,0.000140596474,0.000100831940,0.000160721322,0.000267325352,0.000289215387,0.000244274559,0.000142314182,0.000075389549,0.000053292067,0.000050881580,0.000434823683,0.010564503847,0.076032282094
0.060446843755,0.031799533973,0.011868936413,0.003708183507,0.001017309864,0.000729102450,0.000602510493,0.000655848221,0.001019161816,0.002696927329,0.075061163379,0.826510229940,0.549280809866,0.043833922743,0.004203601412,0.005855601767,0.018262626819,0.032809311027,0.028838380618,0.011716970685,0.005372562566,0.006677763998,0.005572660580,0.007001156010,0.011038300257,0.009411794238,0.004636233447,0.005089941071,0.008886840924,0.007174607920,0.002888490407,0.001685736396,0.002728736609,0.012770798066,0.049046122811,0.073285550458,0.023099151519,0.004358405258,0.001290120619,0.000651518757,0.000613170179,0.000382141023,0.000283802923,0.000155017677,0.000068607863,0.000081064881,0.000111029059,0.000101363366,0.000080048280,0.000109044329,0.000159822519,0.000169656613,0.000142122406,0.000085818132,0.000055107696,0.000050000000,0.000050000000,0.000541344512,0.011648526841,0.053147397617
0.056149522387,0.032723365764,0.010548234511,0.003526059267,0.001124801404,0.000793544415,0.000624260697,0.000540497529,0.000615162852,0.001981630163,0.102262559071,0.917876533120,0.378105549703,0.022530737030,0.003474324407,0.007060793969,0.026915656276,0.037054446897,0.016951667821,0.005587737717,0.004714664409,0.011472204996,0.007813153301,0.004723885146,0.005606330727,0.006919401722,0.004433972142,0.005457982561,0.006997944034,0.004632164695,0.001845407395,0.001369912432,0.002557857396,0.011368074168,0.039534202702,0.065192424893,0.024679065074,0.004657527727,0.001477620622,0.001169950022,0.001359745462,0.000667693337,0.000253318486,0.000061971507,0.000050000000,0.000051612436,0.000070353644,0.000064474743,0.000062393851,0.000077428191,0.000102829216,0.000110703990,0.000083911392,0.000054406816,0.000050000000,0.000050000000,0.000050868129,0.000549944545,0.010355682893,0.040884836180
0.054580464665,0.034678998294,0.009321727355,0.002183211608,0.000608957653,0.000489345650,0.000451478585,0.000382742655,0.000381936429,0.001560697840,0.101911253820,0.945394793959,0.306261333760,0.017707115784,0.004412369816,0.008335232932,0.033343802904,0.032949451055,0.008015810667,0.001696112789,0.001520644542,0.007036799377,0.010362590676,0.008057781634,0.007390012200,0.005482798780,0.003572669882,0.005002744435,0.006250606951,0.003696877385,0.001213087075,0.000967661678,0.002160845031,0.010363674666,0.036066220942,0.063353030148,0.025199451844,0.003254831709,0.000731247955,0.000541524500,0.001791246480,0.001459727606,0.000291227095,0.000050994731,0.000050000000,0.000050000000,0.000099312116,0.000066691948,0.000059626361,0.000073949135,0.000083071227,0.000066945092,0.000051661054,0.000050000000,0.000050000000,0.000050000000,0.000052009733,0.000489963356,0.008065523693,0.033903582075
0.052139785987,0.035332644854,0.009773110596,0.002396437244,0.000747362588,0.000562090344,0.000496837962,0.000441854665,0.000454014990,0.001267304324,0.076778684464,0.931269798124,0.353181163072,0.017588004419,0.003996445360,0.006764770467,0.023134123341,0.023112674840,0.005387846305,0.000918580548,0.000485342079,0.002580615845,0.008913868792,0.018300483242,0.022086060017,0.007590463912,0.002459032847,0.003829854153,0.004670508546,0.001913685760,0.000420023187,0.000461709219,0.001583178448,0.008429034238,0.033162435580,0.063326696901,0.027864007215,0.003458412900,0.000638713514,0.000384024916,0.000623226549,0.000914465156,0.000311078582,0.000050000000,0.000050000000,0.000050000000,0.000050000000,0.000052887445,0.000076458661,0.000095081238,0.000086408132,0.000058262379,0.000050000000,0.000050000000,0.000050000000,0.000050000000,0.000050000000,0.000487375868,0.008072575425,0.027701815257
0.045146474299,0.039497209026,0.014718104859,0.003731634327,0.001028618022,0.000605536740,0.000445562374,0.000441389785,0.000509102234,0.001810924598,0.118510831369,0.949059156939,0.290325648484,0.012152958904,0.003109063558,0.005099181097,0.013482792883,0.011073935123,0.002610284755,0.000525522344,0.000361042832,0.002086049825,0.009213080026,0.021912830922,0.030575100043,0.011337773480,0.002965419130,0.002832066650,0.002502755333,0.000780370298,0.000195872854,0.000278646537,0.001209864378,0.008551229856,0.030714644315,0.054073574417,0.027713083544,0.003782957420,0.000499964278,0.000185656855,0.000205154884,0.000375893018,0.000213798620,0.000051163414,0.000050000000,0.000050000000,0.000050000000,0.000071524747,0.000116488616,0.000112107161,0.000072721492,0.000050000000,0.000050000000,0.000050000000,0.000050000000,0.000050000000,0.000050000000,0.000198614224,0.003233322180,0.015746978444
0.037465926277,0.034793196744,0.015753186094,0.005472685184,0.002127091412,0.001497553590,0.000873390174,0.000635496956,0.000586249468,0.003388162782,0.191634525118,0.966673695622,0.177224408179,0.005550977830,0.002276135283,0.003502230421,0.008220815418,0.005689127879,0.001168033668,0.000281304736,0.000333220665,0.002264355291,0.008181281667,0.023289520268,0.033707074560,0.011387227700,0.002614583683,0.001637205314,0.001223986709,0.000399541666,0.000142235619,0.000212942457,0.000752482054,0.006206073919,0.026723213279,0.052667558657,0.030487371649,0.003970369616,0.000386197892,0.000131076115,0.000274608355,0.000543667616,0.000205539237,0.000050000000,0.000050000000,0.000050000000,0.000052372816,0.000102532550,0.000158178191,0.000122879773,0.000062405334,0.000050000000,0.000050000000,0.000050000000,0.000050000000,0.000050000000,0.000050000000,0.000092877255,0.001627375949,0.011120825260
0.032582336838,0.030783243837,0.011182085036,0.004304924270,0.003070640339,0.004394319369,0.002801817972,0.001236303560,0.000708711796,0.004236190246,0.221298593280,0.968183770310,0.145237271362,0.004334458831,0.001598045068,0.001954342704,0.003875688542,0.002836992780,0.000880992611,0.000383963878,0.000762055668,0.005698329806,0.012398231311,0.020330607923,0.034335254921,0.011763136358,0.001843181847,0.001425223251,0.001234803835,0.000464797231,0.000163844299,0.000184955544,0.000459716851,0.003752901284,0.022053630457,0.057347343382,0.040047289016,0.005706573632,0.000512156358,0.000176347956,0.000455431534,0.000597796310,0.000139847540,0.000050000000,0.000050000000,0.000050000000,0.000052057971,0.000106086242,0.000173494179,0.000134683949,0.000062672946,0.000050000000,0.000050000000,0.000050000000,0.000050000000,0.000050000000,0.000050000000,0.000083799278,0.001034488238,0.008171037598
0.034042267156,0.028162093178,0.011584545996,0.006543426189,0.006104392921,0.007036261835,0.002718730889,0.000913641224,0.000643579969,0.006281829522,0.370258059551,0.930691076578,0.089474127667,0.003022341583,0.001301905285,0.001399677886,0.002354528921,0.003733294094,0.002757380196,0.001097705806,0.001493847187,0.006343607319,0.012244837546,0.023555354674,0.033414929881,0.005639776016,0.001226278551,0.001457798220,0.001793284087,0.000814203324,0.000212901718,0.000142702190,0.000254947589,0.001951888905,0.015668646613,0.058123552471,0.056375582703,0.012948599980,0.001497883381,0.000601088931,0.000532176647,0.000293104788,0.000087626094,0.000050000000,0.000050000000,0.000050000000,0.000050000000,0.000081848205,0.000143107909,0.000131059997,0.000072075464,0.000050000000,0.000050000000,0.000054106569,0.000050000000,0.000050000000,0.000050000000,0.000083937451,0.000958940045,0.011544259014
0.038480203378,0.027013446654,0.010390712769,0.007864406946,0.008670512417,0.007940904003,0.002410003369,0.000757936405,0.000664795735,0.006065223645,0.387436961068,0.924152520191,0.082033146719,0.001869630499,0.000954689315,0.001412332775,0.003356237628,0.007174557401,0.008643384019,0.004020180168,0.003240455795,0.007261056699,0.010705971740,0.024087887393,0.042095938701,0.010260750116,0.001021645474,0.001313542410,0.002374923072,0.001354489970,0.000276527528,0.000121141670,0.000170356272,0.001327483860,0.012973207734,0.057695397971,0.061743504140,0.018654338000,0.002934855527,0.001476615232,0.001115491649,0.000375239510,0.000106120028,0.000050000000,0.000050000000,0.000050000000,0.000050000000,0.000079548328,0.000164375944,0.000206959646,0.000129465578,0.000066547168,0.000050000000,0.000121223548,0.000210301125,0.000087071955,0.000059479001,0.000101024027,0.001556837721,0.014032150020
0.041368659813,0.028679831940,0.010828066776,0.007867994370,0.007372542286,0.006028454168,0.002001464488,0.000735500002,0.000805345079,0.008166228914,0.434962195988,0.904337341761,0.053509471634,0.001150762582,0.000822995070,0.001579597256,0.005714079686,0.016452452556,0.015436790972,0.004449450780,0.002239642077,0.005057180241,0.008849044513,0.026183687127,0.053545316056,0.010091350607,0.000638155278,0.000807104122,0.001777910690,0.001339800099,0.000307833592,0.000134437085,0.000190454053,0.001102531953,0.009319786593,0.048920031707,0.062002788817,0.021311367936,0.004022465262,0.002474537988,0.001916687290,0.000550622553,0.000179695577,0.000050000000,0.000050000000,0.000050000000,0.000050000000,0.000071166109,0.000195577786,0.000322722313,0.000222551492,0.000090426947,0.000050338752,0.000057080556,0.000050000000,0.000050548556,0.000088108911,0.000265069424,0.003528795430,0.020152311453
0.037533114989,0.030580064971,0.011093289524,0.005559949638,0.003620131790,0.002895459500,0.001590327585,0.001177898201,0.001789413289,0.010062034948,0.452251906334,0.896280242540,0.048649769451,0.001051243015,0.000807398070,0.001704912261,0.007225100288,0.017087339443,0.013010892934,0.006919734871,0.003348055116,0.003469998796,0.004205639736,0.019984541724,0.061871644943,0.008137755687,0.000429492111,0.000793443174,0.001911998576,0.001685785544,0.000428794264,0.000181917164,0.000274078046,0.001228224957,0.007669710985,0.040209812468,0.060564126429,0.030795729729,0.006393837448,0.002105422079,0.000752047747,0.000295084088,0.000307314690,0.000069970144,0.000050000000,0.000050000000,0.000050778195,0.000089245537,0.000233953870,0.000593467512,0.000612217665,0.000232910734,0.000073494686,0.000050000000,0.000050000000,0.000051829178,0.000107295973,0.000273919341,0.003001499247,0.018527180176
0.042791605280,0.032028532411,0.008847883203,0.002952437715,0.001773656587,0.001808018939,0.001607486307,0.001803565799,0.002948763943,0.013240510776,0.503902718311,0.870350841335,0.051310549447,0.001444574996,0.001280369902,0.002797668421,0.011775371863,0.022547177600,0.014109603331,0.007225149120,0.004725407721,0.005375853265,0.004830886969,0.013821675517,0.046839956523,0.018169335975,0.002441538093,0.002939094937,0.003850144722,0.001827827136,0.000387511887,0.000157793547,0.000209770581,0.001182236062,0.008147181103,0.042846575052,0.063530704381,0.027405415126,0.005875594740,0.002826130973,0.001098851574,0.000414992158,0.000405316263,0.000134083336,0.000081442063,0.000079460802,0.000111658257,0.000301606593,0.000951123739,0.002819460337,0.003665333906,0.001710122129,0.000459962870,0.000110928234,0.000058407475,0.000055622355,0.000100105933,0.000319070736,0.003182497832,0.018334236691
0.041517928656,0.032077379293,0.009569356677,0.002612230738,0.001384439098,0.001798916765,0.002855108815,0.004750516274,0.007151027231,0.016403020617,0.445027387902,0.899475110973,0.079024906388,0.003237245900,0.002844792312,0.004649085326,0.014173429101,0.024757633181,0.019348196374,0.014282613212,0.007387887622,0.005767646633,0.004658086766,0.012341394330,0.036798660784,0.017600039268,0.006438946130,0.006562478105,0.004369504393,0.001123482945,0.000239379378,0.000125762293,0.000193364252,0.001258339086,0.008104098993,0.039078669693,0.060592532517,0.028146509264,0.006514757451,0.002193103062,0.000732672654,0.000765296505,0.001125897887,0.000568494833,0.000328482067,0.000240656284,0.000305170279,0.000803027879,0.002436638922,0.007190124667,0.010318610579,0.005859128727,0.002155994788,0.000582381668,0.000283858055,0.000231518806,0.000219252550,0.000611971624,0.004341996402,0.017458053890
0.034677525229,0.029423358146,0.011644369814,0.003339184930,0.001682197553,0.002111072863,0.003622845890,0.006798423729,0.011011534408,0.018247587367,0.429045427654,0.906397334286,0.084954756668,0.006239763813,0.005474113073,0.006424872904,0.013528989295,0.023043173140,0.018411393694,0.015798048425,0.012634903593,0.009140298834,0.004977663975,0.007198487182,0.026453016662,0.022403010781,0.009903475644,0.009331601021,0.005659466160,0.001461007050,0.000351828437,0.000202345681,0.000320032671,0.001640307577,0.008084746563,0.032240177869,0.057554467716,0.029414335369,0.006363543323,0.001908275600,0.000859779436,0.001086449394,0.001885509361,0.001565440944,0.001001753225,0.000588709325,0.000577905189,0.001219649574,0.003394797317,0.010651471107,0.018721428640,0.013931478350,0.006703813688,0.002584435501,0.001256753143,0.000892190176,0.000574364169,0.001241445599,0.005553437775,0.016040921943
0.024681134990,0.023012315978,0.012025074299,0.004581323371,0.002662085717,0.002836330713,0.003976192034,0.007288332167,0.012254418164,0.018477624152,0.364110353667,0.932191441599,0.130805454692,0.008121582951,0.005611655964,0.006108584421,0.013487239649,0.022759485604,0.018692280461,0.013689965832,0.012864200467,0.012842402396,0.008752331987,0.010102216022,0.025235630164,0.019865759715,0.007980264642,0.008991015901,0.007422198986,0.002512849484,0.000693334760,0.000414309742,0.000672733031,0.002748737203,0.010538114216,0.031776954047,0.053056225051,0.030336790887,0.007851195220,0.002411569696,0.001207725068,0.001973504370,0.004604553691,0.005195565337,0.003137569661,0.001299503502,0.000894914063,0.001469607559,0.003900733601,0.013256026995,0.027684556170,0.026491607160,0.015440183457,0.007095553507,0.002949889709,0.001346811586,0.001045674897,0.002354631844,0.006878266533,0.015904535185
0.020111879216,0.021690963383,0.010096489148,0.004268385651,0.002559806652,0.002591982638,0.003778038730,0.007006656306,0.010839359198,0.016040529777,0.327509211691,0.940644804754,0.163251332636,0.008272036742,0.005151240028,0.006603207871,0.016742778412,0.027544975312,0.019321460245,0.011311080534,0.011489285479,0.011485201302,0.009068687112,0.012557131091,0.029792703150,0.015237992361,0.005741016761,0.007005383229,0.007759258382,0.003684703491,0.001398534776,0.000947555035,0.001318079896,0.003674114760,0.010592114596,0.025932900703,0.040619359113,0.025817451858,0.008705675470,0.003571866236,0.002621123031,0.004415446122,0.008938421338,0.009901167162,0.006576958542,0.002707262661,0.001447941056,0.001852993339,0.004704621396,0.015499867533,0.032218275343,0.034775364652,0.024053559462,0.013966199215,0.007379270454,0.004022205214,0.002718233345,0.003485815967,0.005577310498,0.015175159362
0.018518816550,0.019748408642,0.009426705128,0.003824489188,0.002179626320,0.001836885628,0.002498480308,0.004818308772,0.008625881225,0.014140208428,0.217072400860,0.952590681862,0.253820076479,0.010432064312,0.004387516739,0.006947693838,0.023587549756,0.033387604916,0.016517232761,0.006980227572,0.005402776588,0.007038582456,0.007631499795,0.010201568048,0.024819946949,0.018086766275,0.006283418557,0.005996852593,0.006460877612,0.003949376737,0.002289498934,0.001886850835,0.002306156295,0.004445036583,0.009207308186,0.018756745325,0.029407663981,0.021613776436,0.009568248192,0.005429889994,0.005382790955,0.009454789118,0.015088090956,0.013992230494,0.009103029891,0.004044476522,0.002155687847,0.002488376239,0.006035854626,0.018553806592,0.036103599312,0.041179824395,0.032025058374,0.021151156728,0.013399335720,0.009070064502,0.006330066612,0.005302656088,0.004787343645,0.014924226383
0.015244929705,0.022358312028,0.008979901942,0.003341993462,0.002035398141,0.001752919573,0.002610066803,0.005249073210,0.009158917681,0.012406206894,0.099740923446,0.820623620464,0.575878805139,0.041620528432,0.006111263558,0.008258809562,0.023790393999,0.028380940763,0.011380049612,0.005153393683,0.004513119907,0.005487247910,0.006810961351,0.012075472158,0.018187985845,0.009859348917,0.007128708193,0.006940125586,0.005933493393,0.003518056420,0.002592947484,0.002864692954,0.003923728865,0.006569953028,0.011182079407,0.018440143401,0.024786557652,0.019175794623,0.011169142712,0.010734171154,0.015497401783,0.023087407955,0.025585853667,0.016491166249,0.008428448154,0.003757445794,0.002601154515,0.003671817996,0.009210803011,0.025594614676,0.043859056067,0.048275346017,0.039788598208,0.028839463210,0.021824402863,0.018608901521,0.015094373004,0.009751509697,0.004625120900,0.012973086654
0.013536113829,0.023422087443,0.010278036936,0.004134213731,0.002704665725,0.002205847720,0.002812759105,0.004488970108,0.006961797765,0.010367041681,0.073200079857,0.588786234025,0.805279040250,0.117742755587,0.013551903271,0.012434078170,0.019235538587,0.012217020315,0.004643094256,0.003568349878,0.004522110336,0.005876913375,0.006110948004,0.007657603518,0.010409604664,0.010504085239,0.010380086944,0.008804143827,0.005678752040,0.002931235041,0.002306849032,0.003030710166,0.004970122853,0.008855822723,0.014035847762,0.019495978127,0.024261685060,0.023585446240,0.019540542345,0.023360874831,0.032474255455,0.040542452649,0.031445734737,0.015871712893,0.007311992500,0.003540066813,0.003189561803,0.005533826530,0.014082149536,0.033311152277,0.048424782737,0.049872425352,0.046782650232,0.043266357738,0.041952517980,0.038427509263,0.028446923226,0.013594328126,0.004410137374,0.003535282807
0.006280381231,0.008713531945,0.007898109774,0.004513843357,0.002852664496,0.002204281723,0.002433449840,0.003763846914,0.006917665940,0.011704601832,0.033464288192,0.242895970563,0.866044888981,0.440404970497,0.043188207030,0.008279884147,0.005684698960,0.003266511133,0.002533187072,0.003152020291,0.004343261843,0.005109869714,0.005254487494,0.008050095827,0.012129123703,0.012004812723,0.012633477380,0.009766014301,0.005369015130,0.002470456109,0.001854691052,0.002465521288,0.005113467814,0.013312880152,0.025813804613,0.028588771008,0.024830766176,0.023342165566,0.025309630019,0.038812157212,0.049880708355,0.049344402663,0.029125628131,0.014282349518,0.008114340528,0.005241934283,0.004756170340,0.007738045648,0.017688050299,0.038258422071,0.052383715689,0.053879105683,0.055633020935,0.059444639082,0.060017520977,0.048320687508,0.031468131159,0.014808596647,0.005514746927,0.002842200984
0.008144580487,0.011052331012,0.008981941830,0.004974909212,0.003085083367,0.002176712503,0.001966284241,0.002631412930,0.004715958041,0.007776009576,0.010585664140,0.078373883887,0.625976199739,0.756691862277,0.145537091013,0.011365860196,0.004849913642,0.002539987858,0.001951321811,0.002256060512,0.002879555695,0.003854198651,0.005164179707,0.006685573840,0.007963823222,0.010693168563,0.012678683527,0.009529436260,0.005198297260,0.002337427133,0.001665829030,0.002220481386,0.005442444065,0.018404978611,0.040801593097,0.036197567941,0.022931868544,0.020077646099,0.026476225851,0.050392433160,0.067331726340,0.059629226866,0.031659599552,0.015388281584,0.009280771357,0.006927026796,0.006924561547,0.010455157705,0.018593155898,0.033152379382,0.046889829051,0.054865713250,0.062753860705,0.070400169585,0.068522343162,0.052863051373,0.034552815518,0.018670287348,0.008802045696,0.004116865029
0.009133162820,0.008904540374,0.007962326967,0.005182694686,0.003345406093,0.002202553609,0.001620799656,0.001701515750,0.002743772316,0.004522847448,0.005407404792,0.034007557989,0.324979416417,0.832554506207,0.433216753913,0.041085438426,0.007645624198,0.002935182108,0.001583179643,0.001354431127,0.001599800049,0.002450551442,0.003740008203,0.006853612181,0.009836219048,0.012070661256,0.013167501526,0.010637950435,0.006156578595,0.002710200514,0.001765804310,0.002312286966,0.006007228747,0.022691284677,0.054233753435,0.043842912577,0.023456919525,0.019219504797,0.028208240881,0.061941599223,0.089007446506,0.075184007835,0.038727786795,0.019079533958,0.011374331813,0.008469856546,0.008781318528,0.011683454676,0.016489658640,0.025631342291,0.040432871573,0.056651905263,0.071750960837,0.082048254078,0.076648692920,0.059280978346,0.040139588498,0.023620632917,0.012983411408,0.006652923291
0.009137394127,0.006769493934,0.006060543677,0.004682927653,0.003117946262,0.001901054307,0.001174781090,0.000949471212,0.001447926805,0.002766462245,0.004021224667,0.020113307649,0.138492095612,0.577037461489,0.793694412921,0.158902776594,0.014412560386,0.002587016134,0.000997740374,0.000827256571,0.001135141289,0.002293751919,0.004539368079,0.008982900332,0.012885801891,0.014516152095,0.015367489945,0.013830324955,0.009204780381,0.004220361597,0.002455201872,0.002855791458,0.007030102195,0.027661338218,0.068164697573,0.055424636469,0.029334166774,0.022809499463,0.031360731155,0.069142969428,0.101147937122,0.086513950600,0.043320605337,0.021215387068,0.012290690693,0.009284603101,0.009456551320,0.009625366248,0.010566752601,0.015990082556,0.030545994342,0.053942570143,0.078054865298,0.091936152423,0.084271526841,0.064511222896,0.042973403681,0.026130496756,0.016509284793,0.009282528836
0.009888397708,0.006522479013,0.005210706184,0.003641350265,0.002249115357,0.001263869073,0.000704883803,0.000490613558,0.000714837858,0.001873545943,0.006466450217,0.038379997534,0.094868447464,0.224043195025,0.753582473173,0.638675556006,0.056377221074,0.003139808445,0.000827114415,0.000716892048,0.001152251682,0.003012605640,0.006750389058,0.011956602113,0.014934886671,0.016831890076,0.019221026782,0.018568098597,0.014073666534,0.007260071698,0.003777895611,0.003751266004,0.007701044496,0.029184207378,0.078452877586,0.078918898503,0.048220879161,0.034962738533,0.038189073231,0.072618629420,0.094983267319,0.083132634222,0.043212272409,0.023525808992,0.013332010161,0.009032918101,0.008428772002,0.007619834370,0.007531019570,0.010446169341,0.020966487154,0.045150450595,0.074383204087,0.093378937163,0.090041332114,0.068400843971,0.041059463247,0.022797485796,0.015431405990,0.010489553971
0.008947787326,0.006040490509,0.004062735474,0.002360231322,0.001402792513,0.000759748192,0.000395005253,0.000241413096,0.000295784317,0.000926396468,0.006554773178,0.048709726108,0.088805877472,0.132283161674,0.423938861841,0.889758821581,0.220836829987,0.011339542671,0.001263902004,0.000761980440,0.001077687693,0.002970346752,0.007616372224,0.015462541786,0.020780561969,0.022973634818,0.024625733557,0.024356872051,0.021929033315,0.014274066292,0.007360509121,0.005947859268,0.008401508086,0.028378953993,0.087315033146,0.104486800557,0.065605968384,0.041109588793,0.036272449036,0.062851737582,0.080309627707,0.079389558922,0.042547759993,0.022490100101,0.012937954119,0.009412620566,0.009130190185,0.007155901462,0.006179217278,0.007839823435,0.013780692994,0.026810353891,0.044426275092,0.068882979486,0.088128815309,0.075261734145,0.041494914016,0.019677772175,0.012154883142,0.008603635328
0.006135979750,0.004197968748,0.002781396041,0.001414839050,0.000747952404,0.000396038128,0.000216100121,0.000143201350,0.000238687648,0.001235434450,0.016638496934,0.063540058083,0.045349190233,0.048827094625,0.223279743189,0.872611157694,0.495726521886,0.052976018677,0.002635480629,0.000566127647,0.000579195319,0.001748614769,0.006324802768,0.019257411394,0.032036532882,0.030234836591,0.025540578259,0.023590053083,0.026006633160,0.022662618034,0.012634019781,0.008558355561,0.008354250152,0.024824400369,0.091421034887,0.128293518628,0.080515148327,0.043169405249,0.031422178709,0.052819407603,0.064412292388,0.059572688939,0.026249823519,0.011989809580,0.007305512613,0.006284427183,0.006965127966,0.005043528789,0.003729001399,0.004034553638,0.006406082930,0.011420909603,0.018997308661,0.038063193443,0.069830573344,0.072032102575,0.038230745071,0.015526444895,0.008278556598,0.005788273943
0.004994996678,0.002714335967,0.001416476708,0.000689517113,0.000383129452,0.000203582940,0.000123986692,0.000096867600,0.000202846477,0.001066555711,0.010078915563,0.033938133283,0.023942850271,0.025895840217,0.142440604221,0.820089951046,0.593894212608,0.066083215158,0.004661290229,0.000893943238,0.000501872159,0.001227030406,0.004672038739,0.017550636121,0.032382014548,0.030015244688,0.022858071115,0.020846708892,0.041164225650,0.036619554214,0.018539492080,0.011545426759,0.008500446017,0.020044726941,0.086039331369,0.151507945004,0.105382998584,0.046323938669,0.022250787382,0.031964846080,0.037204597304,0.032763466668,0.012168625449,0.005019188590,0.003303496957,0.003486322452,0.004175521986,0.002524909192,0.001562975897,0.001692030389,0.003290950177,0.004486468444,0.005851930302,0.013174744971,0.034919867964,0.051412104697,0.032918348152,0.014222327396,0.007375815358,0.005225426009
0.002705549196,0.001715577031,0.000995506216,0.000449139388,0.000207255968,0.000119273011,0.000090438097,0.000078538920,0.000162035459,0.000981518354,0.007152748972,0.023327163942,0.019809890001,0.020458577982,0.091449806340,0.579632783271,0.801753667252,0.155946395337,0.009529888236,0.000842872648,0.000262558614,0.000465841914,0.001905094434,0.009632362877,0.024272689267,0.027371641534,0.022818246300,0.019837795715,0.025264730019,0.029522766688,0.017491408385,0.010122044885,0.006604702243,0.015177921235,0.075435243134,0.167585375101,0.140710332017,0.057279582922,0.021395284388,0.028195168885,0.035037062988,0.032766821363,0.010907669763,0.003922532571,0.002415955972,0.003063528132,0.004249218337,0.002201451318,0.000921408681,0.000732060250,0.001283548687,0.001874126040,0.001595026531,0.004145009180,0.015212479301,0.031867895505,0.024480805937,0.009983738263,0.004188509155,0.002724858671
0.000619701166,0.000458208849,0.000398490250,0.000400936489,0.000339055080,0.000208654001,0.000155896218,0.000130442901,0.000228144202,0.001105062046,0.006985275554,0.036671484318,0.031836665136,0.016644463975,0.046702377516,0.349983153837,0.891795932749,0.257344698100,0.011508867892,0.000531961963,0.000100411961,0.000134597604,0.000521317131,0.003566409508,0.011023638084,0.017906664815,0.019754888215,0.017649025046,0.019667155060,0.022732604326,0.015141067232,0.010333144554,0.007890503068,0.019729038141,0.077033294386,0.162571170364,0.156043555340,0.065290800263,0.023392569233,0.026733109305,0.034257224662,0.040387433322,0.016211389272,0.005641156420,0.002540841170,0.002654228873,0.003703503141,0.001914235105,0.000552933151,0.000204900101,0.000155049255,0.000260311548,0.000297400736,0.000909681157,0.004311247229,0.011157656831,0.009373378382,0.003480349556,0.001183896840,0.000631699459
0.000407662833,0.000247256432,0.000121688144,0.000121828018,0.000204174414,0.000315014346,0.000347175445,0.000271624921,0.000400944745,0.001287962175,0.007024739057,0.039642463317,0.037937280400,0.018332792677,0.039866594059,0.260773614196,0.894609555599,0.300626632885,0.010258264795,0.000340313170,0.000073038688,0.000101009656,0.000436395800,0.002860404311,0.006803499407,0.012968426110,0.015992363230,0.014001116421,0.014863067434,0.017914408384,0.014485319186,0.013158036307,0.011461532606,0.025312644299,0.083468354460,0.165497027640,0.169983816300,0.073303354272,0.027896085225,0.029018281255,0.034901392937,0.042160539741,0.018773049077,0.007289859975,0.003165819322,0.002633050151,0.002563405973,0.001043593794,0.000246865390,0.000075571697,0.000078944419,0.000573972959,0.000147468745,0.000267830822,0.001185592500,0.002787125082,0.002221465578,0.000807646810,0.000359869205,0.000413693354
0.000112314127,0.000112119573,0.000071567533,0.000065643779,0.000104471024,0.000291049799,0.000610370858,0.000607419576,0.000834836091,0.002046172993,0.011093084258,0.042690811624,0.032878585852,0.024867306904,0.080753669296,0.399475861218,0.850900331058,0.243105235936,0.009543210040,0.000304652745,0.000068706262,0.000083793598,0.000582322430,0.006965945411,0.010856912946,0.013076183168,0.014579403693,0.011093822926,0.011258273474,0.015366867758,0.016444026398,0.018907937041,0.017353038093,0.034895603145,0.100530840050,0.169843022936,0.170581281494,0.078010232554,0.035948280391,0.038987278688,0.041885934083,0.041711481004,0.017788971626,0.007930120288,0.003811981442,0.002536606522,0.001548670304,0.000486831114,0.000144110461,0.000060002039,0.000050000000,0.000241296583,0.000252429173,0.000117047130,0.000312107882,0.000563981473,0.000442799466,0.000208639762,0.000101683075,0.000086173083
0.000170704961,0.000094791597,0.000052554660,0.000054428908,0.000069155846,0.000282227677,0.001186899183,0.001629584091,0.001748940340,0.003410097907,0.014838833756,0.042373086054,0.039397892877,0.040822847742,0.152893262011,0.587512014644,0.746814319919,0.141942958539,0.006116834939,0.000284129458,0.000072545308,0.000084028178,0.000409620595,0.007950911412,0.020621638435,0.011845233822,0.011716526632,0.008522346922,0.009252551867,0.015053175443,0.019856525317,0.026070409121,0.024110577513,0.044596336297,0.110622889661,0.159019242700,0.154094464084,0.073678661445,0.037292173961,0.038772293147,0.037527272710,0.036887154385,0.017641429685,0.008384915095,0.003402495021,0.001515944803,0.000758755435,0.000288924552,0.000140821589,0.000151595946,0.000537804570,0.001587959248,0.000575816980,0.000093917844,0.000157379156,0.000201386718,0.000152066622,0.000098404881,0.000188465681,0.000159053914
0.000758109892,0.000326885259,0.000082007675,0.000050000000,0.000079666853,0.000561673277,0.002912285443,0.003281355469,0.002447995956,0.003708891910,0.016358541419,0.057109960667,0.063752510013,0.081711068576,0.340665068814,0.768486611303,0.456651475439,0.086499541460,0.008412771776,0.000783795751,0.000129866360,0.000110237361,0.000581403869,0.011504841032,0.013408838248,0.009081659138,0.012430182902,0.012524126285,0.014771016381,0.022661079071,0.028089281303,0.038338844963,0.032690202940,0.051030814463,0.111373770759,0.157418899932,0.153053183420,0.073456107403,0.036426586218,0.034277834911,0.031826483557,0.036598907955,0.022302302223,0.010913047288,0.003120472355,0.000969823010,0.000511316388,0.000289671650,0.000267626903,0.002592984054,0.009897383637,0.002170816324,0.000120360821,0.000100572307,0.000121663783,0.000121587113,0.000092813190,0.000091038072,0.000354388127,0.000435266932
0.002074035579,0.001625799143,0.000429295914,0.000197814098,0.000515706184,0.002331838725,0.006161798531,0.004510182825,0.002659942985,0.003835410511,0.018475593908,0.091677671484,0.176208490051,0.292937409953,0.610552014541,0.602521164990,0.214267994753,0.066031187916,0.016180594805,0.003056256080,0.000468480568,0.000285665138,0.000491507373,0.003224649315,0.004903289980,0.007843175495,0.013572020006,0.020175597338,0.033057833370,0.054148536174,0.055112151555,0.061765324325,0.042705051319,0.059094288606,0.123785003266,0.168330389713,0.164929585000,0.082178864845,0.041340447175,0.036082378184,0.035116770737,0.051022998563,0.044785814600,0.022715433908,0.004546279221,0.000956926413,0.000498617316,0.000364381863,0.000274364744,0.002967673832,0.002534690430,0.000103832667,0.000111219141,0.000116078997,0.000140388517,0.000155596073,0.000162726887,0.000245062322,0.000229290167,0.000441570859
0.003189882065,0.003741947826,0.002195218424,0.001451976881,0.002053822179,0.004760402603,0.012012258470,0.013966941431,0.011454104753,0.015748454097,0.039966838601,0.193125597890,0.449904220563,0.534809274038,0.486843205381,0.320811101036,0.139654006319,0.061641988753,0.015987589212,0.002336162116,0.000444672532,0.000360737318,0.000754947425,0.005003935141,0.007233573619,0.009409641739,0.019619424119,0.038049918793,0.070480288292,0.105976568338,0.087295573862,0.087580319749,0.056048927295,0.070797532551,0.127540249918,0.146961139565,0.146957544732,0.090267030410,0.059020567965,0.057282711845,0.058791185829,0.076453920201,0.066655206471,0.032309243725,0.006193538031,0.001363899041,0.000793539617,0.000696454920,0.004689804543,0.003175612162,0.000172572468,0.000106656011,0.000143177946,0.000176999311,0.000294719748,0.000622623606,0.000824237305,0.000577412462,0.000408843234,0.001067166146
0.017507307918,0.018099278035,0.011406821683,0.007098926660,0.005445912696,0.008650883840,0.024081460266,0.042518209078,0.041303483584,0.062825295117,0.128604815292,0.448355999161,0.621188447388,0.391055931403,0.236670717988,0.155649808807,0.093087739853,0.067247685469,0.026396897557,0.005153764747,0.001316125645,0.001294152428,0.003631176501,0.018630915055,0.024830555821,0.019451829757,0.030044153966,0.060591339853,0.117696273581,0.169903498607,0.117408716034,0.085812941539,0.046976483305,0.063360042481,0.129266290593,0.137690176989,0.121531483482,0.080197246168,0.071489999905,0.084902459587,0.097965011437,0.104917382466,0.070489398208,0.024907952378,0.004055974610,0.001129281654,0.002119559953,0.002668157976,0.000439027544,0.000133834761,0.000140729505,0.000165309847,0.000264322286,0.000503314355,0.001280580353,0.002294967382,0.001895119579,0.001323536799,0.002198734223,0.007013211469
0.104677489651,0.094611105888,0.067307901367,0.042012309219,0.027943854887,0.027700832171,0.052055384720,0.107874333170,0.185682345672,0.337404523253,0.397733399267,0.433215751054,0.341777128815,0.263370246389,0.198600752540,0.145342642334,0.105941595076,0.095122899449,0.064226139836,0.018544182109,0.007065891628,0.006944376578,0.012374224787,0.054684585680,0.110803280837,0.065061530370,0.059656512804,0.083621653137,0.147307165472,0.235163722466,0.173855405589,0.098425358705,0.047219026941,0.060701502099,0.137505561366,0.163115259310,0.159513989497,0.117344140089,0.101174731441,0.088048302632,0.080224391610,0.071116852658,0.047005705209,0.017511530497,0.003042047340,0.000776301636,0.000570389198,0.000636710024,0.000457584162,0.000477374305,0.000384965421,0.000439750003,0.000890000886,0.002296392878,0.006195938377,0.008641856338,0.006473107841,0.009674014454,0.023425500425,0.056682168508
0.191892951211,0.191395691382,0.170378333007,0.107965289789,0.084980501470,0.085687064993,0.140258257032,0.239931750605,0.348861928991,0.362471595570,0.265067077264,0.273599318404,0.287700126520,0.175607720156,0.075728757172,0.063610489705,0.089466272480,0.127170017681,0.128145505178,0.051276539480,0.035536030511,0.036146219425,0.041328113411,0.121921662904,0.170497965622,0.072691798208,0.047284002740,0.059271624697,0.105940400050,0.200912924543,0.198463125398,0.136014520284,0.076854325846,0.092285186920,0.186535657786,0.221323144540,0.224596416458,0.170989909221,0.119891589131,0.072495355321,0.051950119158,0.042038117556,0.029233703836,0.011099577981,0.001628322344,0.000431625715,0.000443285500,0.000765864975,0.001391853668,0.004888322181,0.007890810559,0.007187038637,0.007613558717,0.009194210879,0.016737642002,0.015611889226,0.007351262168,0.007618238236,0.044015874225,0.134716984099
0.303791991973,0.315230496759,0.309342226971,0.224097816255,0.172795140149,0.160471660516,0.204454240241,0.198032856652,0.163926294354,0.149391129457,0.139761653139,0.170187265402,0.218300831859,0.140636949333,0.053980598940,0.040159248627,0.056817002128,0.095910685785,0.111666773721,0.064676695959,0.067886523972,0.066958896510,0.061224182686,0.129776940087,0.141490203770,0.063880932854,0.043900738657,0.048047397911,0.074053834717,0.134114990947,0.164190190889,0.170292027264,0.152646647960,0.201325613397,0.318077042909,0.285709429323,0.254770256249,0.220384869906,0.133470923035,0.045682106719,0.015935616119,0.009316460133,0.009096384564,0.003105812511,0.000737006678,0.000405890219,0.000717373346,0.002209913857,0.012349227972,0.035746038856,0.038337128440,0.026739444610,0.024735139026,0.017574432459,0.017209607678,0.013198881108,0.012121306648,0.031770774357,0.113171299378,0.221016757335
0.364854706768,0.390845392636,0.371163307922,0.256290769653,0.172244056676,0.129384544860,0.105516721469,0.062135170121,0.041322296827,0.042853682153,0.060303466946,0.119666447852,0.195810732906,0.126414923860,0.051966146875,0.040372157127,0.054737038123,0.070603808243,0.081060727261,0.071368820669,0.079020096196,0.092105281962,0.095261084627,0.092526690643,0.089596458008,0.083960010383,0.056017110930,0.050724271566,0.068740482410,0.127010908085,0.181241723160,0.209370270374,0.198816536231,0.240024274243,0.324315041203,0.300100337136,0.267240001509,0.242366609261,0.144158179982,0.047057636087,0.013477795953,0.007194280403,0.007898993409,0.004962994193,0.002421445321,0.001869419243,0.003417683463,0.011950988285,0.046508094869,0.091171565922,0.106945064614,0.081625690476,0.047687563295,0.031317163472,0.035182896574,0.035802548018,0.041101805022,0.061126148586,0.125380083343,0.241035383713
0.417780304668,0.411771273972,0.314048107666,0.165805679598,0.116202314085,0.072565340797,0.044526808243,0.026577409962,0.027775204045,0.037359566608,0.064681735983,0.126471543607,0.140043341785,0.101254033704,0.067308336305,0.066588017560,0.090291953912,0.090685936242,0.105525715272,0.125406417719,0.127899340916,0.115736284009,0.105239820385,0.115904632426,0.092621926344,0.087812306260,0.073022540438,0.088817239794,0.126220056225,0.224533121724,0.281410209642,0.268696090343,0.222232197899,0.236208431416,0.285022233285,0.291421135968,0.259974501670,0.245403018348,0.164330822017,0.066953226212,0.028349929668,0.020574565635,0.020271516898,0.020410935557,0.024476995750,0.047578919085,0.024252827585,0.016881851239,0.035779099385,0.094371359879,0.179548730520,0.167432440394,0.078898360048,0.057418169704,0.063864296980,0.065890177077,0.095601135710,0.161927021052,0.232649929945,0.304993033738
0.394312527159,0.240694238140,0.214369643834,0.209096059489,0.168394118368,0.070987900716,0.027865195485,0.021231133915,0.030524350498,0.050191860142,0.079212138311,0.102192088372,0.086324035393,0.080364185478,0.091514968234,0.131339300299,0.179825936941,0.162046463171,0.134897893315,0.097815744506,0.065532784193,0.057916410743,0.061334437748,0.100573079580,0.089593279378,0.083543241879,0.074863400096,0.104660589043,0.155155713264,0.259833230434,0.301886559847,0.284153284871,0.238009448434,0.261548925474,0.296798817332,0.285227584242,0.219004930599,0.195352927163,0.164586961061,0.125117803366,0.097030571640,0.068997817456,0.043582729087,0.031486222631,0.033679163727,0.038141145274,0.028858604032,0.043153679483,0.098362865614,0.166276777832,0.208538648825,0.167823880036,0.100054495935,0.067332967611,0.074903796653,0.114325941217,0.187528146731,0.271551076138,0.352661461779,0.432778474452
0.432358097556,0.187179592283,0.107574566932,0.109249609553,0.129309213800,0.083024938027,0.028995413342,0.023121896370,0.039829378833,0.053777773518,0.038005494410,0.037843237248,0.039841153646,0.051292466029,0.079983475319,0.150667566662,0.256645931545,0.283996015688,0.215511042563,0.108659085955,0.044454097074,0.025000762473,0.020744435616,0.025972933149,0.036598034309,0.042983430039,0.038057997467,0.070737594250,0.142221045453,0.248222095332,0.299349436886,0.281527820385,0.228224705757,0.231975586637,0.248028363679,0.227118717042,0.176769100843,0.153783129209,0.149981441664,0.178147183640,0.193020646204,0.120754689547,0.068852148836,0.051879381651,0.042335188876,0.019413137113,0.016665565720,0.035439617573,0.109668574595,0.226142939925,0.210162309820,0.110899437558,0.093933248110,0.101172774435,0.118735477921,0.134628274177,0.164804140837,0.211243738582,0.266359166277,0.382334193705
0.402387095206,0.230213292200,0.143352760375,0.112184919376,0.113267587038,0.089088746876,0.037495658890,0.032295191241,0.043026701641,0.040568199061,0.018371520411,0.014473952196,0.018583111612,0.033800479995,0.068696417495,0.155791993272,0.314815713904,0.366529492087,0.253103542829,0.117498427634,0.050631477766,0.023784681623,0.013234463226,0.017334398829,0.044844305911,0.063872636901,0.047692471191,0.060102750078,0.095943834392,0.154058956728,0.208253991411,0.251433319204,0.231874179771,0.201309865522,0.166626245553,0.148837643825,0.156852089493,0.166799362523,0.163909749127,0.190602093884,0.171462123934,0.076344869425,0.044005742589,0.043659310802,0.052391009269,0.033418839410,0.033597647267,0.068883427865,0.159569373475,0.186808925910,0.153026248347,0.123931528699,0.143497753931,0.113800826752,0.073493498293,0.065066918970,0.090433137548,0.121550125330,0.164067916033,0.283453510700
0.262166741703,0.225098541164,0.223590002083,0.189181790564,0.133333907066,0.087384663551,0.045175553506,0.045574983644,0.048625042191,0.040982927370,0.019451404829,0.013363353523,0.014988667896,0.028676727768,0.064450656463,0.162099485337,0.345059009011,0.402414549685,0.300326190836,0.162508678678,0.080199761456,0.045126563341,0.025264699740,0.022796623406,0.030269576081,0.046445329509,0.035859427230,0.051112375793,0.075615560949,0.104813803105,0.132618080852,0.166938890508,0.174463999867,0.160096252963,0.136757343137,0.133092151397,0.154308486596,0.169849953670,0.152746141828,0.125916593418,0.081331908026,0.043018331617,0.033877779237,0.045619682030,0.071435466055,0.075174602352,0.085384858857,0.099886170402,0.132176996338,0.172342924940,0.208834276352,0.187653226615,0.122624641533,0.067254373818,0.039912672484,0.037429983972,0.072044501030,0.136668211007,0.186317392357,0.227150353881
0.268121118839,0.234824361560,0.231853783281,0.180499701224,0.120812524506,0.085377103963,0.051306496829,0.049609839298,0.047449393588,0.047662599338,0.030146280028,0.018586886073,0.015318509848,0.023070254601,0.045368496717,0.116829110137,0.287549693938,0.407272349273,0.349320429505,0.199774354835,0.081626860323,0.033767895363,0.017143822290,0.016656106068,0.020289587360,0.016393112842,0.021794232497,0.035303658046,0.047245002433,0.062453604953,0.083342483254,0.116479677429,0.127652454804,0.108992279630,0.086256499973,0.090161161218,0.115042700739,0.154932464605,0.158942798596,0.130282691898,0.079154786202,0.044108804245,0.031339206100,0.037712433982,0.069923062680,0.103794261964,0.134260236906,0.129581623295,0.140130378214,0.181277792259,0.223679769389,0.198956143338,0.104717484492,0.040747098424,0.020718995431,0.017546159071,0.035382010932,0.103582367877,0.199303566922,0.257108259502
0.354669426988,0.272917676249,0.213241518673,0.145777751283,0.102715253031,0.071232568147,0.037812579067,0.033296912068,0.031275591235,0.039081549153,0.034234555416,0.018462917334,0.008312925836,0.007806583953,0.013963063447,0.046769867629,0.181513425988,0.375204705704,0.367829491498,0.210267802787,0.088132219840,0.043709921995,0.028552440119,0.027450208774,0.018740441499,0.018926282385,0.028250680361,0.030304410647,0.031008628007,0.041910365059,0.064224532523,0.103127373124,0.108634934002,0.070400404376,0.041124755166,0.039765948122,0.057782546827,0.113974449809,0.164286516985,0.162230959821,0.100853540347,0.049851417127,0.026792617588,0.023342070512,0.040908320458,0.083653677404,0.166351948470,0.193012207038,0.191301255996,0.203903092239,0.241709468051,0.216372739518,0.092218551594,0.024662855678,0.010352983046,0.009014793915,0.021059001782,0.071960291579,0.177961075723,0.299704679195
0.437802554318,0.344535787664,0.238934654774,0.143281093795,0.091931399982,0.056625018964,0.025195531421,0.017894782006,0.015316996136,0.022620645988,0.028740437335,0.020465735670,0.009958129404,0.011514816572,0.022360393432,0.051928962213,0.139881133675,0.335346255305,0.388373974068,0.253614248608,0.130309591236,0.086348832527,0.067889930059,0.077108002545,0.086512266710,0.077359785480,0.065591862470,0.045120199325,0.041356872752,0.051358589522,0.060506931872,0.075399143274,0.074292948185,0.050103440911,0.029858326968,0.028505608673,0.036538208830,0.078111076532,0.142681088942,0.175256306776,0.121873909475,0.050936964945,0.024414638191,0.020523759129,0.042895371375,0.112004814808,0.215467851870,0.219016131964,0.201782090239,0.220878709476,0.264004718802,0.235261009967,0.125470168095,0.048925807822,0.022533878554,0.011148816683,0.021531849210,0.076812104163,0.189065395697,0.328228670294
0.493464470586,0.406403149549,0.301414074122,0.177548982127,0.109343097998,0.055880616012,0.017565526321,0.009277711331,0.008674834381,0.015280128779,0.029723701254,0.032677264052,0.016964380153,0.013319586231,0.021813858672,0.042662826090,0.111394288492,0.268126173846,0.302673791332,0.227248348731,0.126801649497,0.074094603020,0.068137844106,0.115678337287,0.125353866599,0.079727099542,0.049057221428,0.040455332394,0.058960139297,0.065133254470,0.044502004530,0.032584522551,0.029575759619,0.023368388544,0.016320738676,0.014827861911,0.015277652932,0.033362353937,0.078715611005,0.120499923331,0.099916089044,0.040964537459,0.017949467689,0.015548269174,0.041257662545,0.128589631654,0.218902664924,0.183159221130,0.160665558641,0.179425075995,0.197069582915,0.161340291253,0.073187778261,0.016620790666,0.005052226762,0.004048411882,0.010509439720,0.051103310013,0.191705386916,0.353804212475
0.506380742755,0.519769190513,0.408015695564,0.194500427209,0.077798102482,0.021291080383,0.005081550843,0.004627354302,0.008047271456,0.015873519696,0.033878835692,0.042279113327,0.023265525845,0.014229631263,0.016454639579,0.035463081165,0.097921691031,0.198308458680,0.210001881235,0.168881933543,0.122193398890,0.101792554391,0.093962497826,0.106675976905,0.075798661372,0.042846620764,0.030400760971,0.029524429030,0.050327512903,0.096551418599,0.057480615836,0.016106150480,0.006292862818,0.003659766416,0.002726328373,0.003780856728,0.007203853889,0.023433667664,0.047824950877,0.057163187431,0.042127210639,0.022224415999,0.016996618653,0.019771671716,0.044990856160,0.102248115558,0.147691345072,0.129747047339,0.123586945976,0.141733574563,0.157621064389,0.105831805424,0.035129690729,0.008088830394,0.003692990045,0.004253514028,0.012558361252,0.059380925141,0.170547812631,0.295226753453
0.494288441244,0.631368742396,0.453742980590,0.171825374248,0.043450999015,0.006619405795,0.001943881186,0.002911864429,0.006966541182,0.016925015848,0.038360912072,0.044900500816,0.023956170224,0.013720441899,0.015815376658,0.036387323672,0.087746767401,0.139805875435,0.134153516373,0.124884003177,0.129541602300,0.112142740711,0.075575313587,0.073052550987,0.061534607736,0.049049110798,0.041706252723,0.030687997772,0.039287510036,0.082256328527,0.078336858383,0.020407187078,0.002093504335,0.000662269693,0.000620296790,0.001374226735,0.003745760676,0.014795728829,0.031342390794,0.030364914587,0.019445151033,0.018217048836,0.030922923984,0.039640918384,0.057493086093,0.078155750740,0.083152854634,0.074133225463,0.083002636871,0.109989790214,0.126899397144,0.077836140705,0.026010051617,0.007789954925,0.005098992826,0.011129217978,0.043468626395,0.070873827398,0.086513371973,0.196207122683
0.433780870685,0.648045201271,0.512441457151,0.154456398687,0.026397362801,0.003802258477,0.001869961564,0.002780853163,0.007426274027,0.020487883338,0.039047542291,0.036170186023,0.022852780035,0.015522631738,0.018333176231,0.038553724214,0.084245273175,0.120149923258,0.111200029243,0.104608367044,0.098425066878,0.103570499525,0.074733979662,0.058629219584,0.042752287292,0.030369034151,0.034043711568,0.038686639024,0.045822859878,0.055841569194,0.032538959391,0.010606130679,0.002288051214,0.000685264698,0.000613922190,0.001425768476,0.003665675698,0.010949582009,0.018119144864,0.016999842327,0.012531431946,0.012854294805,0.025500576380,0.038563035307,0.066288417091,0.087395628621,0.058904194412,0.042826490136,0.057176836714,0.098484043191,0.132165564524,0.084567282587,0.029886279819,0.010443295859,0.006184655883,0.011190321111,0.047036543856,0.107312756761,0.145699948493,0.208502756664
0.532374305139,0.664276971151,0.385956394920,0.094343682170,0.019456124969,0.004536697294,0.002514015377,0.003460677742,0.009260993490,0.025035604333,0.043525683881,0.036008793232,0.023135791234,0.016807952141,0.019142469243,0.038136037501,0.085300231284,0.134051293220,0.102485536921,0.078476082483,0.069597116769,0.097951524728,0.092962098670,0.070249245072,0.038005905488,0.020777751871,0.018222894755,0.024064129509,0.036794831406,0.049792232797,0.025742494889,0.004947391463,0.000874177078,0.000459718929,0.000675515088,0.001944441352,0.004999255252,0.012119455849,0.015896602401,0.013713545269,0.010217472473,0.009582325312,0.019670945399,0.034931887343,0.071034188441,0.103921866602,0.059544976474,0.036677067425,0.044116020606,0.079265384799,0.122151463481,0.087770756450,0.035472172464,0.014688463831,0.007688789849,0.008745094511,0.019671758928,0.093498827326,0.228532909864,0.311862838508
0.595024618823,0.644207116091,0.268449837866,0.049094691511,0.009714062126,0.003605550145,0.002827909205,0.004074582239,0.010404324948,0.024809633854,0.039268639132,0.032121425098,0.020964244252,0.013216173450,0.011181227466,0.018837873959,0.050908415700,0.112795620203,0.111065999034,0.068778985065,0.042717187036,0.054454066892,0.070597943545,0.080212971603,0.050853580999,0.021814036509,0.012135510103,0.012551574581,0.021070310690,0.035179002100,0.025920211033,0.007766930222,0.002602803171,0.003119672125,0.002490953345,0.002638422133,0.006147549424,0.012148743780,0.012754453289,0.011393904936,0.010399117873,0.011624217544,0.023325181550,0.040107933503,0.073545291927,0.104193001875,0.069443673100,0.048592226873,0.049985751839,0.073364175844,0.098321709375,0.069223518380,0.032430299264,0.015129330171,0.007563239196,0.008100164168,0.015770085634,0.095377565156,0.356056916035,0.424049414224
0.495619239870,0.576653936542,0.297151415943,0.062507629137,0.009668222776,0.002821571576,0.002289595130,0.003572113795,0.009115218403,0.020996572776,0.051758964728,0.043177708870,0.014014874709,0.007819392540,0.006698053772,0.010956113508,0.033879362912,0.101734392620,0.118275524456,0.062971128284,0.024531072333,0.023047982870,0.038641481866,0.058069506789,0.054381228242,0.030261898492,0.016499560962,0.013652072770,0.016072664715,0.019891469008,0.015064448467,0.006124668602,0.004748353820,0.009180258582,0.005297743795,0.004056327875,0.006169565677,0.008129465497,0.007173260664,0.007547754299,0.009642126979,0.012839667092,0.024649073387,0.042489992119,0.083779337461,0.121886003932,0.080301713860,0.054259221943,0.047664503532,0.054343060226,0.065297009934,0.054710639012,0.030069506573,0.014042248895,0.005903151039,0.005247270840,0.011165664342,0.122877399420,0.602864066421,0.466953631663
0.460721466661,0.499012916819,0.292795610948,0.065859907368,0.008869133152,0.002366559855,0.002124910572,0.003228783182,0.007762992004,0.020832588654,0.049357946186,0.026544559557,0.008303882443,0.005066220636,0.005459243788,0.011479913262,0.029305235425,0.064111345635,0.069069575903,0.046331188023,0.022830293248,0.018097550888,0.027830837053,0.037958707259,0.034562946268,0.022837738974,0.016294609520,0.016780683767,0.019427056280,0.018426351290,0.008939063362,0.002870899068,0.002411069262,0.014240588407,0.014887629097,0.007894572654,0.006819349790,0.006284901656,0.005004352847,0.005414099425,0.007902311908,0.012851173977,0.027560524618,0.047967577946,0.084692283103,0.118143989844,0.088443927101,0.066099110474,0.056334275980,0.054157845204,0.055035411013,0.045043493230,0.027813054095,0.014409664526,0.005605571524,0.003916011788,0.006051076045,0.069043157801,0.650724871173,0.656814404598
0.628312630856,0.423100040911,0.173640187530,0.042008212734,0.008960143800,0.003378274871,0.002982766122,0.003596880291,0.005650473896,0.008613057194,0.012056971220,0.007697087808,0.004433293344,0.003333936889,0.004789771956,0.011737883214,0.027337798516,0.047451339108,0.040343627460,0.025884989309,0.016781916210,0.017918282951,0.025536756098,0.029442583846,0.019649975677,0.011978725666,0.012866557638,0.021388784886,0.027673168182,0.019583202950,0.008239355183,0.003745232669,0.003899205725,0.030568230388,0.037554677663,0.010949804662,0.006851985931,0.006528643431,0.005624496568,0.006440188020,0.009379419293,0.013805289156,0.026556906962,0.045114184487,0.082204358937,0.129395340830,0.105552253500,0.075384825984,0.058302098469,0.052537762735,0.055884864774,0.051109240987,0.034162208962,0.014451591049,0.004704794086,0.003126846338,0.004210798608,0.035029906538,0.463787727780,0.904490670339
0.685642652702,0.283902077544,0.097852554133,0.031275067476,0.010345949182,0.004471565728,0.003499053793,0.003289419507,0.003541492083,0.003623207691,0.004111701877,0.003293585819,0.002226273866,0.001999020047,0.003448751955,0.007637760346,0.015714414931,0.028081104230,0.026457282820,0.017270578048,0.010212037248,0.011026242384,0.015024399386,0.019554811389,0.014524325789,0.008655528725,0.009408322687,0.014183725287,0.016395046531,0.014365401747,0.010105634102,0.007385192995,0.006153980120,0.014017217771,0.025290725688,0.010032345911,0.006217437544,0.005956319636,0.005531961739,0.007179052060,0.011921872475,0.016451341299,0.025970328793,0.038533873250,0.070223531710,0.134744004394,0.126392101321,0.078314525982,0.047067766191,0.040471727548,0.055674805037,0.065811835407,0.042267831208,0.011626873680,0.003185953510,0.002271203901,0.003029431491,0.018581029413,0.326513041738,1.036696838580
0.697218163929,0.169140687243,0.042991796990,0.017569349900,0.009138921076,0.004704258348,0.003138471494,0.002374394428,0.002005190637,0.001888611330,0.002354585483,0.001889270886,0.001002637442,0.000882117012,0.001457037785,0.002402724493,0.003689722756,0.007474716800,0.012377740242,0.015688929279,0.010909337868,0.007507832291,0.007591993830,0.012572893822,0.011531015031,0.005629681185,0.004081157429,0.006041380237,0.009342424999,0.014345543352,0.015820071602,0.011422600892,0.007493505549,0.012332040976,0.017036638064,0.008249719218,0.005116554546,0.004242753415,0.004171608105,0.006584349219,0.013213657084,0.018052870588,0.025909371444,0.038838537146,0.072635561624,0.135491643295,0.109921577623,0.058591710994,0.036769175422,0.038917326302,0.063790809574,0.071637810905,0.041307793425,0.010013333932,0.002543333760,0.001748210117,0.002261787320,0.010912343814,0.206380107680,1.106671055494
0.695243443276,0.097363847036,0.013369654895,0.005189315013,0.004265028795,0.003548368483,0.002336599400,0.001428299644,0.001024776665,0.001160396534,0.003101441595,0.004705548611,0.001568286128,0.000277137318,0.000328817773,0.000715856297,0.001386320326,0.002865893194,0.004078451061,0.005221275721,0.004368062960,0.003589361622,0.004736504737,0.011707951246,0.014446002524,0.005003680297,0.001467130453,0.001303771222,0.003754693751,0.013208416420,0.022927872020,0.013399616778,0.006364301600,0.008473285180,0.019366580960,0.012607164481,0.004801037511,0.002922732776,0.002981962048,0.006029129616,0.015422172682,0.022703632391,0.028781277463,0.039893332971,0.073870534611,0.130403586365,0.095969001194,0.047536931816,0.032018951026,0.035863279748,0.052408317436,0.056294642429,0.038615719561,0.012821959261,0.003398145493,0.001689924532,0.001869278742,0.006947799107,0.126772583334,1.130006460877
0.828948903791,0.084587555415,0.006066126420,0.001388015095,0.001204381496,0.001688448410,0.001807388656,0.001261486367,0.000789417880,0.000670852762,0.000988799848,0.001307862777,0.000385036883,0.000080992902,0.000100011248,0.000263093756,0.000678388844,0.001508697912,0.001555759558,0.001481088550,0.001223293760,0.001247319151,0.002700220603,0.010328257954,0.017602841503,0.007573627029,0.001718932463,0.000946789974,0.002721935347,0.009654410377,0.013623354923,0.008971600122,0.007366351171,0.021446124986,0.061499668505,0.050104670106,0.012782478075,0.004802871002,0.004297020662,0.008538105598,0.020781205884,0.029649391404,0.032681915869,0.040784129049,0.070496040680,0.113719332256,0.090201514296,0.053451447307,0.030434333705,0.019298592580,0.023239320731,0.035718077598,0.043203248361,0.018349574136,0.004168613198,0.001591271809,0.001860388149,0.006976564683,0.094229188929,1.050135002534
1.017177604132,0.089371316615,0.003678380952,0.000437726166,0.000262384211,0.000377861440,0.000419167342,0.000263651816,0.000223720234,0.000297611317,0.000796975773,0.003094816661,0.001601060687,0.000112221188,0.000123719088,0.000370005356,0.000830026971,0.000999920742,0.000537510905,0.000360617867,0.000337321283,0.000556027970,0.001591634269,0.006875457341,0.015362904797,0.011630149102,0.004072337755,0.002307652751,0.004756035722,0.010921992965,0.011802946880,0.011354742591,0.011776898199,0.017584838270,0.052030680153,0.110326563386,0.035967086295,0.010792798295,0.006636302163,0.009654556604,0.022394331016,0.036061018299,0.036748148749,0.036898976885,0.052618764904,0.089172694934,0.089762844484,0.064474789132,0.024717284344,0.007447570128,0.005060910698,0.009147582590,0.023715107932,0.020338723190,0.006177665490,0.001909906161,0.001770316688,0.005976000485,0.073093772057,0.867449626890
1.168724286772,0.117506306304,0.003238628986,0.000152462209,0.000064232811,0.000069226626,0.000095081820,0.000113155240,0.000109778759,0.000141356905,0.000181436623,0.000223888333,0.000195261002,0.000147728827,0.000447297501,0.001327377006,0.001358749284,0.000906171331,0.000588337662,0.000526863696,0.000560183283,0.000663444241,0.001106280066,0.003905765826,0.008739056390,0.008137407889,0.004114607027,0.003048271130,0.005410435762,0.011403461951,0.010742984230,0.012419923111,0.017262895612,0.023842264972,0.056143194226,0.148074711489,0.064298302509,0.019175702617,0.010736455059,0.013076803437,0.024423177814,0.031097547089,0.026321594766,0.025327660390,0.033069289580,0.059787092963,0.068401867920,0.054413801263,0.018822579091,0.004068265758,0.001873792467,0.002315043477,0.006820656637,0.011106829240,0.005730554032,0.001457428177,0.000832240498,0.002168438127,0.029032342105,0.543455444200
1.157435471319,0.138451922650,0.005169353986,0.000156809905,0.000051688904,0.000050382925,0.000053486465,0.000059197125,0.000066197842,0.000077318744,0.000099471103,0.000170350339,0.000311007093,0.000386960137,0.000964082480,0.002218851467,0.002217313156,0.002448240459,0.002734795220,0.002559890142,0.001393275477,0.000912841514,0.001226704628,0.004257942208,0.009741470661,0.011098536782,0.006981016912,0.006265571266,0.008337750558,0.011092648616,0.006174673867,0.007504477189,0.015646201889,0.031863913236,0.081510055656,0.142312410499,0.060796799560,0.025036491418,0.015449077209,0.016924973936,0.024910009078,0.024897119065,0.019388985052,0.019176184582,0.022780429991,0.038402184378,0.043459152264,0.038817070163,0.019464826462,0.005745620709,0.002228959478,0.001843758882,0.003407377984,0.003946063630,0.001510626077,0.000255124602,0.000123760006,0.000380497592,0.014205291926,0.483332352490
1.171410830008,0.157720422545,0.003589385174,0.000075602795,0.000050000000,0.000050000000,0.000050000000,0.000051241725,0.000054562558,0.000077612848,0.000129788225,0.000246931117,0.000381669507,0.000396055648,0.000695271876,0.001280770818,0.001728965493,0.002965026119,0.004468611123,0.004446628913,0.001992464448,0.000990476239,0.001243603987,0.004585755041,0.011064188105,0.012926585521,0.006793090102,0.005060453402,0.005674151187,0.008259588691,0.006116249618,0.007645011523,0.015073748150,0.034956025431,0.084686798623,0.144555046624,0.053776773299,0.022214216297,0.018298835655,0.022144627389,0.030559539753,0.026980361204,0.017080879615,0.011926371589,0.011809662351,0.023031545702,0.035334479307,0.037890970978,0.018924484486,0.005406353571,0.002253862558,0.001918943970,0.002928170272,0.002568586298,0.000653927102,0.000086176492,0.000051022672,0.000085227494,0.004637681918,0.294015228780
1.175642553005,0.160126061996,0.002358003271,0.000052863502,0.000050000000,0.000050000000,0.000050000000,0.000050000000,0.000059949594,0.000093248757,0.000125027059,0.000138431141,0.000164473962,0.000250243819,0.000498911963,0.000981443990,0.001359979750,0.001823264976,0.002648874388,0.002727771923,0.001229383822,0.000629633616,0.000840375807,0.003179923216,0.008249830977,0.010431276370,0.005259027994,0.003381819807,0.003244986868,0.005468952880,0.005144824023,0.008365258895,0.017697646288,0.039318715881,0.070226773897,0.137268752035,0.046247369874,0.018079350171,0.018786890766,0.025785615488,0.035049899760,0.030231914899,0.016102455578,0.008574326849,0.008042707672,0.016576715393,0.030065252329,0.039152777870,0.020240282992,0.005485087196,0.002319141322,0.001751614964,0.002162491440,0.001839461200,0.000542140890,0.000081319714,0.000050000000,0.000063985955,0.002405875224,0.212511680771
1.138183739327,0.171932784585,0.003083257336,0.000068685498,0.000050000000,0.000050000000,0.000050000000,0.000050000000,0.000050000000,0.000075009260,0.000128206219,0.000156676772,0.000276341863,0.000384737005,0.000519508016,0.000634785432,0.000653160979,0.000860669190,0.001175557274,0.001184545955,0.000619928686,0.000395614096,0.000548546683,0.001873209843,0.004897563559,0.006855510529,0.004397920784,0.003168780876,0.002551029345,0.003026850565,0.003333251634,0.007119435762,0.018082307061,0.047362494549,0.086885969971,0.136033136125,0.050477085248,0.020076058703,0.022258354375,0.031315462377,0.037575423103,0.029139824237,0.015305180125,0.009408878850,0.009854373419,0.019663231946,0.029423866706,0.034934454234,0.019907112064,0.007364884575,0.003692051304,0.002511444989,0.001625364750,0.000640124680,0.000166483029,0.000063384878,0.000059333676,0.000145901356,0.005968755546,0.267518735012
1.094002600863,0.178380350722,0.004857372366,0.000089198490,0.000050000000,0.000050000000,0.000050000000,0.000050000000,0.000050000000,0.000063725180,0.000097746626,0.000116250531,0.000199981651,0.000271058081,0.000338697923,0.000393935230,0.000416520497,0.000492855267,0.000500198954,0.000378603002,0.000191678444,0.000150005219,0.000237571750,0.000900774149,0.002872095579,0.004723988507,0.003762971771,0.003250155740,0.002847752161,0.002956063922,0.002376800294,0.004355969873,0.013186552672,0.046929630682,0.101921741938,0.113730166297,0.036360632115,0.018632455511,0.021761835489,0.031032023136,0.033969514733,0.025208318764,0.015100680122,0.012136876468,0.013405442643,0.022827005602,0.026256289355,0.026422358078,0.014844768695,0.006455656898,0.003410520319,0.002517789946,0.001795417493,0.000706137789,0.000160756999,0.000057783827,0.000055212278,0.000127261485,0.007592703456,0.330522490571
1.064077309497,0.212112262242,0.006724137057,0.000146000891,0.000050000000,0.000050000000,0.000050000000,0.000050000000,0.000050000000,0.000057834038,0.000103744917,0.000124868937,0.000188773328,0.000242897725,0.000309625641,0.000384698151,0.000366702360,0.000299917991,0.000181643988,0.000112445866,0.000082335436,0.000092601168,0.000177377681,0.000681819944,0.002227274117,0.004131242670,0.003933959924,0.003351096725,0.002497679489,0.002557971706,0.002328899575,0.004423321045,0.012559159584,0.043925153807,0.096416851390,0.116285720342,0.036404983102,0.017948905289,0.021243940423,0.030628611551,0.035538472800,0.028694101887,0.018436340991,0.014724897689,0.014063774747,0.019797527302,0.019843661772,0.019073845179,0.010635872390,0.005196211341,0.003389357268,0.003582178121,0.003449715684,0.001259743253,0.000258736848,0.000078708765,0.000067764160,0.000153550615,0.006887892193,0.264719361737
1.031499072864,0.273237703570,0.009239361611,0.000175838801,0.000050000000,0.000050000000,0.000050000000,0.000050000000,0.000050000000,0.000061691601,0.000134123429,0.000164597646,0.000228431785,0.000254510238,0.000280861410,0.000291459389,0.000236379218,0.000158947071,0.000078430036,0.000054520112,0.000052618601,0.000063707403,0.000116147894,0.000423123142,0.001568484691,0.004090444101,0.005481692259,0.004667349715,0.002580882515,0.001981590664,0.001641920165,0.003998948878,0.014206089067,0.048564311363,0.092628409028,0.094885744568,0.033847478620,0.014144216659,0.018662714827,0.031518868001,0.038529660446,0.029454695147,0.016900385760,0.013923518395,0.013622170666,0.018300972672,0.016066421155,0.012727377215,0.006692884517,0.004446192809,0.004442656354,0.006200589106,0.005252298293,0.001341851107,0.000217136369,0.000061106531,0.000054106942,0.000128100280,0.008932161565,0.261880157394
1.020802887124,0.334634372427,0.008255516211,0.000100445841,0.000050000000,0.000050000000,0.000050000000,0.000050000000,0.000050000000,0.000078100435,0.000235307805,0.000357348062,0.000435335737,0.000316250698,0.000211340412,0.000144824292,0.000100545954,0.000072965018,0.000052285703,0.000050000000,0.000050000000,0.000059163489,0.000102098275,0.000325541715,0.001247460411,0.004058583463,0.007572222270,0.007023391384,0.003164470665,0.001776299712,0.001305921337,0.003611687869,0.014918086514,0.050446027503,0.084131850451,0.100212439758,0.046095600132,0.012651181513,0.017887322062,0.031383170766,0.036669749492,0.027126262652,0.014932150052,0.012915020893,0.011367983366,0.013123585747,0.010900622219,0.009098437121,0.005811466047,0.004919116646,0.005069998863,0.006809304474,0.005002824218,0.001294539432,0.000238725766,0.000065860634,0.000053864864,0.000099984661,0.004354622489,0.154208774000
0.920795990104,0.547854610168,0.015968998351,0.000074932852,0.000050000000,0.000050000000,0.000050000000,0.000050000000,0.000050000000,0.000091729917,0.000365701932,0.000676119374,0.000807227719,0.000500885178,0.000279185100,0.000171602496,0.000107967425,0.000071892703,0.000050470586,0.000050772655,0.000054036472,0.000092348254,0.000183078517,0.000444413662,0.001781273443,0.006017934382,0.011080851149,0.008743392823,0.003258993457,0.001817711504,0.001631415195,0.004900658001,0.018127306729,0.051635625436,0.075370153452,0.083065604711,0.060971877677,0.021474292408,0.021191902756,0.029507034402,0.031959182327,0.026369016688,0.014399199647,0.010600992912,0.007492933014,0.008767867732,0.009657122467,0.010005234389,0.006907672727,0.006196029885,0.006249400384,0.008144809207,0.005734288990,0.001646622732,0.000342247048,0.000084496704,0.000062564488,0.000122808993,0.003215169261,0.101462759059
0.855572619557,0.634787799968,0.018077700209,0.000073154400,0.000050000000,0.000050000000,0.000050000000,0.000050000000,0.000050000000,0.000067373631,0.000293953431,0.000918047838,0.001456686823,0.000995759448,0.000512881326,0.000314093624,0.000225919306,0.000181575809,0.000135090553,0.000118567409,0.000132049717,0.000216689346,0.000323665867,0.000811301213,0.003299340273,0.010112049548,0.016900136503,0.011391255096,0.004061719181,0.002657778468,0.002954453015,0.006804624763,0.016803137035,0.036856522124,0.058447914562,0.092692662535,0.076644635092,0.026214954588,0.022035654789,0.024092437562,0.024861908836,0.021591398026,0.011583906537,0.007773497339,0.005248503210,0.006752946301,0.008853687110,0.009506977777,0.006770634401,0.006467732524,0.006572925913,0.007435619843,0.004685992019,0.001711288680,0.000460296106,0.000109104941,0.000066514373,0.000081963432,0.000909509768,0.052177811441
0.836932454957,0.647061979958,0.018070435714,0.000106227995,0.000056108230,0.000050000000,0.000050000000,0.000050000000,0.000050000000,0.000054058424,0.000206091266,0.000922032449,0.002092454202,0.002089532459,0.001454738908,0.001245073083,0.001186760721,0.001056765078,0.000684982006,0.000519156325,0.000546243932,0.001056469890,0.001478408146,0.001929543829,0.006005384416,0.016376592441,0.026202751363,0.015602633510,0.005496837767,0.004440121953,0.006063198655,0.009739458850,0.013462521386,0.022969253376,0.040260559300,0.085832079604,0.091909313590,0.032747199697,0.020514033701,0.017704105675,0.018842849567,0.018200019948,0.009184872393,0.004261542890,0.002329863443,0.003891394344,0.009144804340,0.013065709518,0.007710671962,0.004789503351,0.004124258452,0.005129942229,0.003868898810,0.001613235041,0.000464564518,0.000129467159,0.000080846310,0.000101590070,0.000998566463,0.048943864589
0.755854243956,0.734372782169,0.021332948739,0.000150877442,0.000071085654,0.000053003648,0.000050000000,0.000050000000,0.000050000000,0.000068766285,0.000325972865,0.001658575537,0.004576029752,0.004930720323,0.003388257270,0.003258379165,0.003884075455,0.003681971273,0.001875569581,0.001067038101,0.001121071744,0.003592988276,0.006638916409,0.005662194771,0.010246292593,0.021160323080,0.034356216239,0.020322670009,0.006029845548,0.003631597421,0.004645569639,0.010079225703,0.015032938502,0.022425762681,0.034268873991,0.079844374920,0.099904759700,0.036760925371,0.024111161939,0.017502425332,0.014412792452,0.011747392409,0.005760088392,0.002464521448,0.001482786329,0.003127553422,0.008634769638,0.010517441768,0.004477639502,0.002372730745,0.002564606472,0.003852352099,0.003146603968,0.001344379276,0.000408463732,0.000129720651,0.000089280155,0.000124123581,0.001387177432,0.048402639096
0.748557806285,0.752475199134,0.023797780136,0.000213365033,0.000081540280,0.000057088082,0.000050167867,0.000051064328,0.000059382270,0.000159776182,0.000962560985,0.003977010163,0.010272911279,0.009425492253,0.005623572308,0.005108302939,0.006545779696,0.006760893065,0.003323757422,0.001595155565,0.001460931717,0.003496201058,0.007619603992,0.011664257025,0.017194228107,0.027195070167,0.036084947998,0.020487688771,0.006201603855,0.003187176086,0.003450618825,0.008415452770,0.014160688293,0.020198248161,0.025356404901,0.062427497378,0.101886822908,0.033329316852,0.024298663166,0.015086441917,0.009335888959,0.006935627370,0.004358236068,0.002640455330,0.001989623035,0.003715140521,0.006543032741,0.005710874128,0.002467899723,0.001757132333,0.002175805591,0.002816927986,0.002023076955,0.000735950627,0.000207735835,0.000076584691,0.000061557878,0.000167640426,0.002798814766,0.059440700052
0.872818209372,0.593419366974,0.024805345334,0.000455515992,0.000066011428,0.000050238152,0.000050000000,0.000051517023,0.000133056649,0.000788212526,0.003759572890,0.009259964038,0.016829115584,0.012972077766,0.006663817946,0.005064594843,0.006314953809,0.007882643426,0.006164576197,0.004215458305,0.003872448031,0.005520676259,0.008650132340,0.014106989929,0.022819051038,0.036827196699,0.040486086276,0.021086793372,0.006273395777,0.002904415741,0.002610458366,0.005459573346,0.009294891010,0.013237342198,0.018865471563,0.067477832962,0.099310756078,0.033243367640,0.020491879702,0.015809975482,0.010703861093,0.007207622317,0.004058495865,0.002408963872,0.001779577834,0.002838733956,0.004727181818,0.005162513973,0.003064004867,0.002476997152,0.002804644238,0.003178798136,0.002714811543,0.001691662733,0.000764342889,0.000276578715,0.000167418045,0.000265133444,0.004013814650,0.095742367279
0.977789672327,0.400921096496,0.021158094185,0.000957664430,0.000086959220,0.000050000000,0.000060841202,0.000171557225,0.000767863988,0.003108436988,0.010311157843,0.017596199921,0.019944564772,0.010102792186,0.004267916336,0.003014302441,0.004598937702,0.008172188222,0.009587227623,0.007968872174,0.008576634877,0.011133016554,0.014006397738,0.020205234986,0.027221515441,0.038049833066,0.039184062182,0.020549261397,0.005439352722,0.001930338690,0.001447207636,0.002920365703,0.005057745986,0.008932210688,0.015599439471,0.061083429918,0.065245554481,0.017130993998,0.014812410450,0.018524892030,0.016723903888,0.010965843238,0.004299989785,0.001700436699,0.001177029199,0.001953790293,0.003547476869,0.004243048723,0.003145092047,0.003007871343,0.003444238045,0.004552738296,0.005282557935,0.004378790785,0.002274638105,0.000738600741,0.000342630191,0.000339334435,0.004392250675,0.131328009598
1.021548063736,0.292562057321,0.025910547181,0.002429299429,0.000341688677,0.000164884321,0.000251875494,0.000706399124,0.001711677179,0.004294876537,0.011863105220,0.016732212776,0.013812310963,0.006528353196,0.003826036548,0.002898397785,0.004287641650,0.009785746216,0.014363750086,0.011340002524,0.010684590827,0.013064356246,0.015321176826,0.022412452770,0.030258075125,0.042354264495,0.044284066506,0.023678736597,0.006677084730,0.002563893568,0.001912175322,0.003574743312,0.005622952335,0.009366661634,0.025548126430,0.078952897183,0.038843862787,0.016267154569,0.017663685439,0.027332244408,0.032312085060,0.023731318633,0.006078040293,0.001669633956,0.001205481238,0.002259142756,0.003820618965,0.003784916989,0.002820789179,0.002635934378,0.002515620746,0.003023509592,0.003563843424,0.003529850759,0.002682957180,0.001206274209,0.000690885977,0.000755548612,0.006080418368,0.174489045855
1.063545533243,0.214566387594,0.026840794406,0.003704994320,0.000941004986,0.000801629492,0.001175614664,0.001417068390,0.001302128448,0.002486084499,0.007933870509,0.013884728082,0.013012966946,0.006165589478,0.003153275698,0.003161084508,0.005498009606,0.011391097375,0.017767301786,0.013921225251,0.010665020221,0.010968646617,0.012035005712,0.022146776948,0.036991122942,0.052040696236,0.048690728170,0.024912544005,0.007925363820,0.004116588632,0.003943995384,0.006889902953,0.008631625137,0.011473523229,0.026052351590,0.075759920103,0.033987714232,0.016198790227,0.015654957897,0.024124011316,0.036105587822,0.028585653437,0.008255190620,0.002284742128,0.001696919771,0.003105639126,0.004110774285,0.003108648967,0.002647295682,0.002603433062,0.002296081355,0.002179906026,0.001939351567,0.001765076990,0.001847927107,0.001202349102,0.000944086204,0.001266230510,0.008098765251,0.200333715679
1.095980936932,0.228166631898,0.034766423132,0.005870839022,0.001718215686,0.001240423829,0.001362621529,0.001307416926,0.001092333835,0.001953432135,0.005822033872,0.009208254120,0.008703096003,0.005175839256,0.003761095712,0.005544523658,0.010849177222,0.016091301925,0.019603075573,0.014106823453,0.009345676204,0.007676178573,0.009249443345,0.024102826729,0.050341017608,0.069174644056,0.050008886075,0.023638627932,0.009256919967,0.007094793386,0.007088272915,0.009343523237,0.011303998928,0.013876751301,0.026760055284,0.074275459077,0.033694468037,0.022051730252,0.018804416425,0.022955390848,0.031356098197,0.025267174016,0.009465562882,0.003491417911,0.003139063520,0.005841387659,0.006280188340,0.003421330617,0.002673803827,0.002758642005,0.002111282504,0.001394969152,0.000850147360,0.000691912733,0.001177948336,0.001243907600,0.001405544496,0.002515009254,0.013414653942,0.236292380845
1.139214165378,0.298031618116,0.054417850802,0.011860844037,0.003887287475,0.001942139735,0.001472629651,0.001294023598,0.001126517999,0.001546601457,0.002966856263,0.003891944183,0.004202467036,0.003820526279,0.004851366284,0.009491220559,0.017020134228,0.019299847993,0.020467639801,0.014726474040,0.009674189793,0.007703836931,0.009443312443,0.025752659053,0.059548342599,0.090603023239,0.063076132337,0.029316097708,0.012508971026,0.010719398935,0.010806126655,0.014574993608,0.016266688083,0.021093860610,0.033543569800,0.062659331044,0.030963490940,0.026269938205,0.027372891828,0.033814392475,0.036219504872,0.023369907552,0.010932120285,0.005521424235,0.005769353390,0.010073750347,0.012314847573,0.008835460528,0.004401900188,0.002874347053,0.001654961452,0.000868677201,0.000415794796,0.000262001682,0.000513373659,0.001008108684,0.002254111739,0.005999285051,0.029753201510,0.269932916375
1.151184332927,0.564292376985,0.094960471395,0.020784761669,0.009160481046,0.005297522119,0.003993636353,0.002653159317,0.001538262186,0.001215337704,0.001351189933,0.001524569042,0.001928960734,0.002880597185,0.006184016778,0.014068689988,0.020754251951,0.020459165256,0.022355526383,0.019105290937,0.015897796666,0.013930043746,0.014735374644,0.033868978697,0.073727089060,0.120328605737,0.088625206762,0.043083714972,0.018231240573,0.015464040305,0.017837035436,0.031815098054,0.030369102113,0.038939432568,0.075841284146,0.122787073056,0.078228773115,0.053783636031,0.052318063329,0.053801648024,0.044775188017,0.025780344421,0.015705246071,0.011780010833,0.015899834829,0.022488390424,0.026116209245,0.024880271736,0.016938425549,0.008994108135,0.003135198075,0.000920634559,0.000307900215,0.000150883588,0.000283752319,0.000805287119,0.002812858358,0.010537757584,0.062218100050,0.341866919565
1.175892042408,0.525422793072,0.118700066753,0.043754245861,0.026953537917,0.014493019596,0.009954514655,0.005167536534,0.001687639645,0.000701991718,0.000546065248,0.000803186577,0.001797414925,0.005148355172,0.009876188203,0.014023930958,0.019219844534,0.019789958701,0.022734357486,0.024178876182,0.026561791920,0.019788074151,0.013551113179,0.026353515383,0.062547903513,0.134741620315,0.121116503814,0.061338511386,0.023258284624,0.017178809545,0.017495531581,0.028172612831,0.031167990223,0.050739136252,0.121898573934,0.178376386157,0.125617754963,0.090539386689,0.067163107015,0.053601802121,0.043243306884,0.031452212731,0.025927810759,0.019346303183,0.018646036577,0.023508683974,0.036678390912,0.051267971577,0.037757383821,0.016367684974,0.003835737302,0.000661666367,0.000181330551,0.000088918247,0.000159833991,0.000566645605,0.002387854487,0.010187039034,0.077631221009,0.459848556519
1.221350135443,0.471195132933,0.068492444062,0.013773939207,0.007364014663,0.005994807744,0.006135838928,0.004020047136,0.001377735915,0.000555636638,0.000393079481,0.000532930579,0.000981810218,0.002260247437,0.004679321807,0.011499091951,0.024162214076,0.023518648531,0.020303603129,0.016717856523,0.012644889689,0.008318295770,0.008044365699,0.020687218895,0.054755214495,0.124005279546,0.111591363100,0.067905377878,0.031170232579,0.023059655856,0.015599541747,0.012765525190,0.010037408197,0.012501103314,0.026023920377,0.108091859797,0.136256212823,0.088423002795,0.055571472636,0.040523815438,0.033986368317,0.023501795521,0.022390074305,0.021021408410,0.022533060083,0.020439953749,0.024195216182,0.031151189692,0.024477937451,0.007664675156,0.001167758535,0.000281975583,0.000107424831,0.000063751072,0.000152766761,0.000623023183,0.001794457341,0.006854189966,0.054766440567,0.393552369433
1.216552838973,0.522427703712,0.070550948507,0.010466573949,0.004133420390,0.003442026791,0.003193559316,0.001992434917,0.000699166479,0.000453236106,0.000517366348,0.000756591030,0.001592505590,0.003678825153,0.005699683340,0.010117404780,0.024245413272,0.025585510082,0.020577066744,0.012651559985,0.007671691715,0.005374884123,0.006110372071,0.020400869953,0.059187617596,0.124572029497,0.098836011119,0.064608914963,0.033585073908,0.026242655670,0.016199760049,0.008468439444,0.004211133380,0.006031185758,0.028995014627,0.117334017931,0.103390690504,0.079806153487,0.048445870165,0.035450915917,0.036678855083,0.028801676805,0.023373061752,0.014988623738,0.017893521703,0.022297561818,0.025141560856,0.016583718139,0.007561670448,0.003272089653,0.001098822525,0.000349272350,0.000173292191,0.000466756221,0.002802669960,0.006166007502,0.001882177741,0.003420246013,0.035488547984,0.364884290044
1.198232473335,0.550948782082,0.071946243438,0.008056594444,0.002448184528,0.001674621015,0.001254847798,0.000417157887,0.000167997091,0.000198398766,0.000379032904,0.000938651573,0.003303251770,0.006681877085,0.006832703992,0.007563749954,0.018824440110,0.026534617678,0.019022843104,0.008430233905,0.004147100557,0.002988395515,0.004272415985,0.017733785049,0.058367993143,0.121985425235,0.089750707744,0.057971446637,0.029929265376,0.022097238099,0.012021851260,0.004967702885,0.001811068155,0.002742153872,0.018561361572,0.106382167988,0.120078823117,0.069235421104,0.032330490461,0.026288736169,0.033471710502,0.030723211213,0.025539556447,0.015747931694,0.013185841070,0.010518714089,0.008647978915,0.006264257390,0.003703421973,0.002917705105,0.001554754956,0.000664517153,0.000495258651,0.001926891415,0.008089018516,0.007736161168,0.001800287179,0.001907581813,0.021497704897,0.298962616183
1.213218550510,0.637159644576,0.062557400857,0.003182489800,0.000461903135,0.000279291631,0.000566474252,0.000335375401,0.000112171462,0.000127668165,0.000284417041,0.001031174267,0.004700225948,0.008663742889,0.006097732477,0.004387928364,0.010938454091,0.026569686282,0.021504773514,0.007256916064,0.002601254733,0.001766325791,0.002987437591,0.016437103738,0.059186353972,0.107726622665,0.069406776183,0.045312584317,0.023759398657,0.016382005476,0.007949002410,0.005389069781,0.002612380166,0.003486761075,0.013866189450,0.082295627966,0.121517586945,0.061061336473,0.021701269747,0.022446371785,0.033234581453,0.031327054248,0.015943297712,0.005704668205,0.002297180435,0.001739757979,0.003794405543,0.008741381773,0.008316382119,0.003634745073,0.001201347195,0.000531164227,0.000726771510,0.004227228469,0.013438679448,0.008879092507,0.001582371967,0.001090069344,0.013331604306,0.223016590901
1.233016248297,0.644241473862,0.058745351289,0.002449669863,0.000288871623,0.000160715613,0.000224094500,0.000160435180,0.000091693115,0.000092680557,0.000196110668,0.001018202724,0.004988196154,0.009632112550,0.008072515359,0.006267899422,0.011453588039,0.016280028697,0.011837880670,0.005545499863,0.002480455858,0.002204778210,0.004290035212,0.018186810404,0.047432286589,0.083252237355,0.062641190632,0.045304079388,0.021742934784,0.013185699569,0.005236309816,0.002322086164,0.001112339285,0.001892559205,0.011033541631,0.075726171478,0.112728610806,0.047333982122,0.011888271707,0.012890174460,0.027175636952,0.032594562932,0.014011521674,0.003859948064,0.001430352296,0.001157435254,0.002575131463,0.006237291470,0.006631142238,0.003840475668,0.001198965312,0.000353364558,0.000198915899,0.000890690056,0.006492863443,0.013602293104,0.007074369176,0.000980750337,0.012194235364,0.211535002996
1.210342758172,0.699317868513,0.068479700440,0.002314169629,0.000174033126,0.000082918768,0.000199781736,0.000166068812,0.000093440266,0.000111366505,0.000296631642,0.001353406304,0.004888710877,0.009779087803,0.009884762745,0.007635050725,0.009012167298,0.010192856515,0.008849791800,0.005116664172,0.002523351736,0.002324619694,0.004420949691,0.015165475490,0.032980452044,0.056445961322,0.050185980777,0.043743449750,0.022424995835,0.012972457881,0.004610435639,0.001773404915,0.000912853232,0.002306677403,0.013260311213,0.082180570593,0.089226196415,0.022293288142,0.004261618696,0.005683692694,0.020855190671,0.036872791552,0.014972062147,0.003146886834,0.000969270796,0.000758877693,0.001683491454,0.004971208837,0.007637303616,0.005173073741,0.001294152738,0.000350400902,0.000179037907,0.000402391649,0.001626062503,0.004354355449,0.011354922783,0.002144326212,0.012096777068,0.202801092890
1.144589712169,0.758077071223,0.063517730497,0.001674967273,0.000095709658,0.000053971084,0.000083981082,0.000096982627,0.000083953202,0.000146482121,0.000424150081,0.001167393969,0.003814089361,0.007581549099,0.008964634786,0.008891296874,0.010164459544,0.010554403551,0.007994250267,0.003906588138,0.001781265841,0.001725968230,0.003484986542,0.012023496255,0.024833968836,0.038757350521,0.037534959507,0.037469467419,0.022599538051,0.013834072022,0.004580861432,0.001644387484,0.000798699733,0.002182034022,0.013414292716,0.065037115350,0.042984665753,0.009521368128,0.002627686800,0.004287597248,0.018633451061,0.033806440456,0.012342138140,0.002017053703,0.000628818931,0.000641390189,0.001397356215,0.003383926703,0.004341136688,0.003330670282,0.001071111613,0.000285204774,0.000115593946,0.000168985138,0.000544959827,0.000767248225,0.000282875309,0.000316655026,0.007304931517,0.157753030463
1.076341375979,0.791416792781,0.043127891621,0.000877701292,0.000065075599,0.000050157932,0.000063162861,0.000076190216,0.000078927182,0.000095650082,0.000224381034,0.000745662666,0.002060203614,0.003667438859,0.005392106514,0.009000207113,0.014783439644,0.015098419361,0.008180232460,0.002923771898,0.001185577400,0.001208689603,0.002651467826,0.010129221238,0.021862890057,0.031473624824,0.029383928933,0.026892024229,0.016954343157,0.011066335448,0.004376570988,0.002160107295,0.001102308135,0.002652042161,0.014176254942,0.049457518523,0.025862766008,0.005611680550,0.002589635904,0.004330026654,0.016151460976,0.026835478530,0.010779157829,0.001784045742,0.000661298276,0.000842130057,0.001767147591,0.003499695911,0.003475867319,0.002165755751,0.001032927811,0.000770443490,0.000734966420,0.000440180682,0.000236198407,0.000125398318,0.000085746860,0.000196327822,0.004455975413,0.117899033018
1.038468909403,0.787494732679,0.037143071210,0.000458261695,0.000050000000,0.000050000000,0.000050000000,0.000056807651,0.000071770742,0.000114245170,0.000270464033,0.000664215614,0.001319470150,0.001976456485,0.003443780565,0.008077175906,0.016793210987,0.020686893808,0.011231770516,0.003091172458,0.000900701913,0.000820517278,0.002051381100,0.009201199901,0.021566147519,0.027339449081,0.022583458566,0.017907227816,0.011188584861,0.008127133447,0.004266093037,0.002443919461,0.001138213870,0.002707324130,0.013986806551,0.041599314665,0.016398018724,0.003119583365,0.001817681272,0.003050124021,0.010597184231,0.019507442010,0.011286562063,0.002705250806,0.001012842793,0.001194696266,0.002093583808,0.003323146269,0.002760587626,0.001520519325,0.000729870400,0.000415440734,0.000389216463,0.000329675409,0.000223414728,0.000070786550,0.000056206598,0.000127060171,0.002854113845,0.094920303503
0.994696592968,0.780463950467,0.033882814654,0.000223160140,0.000050000000,0.000050000000,0.000050000000,0.000050000000,0.000058461624,0.000097847402,0.000250064036,0.000635965877,0.001294032893,0.002046659328,0.003759131989,0.007952595845,0.016443257804,0.023806741739,0.014038622442,0.003454063460,0.000791553079,0.000683622231,0.002005087018,0.009463987063,0.020411247295,0.022351257976,0.016773813785,0.011550406587,0.007049055422,0.007620667119,0.004903874507,0.002542833760,0.001158355271,0.002611972811,0.010630706386,0.028211941449,0.013923810393,0.002874859110,0.001799453196,0.002667510776,0.007489032345,0.012830289276,0.009854144817,0.004173871679,0.001915308338,0.001927743576,0.002368105701,0.002476918572,0.001438594752,0.000529105451,0.000184535602,0.000090439146,0.000083634480,0.000142120359,0.000154431083,0.000064270386,0.000056895527,0.000144135762,0.003466112530,0.097918036662
0.971371812397,0.769532042612,0.037192794714,0.000265393052,0.000056962961,0.000051471145,0.000050245788,0.000050000000,0.000050000000,0.000063377708,0.000136670734,0.000429498075,0.001123655109,0.002096911105,0.004202546134,0.008009787881,0.014502875341,0.019135676005,0.014011103124,0.005408023715,0.001682987676,0.001328785414,0.002727950082,0.009066840627,0.017501996420,0.019202961927,0.013619245514,0.008382891010,0.004817612097,0.005177854729,0.003164837553,0.001917487881,0.001143020291,0.002467058821,0.009368904763,0.028074831373,0.022927843058,0.007199260855,0.004932358310,0.006311490436,0.011911304309,0.011214708318,0.006308350893,0.003600478026,0.002774336844,0.002989106570,0.002352112524,0.001247451606,0.000458218291,0.000165643004,0.000069669730,0.000052560388,0.000057815633,0.000138375893,0.000327147161,0.000187356395,0.000095545060,0.000224763300,0.004080871396,0.099709011409
1.061496340906,0.639143318343,0.030256255712,0.000441347402,0.000065693293,0.000057437064,0.000055293066,0.000053320920,0.000051237222,0.000056249604,0.000100440033,0.000280513040,0.000787597784,0.001644711767,0.003626871422,0.008029050112,0.015794226647,0.018122563343,0.012358487805,0.005561030141,0.002271848413,0.001984832576,0.003405018108,0.009931601112,0.018264592569,0.018896166082,0.011284992389,0.005651272391,0.002928015874,0.003003773276,0.002256002000,0.002200785593,0.001780364215,0.003057083861,0.008846057713,0.025144233402,0.022421230872,0.013877226981,0.010352504798,0.009722634316,0.013025035421,0.008811206749,0.004625616043,0.003057209418,0.003011691273,0.003654225047,0.002275317852,0.000776470993,0.000214955579,0.000187173514,0.000120684048,0.000074300876,0.000057106483,0.000072129043,0.000157940911,0.000180526584,0.000139956918,0.000303943680,0.004933657637,0.118734478524
1.029677408456,0.637351988912,0.029534079281,0.000279645051,0.000071017248,0.000066472426,0.000066984165,0.000066117966,0.000063639595,0.000071386078,0.000111040991,0.000244353578,0.000568320510,0.001122754014,0.002701251565,0.008092669896,0.019181723094,0.017441068143,0.009840556490,0.004831399813,0.002812908530,0.003165570968,0.005192738756,0.012955063064,0.020024827993,0.017282625033,0.008076668204,0.003038112555,0.001236109208,0.001313656642,0.001400543951,0.002319334435,0.002781228756,0.004173295556,0.008458749180,0.022638692619,0.027651151730,0.024242623026,0.016256538531,0.010047755509,0.010172026657,0.006652587789,0.004044121566,0.002821609809,0.002826472637,0.003422090968,0.001893417632,0.000546726755,0.000128255940,0.000061824578,0.000132313887,0.000191389623,0.000153156170,0.000230589817,0.000914815012,0.002849338434,0.002399369307,0.001633964975,0.009230414145,0.161390224414
1.053090291066,0.507372330100,0.021487513121,0.000284997189,0.000067246001,0.000070804186,0.000079781430,0.000085069846,0.000090667923,0.000099060827,0.000136612151,0.000243270263,0.000478690059,0.000957854440,0.002524964744,0.007959554310,0.017984644810,0.015046782293,0.008525809403,0.005112238148,0.004035972543,0.004956051237,0.007534916801,0.014820052887,0.018182377227,0.013904182759,0.005794902397,0.002184368673,0.000961596667,0.001007452032,0.001200861978,0.001936488705,0.002571227524,0.004141872286,0.009639719119,0.025188504370,0.031229507872,0.025931824139,0.016763287880,0.010296541432,0.010170749794,0.005214390394,0.003334392034,0.003002704128,0.002639274350,0.002661700160,0.001315177335,0.000360270250,0.000093989982,0.000053775349,0.000104852379,0.000190875183,0.000196282149,0.000464175621,0.002071259756,0.006833239206,0.007346177066,0.005062671999,0.017230665254,0.221283171220
1.054281145025,0.384416575569,0.018285962893,0.000381262228,0.000072109797,0.000081778411,0.000099771595,0.000127351621,0.000143705478,0.000137500687,0.000152541610,0.000213916070,0.000340527494,0.000642926051,0.001981519932,0.007234421195,0.016062821904,0.013890015761,0.010153215627,0.007063276972,0.005839608163,0.007194906638,0.011097236951,0.017824095389,0.016786255426,0.009881910909,0.003695713439,0.001575147143,0.000728018643,0.000717122492,0.000842354645,0.001407941152,0.002389419306,0.004741785199,0.011946190726,0.028858897605,0.033715631857,0.031349376124,0.022016193495,0.011455975426,0.007544581553,0.002571960299,0.001367105531,0.001581105991,0.001898270891,0.001967689785,0.000957494378,0.000307451608,0.000104906031,0.000091996082,0.000195298046,0.000366971295,0.000589808202,0.002190589580,0.009946080672,0.017141503426,0.008741713933,0.006051953343,0.028706795960,0.320598301254
1.028726286290,0.267926703520,0.009060425440,0.000211346012,0.000076622239,0.000090746785,0.000121487575,0.000182636831,0.000215096462,0.000184669892,0.000184716810,0.000241710697,0.000353793231,0.000581100898,0.001642105943,0.006013511280,0.012045260719,0.010912437164,0.009859227610,0.007522309597,0.006543783404,0.009335932880,0.015059861403,0.020985190500,0.015603662406,0.007167795563,0.002437416409,0.001026186889,0.000475261595,0.000554812941,0.000925382982,0.001892183843,0.003225059265,0.005342257525,0.011478926805,0.025214291050,0.032221699318,0.036533564973,0.028560927716,0.011556978234,0.004568238765,0.001234553175,0.000930804682,0.001519324870,0.002050972814,0.002411381611,0.001361287588,0.000513570177,0.000199307500,0.000241059704,0.000484194278,0.000457640931,0.000713415126,0.003843599615,0.020075217817,0.028318379614,0.011198995178,0.009274437351,0.050009763892,0.444740013339
0.928787853839,0.159032176067,0.004616814390,0.000147115170,0.000071773768,0.000088427150,0.000147183501,0.000257451291,0.000314467953,0.000247984871,0.000224001147,0.000294755802,0.000432053083,0.000623972229,0.001381735552,0.005059776772,0.009504433338,0.008668566560,0.009074633084,0.009041841168,0.009281450960,0.013013899028,0.017740156274,0.019229330280,0.011367447544,0.005075900130,0.001936217722,0.000948334871,0.000535213979,0.000772503743,0.001513649802,0.003207908961,0.005295375502,0.007919767833,0.014986247360,0.027275332726,0.030410243153,0.029856776573,0.023374121685,0.010638797663,0.004749366807,0.001218972001,0.000871952404,0.001572095855,0.002495322790,0.003862784699,0.002849201299,0.001276773338,0.000501978633,0.000592100181,0.001631085541,0.002450235581,0.003222837254,0.007081576313,0.017961073662,0.031342342329,0.024613986811,0.025720332796,0.108642945671,0.633694454680
0.733439158834,0.095026318609,0.002576639601,0.000117072535,0.000060293200,0.000077671514,0.000199047949,0.000416488457,0.000540812140,0.000385381342,0.000295658328,0.000348816551,0.000469448544,0.000634517348,0.001200140909,0.003716518559,0.006424525865,0.005632417541,0.006520456692,0.008400835167,0.011638076719,0.017516229562,0.019959604794,0.015461989841,0.007750662095,0.003637522235,0.001658110309,0.001087200861,0.000815850305,0.001321637075,0.002404427444,0.004096125932,0.006087934830,0.008388960312,0.015751309383,0.031127540411,0.034330090482,0.026760336871,0.015211950614,0.005246250273,0.002245266518,0.000750412719,0.000744510765,0.001730422880,0.003505164741,0.006498412611,0.005024117790,0.002179780009,0.000752566565,0.000670733574,0.002173019138,0.006165836877,0.011112462126,0.018422391651,0.020598381739,0.020451171776,0.020041814371,0.036765526817,0.189469562484,0.815588490988
0.568853473410,0.059349993412,0.001559452554,0.000076023892,0.000050783436,0.000087467601,0.000321133666,0.000627081902,0.000757400365,0.000498535874,0.000365277034,0.000390085294,0.000465467934,0.000676640400,0.001380744875,0.003411897962,0.005959373063,0.005435624176,0.006128539605,0.007223686739,0.009834420310,0.014941118709,0.017299121791,0.013263326754,0.007673393929,0.004125463796,0.001925517805,0.001393087578,0.001198425640,0.002024308901,0.003545095168,0.005367973295,0.007543889703,0.010249875223,0.018011318287,0.034402889581,0.034884435512,0.022432239648,0.008452914307,0.001723285594,0.000667583948,0.000478519676,0.000765837117,0.002081392409,0.004464568954,0.008551495553,0.007222852569,0.003534977875,0.001341266721,0.001240264946,0.003901122367,0.008126879859,0.011913273242,0.019985611555,0.023934011460,0.029395509400,0.040153761031,0.079163443609,0.315663003958,0.896674355658
0.440270885178,0.066639834720,0.004393792713,0.000342833429,0.000090175003,0.000115706137,0.000398230374,0.000651921260,0.000770240400,0.000547262463,0.000457643196,0.000494295759,0.000645884414,0.001529232715,0.002919351732,0.003826042760,0.005118189430,0.004661240732,0.005001946028,0.005378398682,0.007373041764,0.011746520383,0.014804370623,0.012339345978,0.008745236418,0.005988294090,0.003314249941,0.002752588374,0.002613825623,0.003958537063,0.004995275487,0.005648744334,0.007772972155,0.013686820270,0.027580471665,0.045702183407,0.031301351116,0.013945206485,0.004350991792,0.001006237835,0.000581216319,0.000547405069,0.000811604737,0.001988023658,0.004252041063,0.009071565887,0.009458367361,0.005728166949,0.003148468897,0.004864034429,0.007732402542,0.008469743960,0.013009773794,0.034127974735,0.047611952475,0.046896302850,0.059164514670,0.153493359661,0.570714102506,0.856911848272
0.307293188956,0.082683357897,0.018955394849,0.003220074930,0.000479050721,0.000187485435,0.000402937508,0.000609707850,0.000796268030,0.000769515771,0.000859620891,0.000945697120,0.001162298196,0.002120581101,0.002566227466,0.003672571889,0.006590634113,0.006486422444,0.006007969434,0.004362993574,0.004899745937,0.008646139853,0.013532063867,0.013332460855,0.010144910902,0.006946208341,0.004380009474,0.004717996845,0.004800447157,0.005893850044,0.005231500095,0.005153219169,0.008645138249,0.019545182072,0.038394255757,0.052699688484,0.031108545181,0.016444899430,0.006702405490,0.001678008871,0.000858002956,0.000666160724,0.000806550040,0.001687241394,0.003242398783,0.006688945754,0.007776056681,0.005692409054,0.005697488860,0.006483028802,0.004638075974,0.004695177998,0.007712658604,0.029368209677,0.056272711825,0.063478561980,0.086633040124,0.235851596067,0.727471858943,0.721894377957
0.326970404898,0.093343340987,0.027403341842,0.005891278203,0.000804277964,0.000227774575,0.000354396835,0.000479444961,0.000675651370,0.000874342125,0.001201976307,0.001355812085,0.001404685196,0.001828815846,0.002336514525,0.004447504270,0.008208917637,0.007003892271,0.006688278443,0.005758459061,0.006746317078,0.011435258812,0.016803436514,0.015954142260,0.011216480585,0.005936304775,0.003181334548,0.003728340265,0.004670148697,0.006606849559,0.005969677537,0.005336737401,0.008748340476,0.019550122743,0.038211000449,0.057879205166,0.042218399254,0.029542067005,0.013463214589,0.002684055238,0.000929187280,0.000518775957,0.000493879235,0.000905171155,0.001694516611,0.003683020593,0.005076858681,0.004069594404,0.003672747884,0.005074986697,0.006030232820,0.007576002091,0.011163813106,0.034533212787,0.063782782331,0.083894234739,0.103643854872,0.249750208366,0.639343089746,0.744469928070
0.462919801376,0.097793071978,0.018924207395,0.003707503967,0.000699687842,0.000239826815,0.000281458578,0.000363276720,0.000565711875,0.000825821245,0.001161150335,0.001194332842,0.000998545422,0.001095383274,0.001718740208,0.004273194907,0.008517581747,0.007230601317,0.007740036908,0.008771504728,0.011732430805,0.019920256914,0.025964176711,0.019573003278,0.010107650595,0.003640104859,0.001609173585,0.002091346201,0.003730258976,0.008008247415,0.009460125108,0.007451413529,0.008813337960,0.014277887172,0.029820766180,0.061927340118,0.063674334042,0.048902294142,0.018926879896,0.002745733013,0.000666025246,0.000261166728,0.000209987865,0.000366095654,0.000755722210,0.001872105773,0.002969072361,0.002168762531,0.001480034620,0.004069146271,0.007978121216,0.009455676778,0.011409618527,0.032315627059,0.077171019158,0.109205330371,0.096959731468,0.167538626274,0.432882317779,0.800996935178
0.473701326056,0.079014315437,0.009440705435,0.001348649609,0.000324604906,0.000251616182,0.000293394729,0.000335136226,0.000490643085,0.000763703052,0.001167113797,0.001262110510,0.001056966725,0.001050125468,0.001378310025,0.003304457309,0.008115570513,0.008618862752,0.009799492194,0.011248589755,0.014743203025,0.024794820153,0.028296190422,0.016291525892,0.007069946075,0.002804952959,0.001573359950,0.002541287618,0.005070688546,0.011762394754,0.015401682699,0.011762405818,0.011330663947,0.013331624019,0.024473141223,0.055593381394,0.068379867264,0.049856665771,0.015820620466,0.001885615811,0.000395946503,0.000146105538,0.000137137678,0.000291063531,0.000719303184,0.001781666720,0.002601480817,0.001581287787,0.000584912500,0.000364307020,0.001392244737,0.005243428670,0.011193624493,0.030242454449,0.060878507027,0.078541033808,0.070830433486,0.137138249045,0.373083354964,0.831828991380
0.399953711193,0.099358588942,0.024976174996,0.004457828742,0.000594903600,0.000339383954,0.000328708662,0.000333690387,0.000458029585,0.000742636279,0.001196645497,0.001373493195,0.001239301734,0.001281342997,0.001681960031,0.003824440636,0.009363963541,0.010393651954,0.010698123087,0.010081611901,0.011770533037,0.020189014644,0.024855363465,0.014969914837,0.006861765135,0.003486714843,0.002461503004,0.004524380681,0.009280396118,0.018699225885,0.021711714025,0.015926492734,0.014429511576,0.017804824071,0.032081058377,0.064379834414,0.066897910704,0.037147984223,0.009426213019,0.001120297442,0.000255514078,0.000114334835,0.000131642329,0.000318300718,0.000773037113,0.001623615358,0.002183752758,0.001421399788,0.000619011795,0.000409716555,0.001244840479,0.005847305538,0.020081611850,0.051717558786,0.059684768707,0.057145469362,0.068200666742,0.206376752744,0.536224550057,0.773173253932
0.395958403058,0.104938595953,0.032901465253,0.006411867769,0.000824602530,0.000440341827,0.000389528460,0.000380449822,0.000500314899,0.000757394248,0.001118698632,0.001252727543,0.001196765977,0.001414209425,0.002100746818,0.004730686285,0.010909325803,0.013624098849,0.016885160246,0.016154993938,0.015318307213,0.018999741307,0.018855157584,0.010623624984,0.005111353911,0.003114394379,0.002704878147,0.005862394278,0.012917610456,0.022673916950,0.022530542249,0.016072951546,0.017154020796,0.025924669492,0.046755760115,0.071226477586,0.052294898990,0.022691622110,0.005316817104,0.000688787459,0.000179136989,0.000102257978,0.000139187778,0.000406480863,0.001012245102,0.001790002234,0.002187681303,0.001660580938,0.001063210388,0.001068782332,0.002808912662,0.008690497309,0.023950784587,0.049011079079,0.047050001757,0.044228062566,0.061109737528,0.228002483822,0.604097301050,0.725677903457
0.359336545295,0.075505029169,0.027683533661,0.008056496440,0.001687236803,0.000943210922,0.000801331259,0.000733164947,0.000826787836,0.000960176069,0.001061127866,0.001044969999,0.000918242627,0.001160199047,0.002114821715,0.005597761412,0.013075453667,0.016812620194,0.023416549453,0.026936215237,0.027250778303,0.027471162867,0.019798561340,0.008143921094,0.003437518660,0.002247319530,0.002283135225,0.006108071240,0.015219269399,0.023875676993,0.020970444711,0.015947687655,0.021921596753,0.035746507912,0.052779882807,0.062357275723,0.042614545615,0.022081778153,0.007605208746,0.001605827267,0.000542027432,0.000275885108,0.000351519890,0.001042247872,0.002126612386,0.002647127358,0.002566396015,0.001984228930,0.001466552782,0.001765541185,0.005333598763,0.014239896226,0.030054856708,0.055727318795,0.056717519371,0.048161430648,0.056486941133,0.194334020257,0.583401625219,0.783601548103
0.307875617890,0.071978246782,0.039630735568,0.024646519205,0.010240713201,0.005791768632,0.003957080019,0.002709895521,0.002318246380,0.001886383707,0.001316609345,0.000939566950,0.000684444829,0.001109243841,0.003516956893,0.013658992443,0.031806365178,0.036399841822,0.040244149684,0.041602190913,0.039756189550,0.040381862593,0.031902424028,0.013524854800,0.004706510767,0.002212931555,0.001873164400,0.004813827315,0.014312144414,0.023465387700,0.020037374493,0.016343306092,0.024995460318,0.047983663268,0.077642434052,0.082291696626,0.049635427281,0.025003300257,0.011673044730,0.005070590450,0.003160463434,0.001639237463,0.001441473243,0.002367451404,0.003013020250,0.002793279981,0.002867660008,0.003172161622,0.003688262863,0.007146877836,0.021437550413,0.026980688576,0.025294031700,0.041300476757,0.056499331842,0.054943539620,0.067037003256,0.220642371132,0.667945828137,0.772365971783
0.264007139902,0.071306559069,0.046449508776,0.036310995101,0.023131844892,0.024431460625,0.023154949259,0.015384779774,0.010552733084,0.005811361588,0.002736818365,0.001545497911,0.001102244886,0.002261288487,0.009151635487,0.035043358700,0.065931217947,0.060891640609,0.056423363861,0.055837021185,0.058547531948,0.076827652578,0.082141276125,0.050366498317,0.020787322160,0.006607208026,0.003606066197,0.006566464756,0.015039151644,0.019705794659,0.016760436435,0.019195883848,0.035422624127,0.064086457533,0.098436758349,0.098990274843,0.066276641762,0.043034917073,0.031010922233,0.020593393887,0.013252323463,0.005366002404,0.003271202356,0.004461573256,0.007424242523,0.009591107660,0.010714487332,0.010481370066,0.010040128671,0.016800141941,0.043654209415,0.038937398470,0.030687626314,0.032531567403,0.045277712587,0.068026152018,0.107397173603,0.318275275658,0.850240557237,0.680917501645
0.360211510001,0.112319868522,0.056529743516,0.053509828688,0.056106943661,0.069019128672,0.065526503377,0.046341874023,0.033502805220,0.021449042131,0.012217899210,0.007906325244,0.005971395256,0.009331594308,0.027797734336,0.074012303289,0.092933415191,0.060869669646,0.048827642993,0.057243134872,0.083162750496,0.141920928063,0.189845383857,0.146212469828,0.060621047150,0.017433198981,0.007810398448,0.010851362842,0.021529413331,0.025102851581,0.020399074838,0.021378394503,0.031696432717,0.055993773226,0.101178087085,0.118851766002,0.088853331200,0.065045604858,0.059841821932,0.052229920469,0.041005355363,0.024303474213,0.016708593688,0.019764469847,0.030682552850,0.043851907053,0.051376098816,0.040162802246,0.023817155232,0.023178146422,0.046858895827,0.054219774222,0.041630642872,0.041166087282,0.069262855437,0.149589096466,0.292556571845,0.583304989367,0.803501222937,0.671047325115
0.315068153555,0.168908526239,0.129325165106,0.119255598064,0.098394623027,0.106812314628,0.096430802069,0.069296114742,0.050909052634,0.033765934253,0.020293130725,0.015035267223,0.013832648456,0.022452865250,0.058139124089,0.130722989697,0.139839871869,0.093095479068,0.067892292665,0.070980789293,0.093362840171,0.148716987594,0.206204607993,0.159079409132,0.064670506546,0.023277806992,0.012340072557,0.014360346934,0.020284705096,0.018041536725,0.015955637548,0.014989208902,0.018062411249,0.029273066077,0.054197182022,0.075014421675,0.066722446629,0.053006792697,0.047920460906,0.038624846806,0.031237551858,0.031071511082,0.037436075432,0.055374158044,0.082631524236,0.096786441772,0.108829797664,0.084722903339,0.051353038000,0.032238574281,0.032289232386,0.040500531859,0.045874167259,0.066082571406,0.097188002231,0.156618949697,0.285437521217,0.541291183012,0.695285771363,0.527718204577
0.339241414633,0.237849896747,0.201896697181,0.172523906621,0.131263866936,0.120132871101,0.094914618966,0.067396636351,0.051294802072,0.039935870754,0.032590116653,0.034390200482,0.039444081214,0.059550454923,0.100833688393,0.137936301983,0.128914693526,0.104752530857,0.090031641471,0.088589801788,0.097360916282,0.120418444103,0.149866449914,0.129932482201,0.066562915913,0.030482757070,0.016555513497,0.014818156924,0.016812111277,0.015084012112,0.013933481106,0.011111334086,0.011279874594,0.016102455665,0.025992254493,0.032607085813,0.026898436139,0.021415430778,0.019162186405,0.017067533822,0.018553010466,0.027936025547,0.048590844041,0.077103043481,0.125522787155,0.152554887350,0.164210622260,0.116917441926,0.069488886256,0.034513673604,0.023192445888,0.026089635500,0.035240767573,0.067636978225,0.109931105320,0.160820948118,0.252879771569,0.424991360218,0.569468650894,0.487937138064
0.381006997255,0.285204722042,0.232647085547,0.175406465981,0.127943823617,0.109112292580,0.084480996353,0.067571495488,0.049517627625,0.037847282609,0.037833528241,0.056136943341,0.086568791867,0.118491442393,0.133322461671,0.127688014852,0.124255467044,0.132311111362,0.127568379858,0.106753592641,0.101105809384,0.108570023794,0.134571266987,0.118132692832,0.062964294498,0.031736620255,0.019496630654,0.016498624226,0.016758853851,0.015082934528,0.013533846876,0.009984759108,0.009280879665,0.010542704985,0.012094972415,0.014943766506,0.012518826728,0.008444723463,0.007265512771,0.007821757526,0.015271109727,0.046709559702,0.092952762838,0.108233710694,0.142898100547,0.182370542836,0.181505233680,0.120089627887,0.076195415996,0.047828811313,0.031360366534,0.032325255211,0.038529201101,0.067702033323,0.120612470215,0.178187240656,0.244420783526,0.353410854803,0.475833925000,0.468699702995
0.386864514876,0.296456045247,0.212734618093,0.144503367978,0.111773738380,0.100612620388,0.066010565356,0.041459528470,0.029570869453,0.031730729707,0.048202142648,0.078498947033,0.106204812008,0.113826223441,0.116369044041,0.124267024591,0.137705872065,0.161478571520,0.162852273531,0.186144266137,0.189128347461,0.165306837639,0.163076301206,0.137610849068,0.102688558041,0.082092159534,0.054313993520,0.039531612422,0.031046449880,0.025397083161,0.019380531229,0.010868661124,0.007344262756,0.008329966770,0.014554070960,0.031020108213,0.039927661896,0.038125597970,0.033814044237,0.033600364282,0.057655933522,0.114118221607,0.226793859745,0.210378218252,0.200152717152,0.216043506077,0.209837965737,0.166667455173,0.158491895732,0.152760989685,0.121472733336,0.112239210817,0.096049139752,0.099638271367,0.127086249498,0.184917459355,0.263782257106,0.356365847165,0.426819515883,0.432648065355
0.459252319744,0.342079115565,0.197278871582,0.107641119244,0.088234059629,0.107850932031,0.096435971230,0.063535931603,0.034253514229,0.029101454900,0.039122045149,0.060358535567,0.081357203062,0.091280632839,0.103360605200,0.132738149639,0.152752183122,0.155221104574,0.146084225494,0.157404411945,0.144420251369,0.120803359536,0.136404320189,0.121399862743,0.081457669620,0.050739282103,0.031882634540,0.024423782422,0.023203631605,0.022372742025,0.017954219854,0.009515316976,0.005560390519,0.006210140568,0.013538182828,0.037748255061,0.044470100080,0.032319406039,0.022175288905,0.019511003626,0.037524556387,0.074013642610,0.118103922298,0.168467958106,0.223312739511,0.206736379335,0.167174550856,0.130471606573,0.140996297460,0.139778888438,0.090313576024,0.061802486189,0.041664190441,0.053124649745,0.100762978816,0.171344659904,0.237427781772,0.306636278503,0.376320440251,0.425833966100
0.547418435491,0.454041025272,0.214576408632,0.088558359599,0.062889300786,0.094700736368,0.113924018401,0.068665638648,0.023682115170,0.015109919940,0.019262862818,0.036667291678,0.060848324999,0.077771258357,0.106458968418,0.133698518072,0.179599999756,0.213636923115,0.156037607443,0.114455837086,0.094665591780,0.084923287824,0.100775502651,0.100839103786,0.076248552371,0.051709724046,0.029069573922,0.020864066128,0.023228761257,0.027665634960,0.024884032821,0.012333511819,0.005658609181,0.004748674114,0.008356646244,0.024725815621,0.030878757315,0.014962808581,0.007790869869,0.006670764464,0.009786749144,0.026120896677,0.082304277173,0.174037875324,0.261759736682,0.207475155818,0.140467094904,0.109203054412,0.131446877198,0.113744652708,0.050226960778,0.028699515042,0.024079041161,0.038206302165,0.071216032454,0.146704565525,0.220328177651,0.273004455052,0.314320796785,0.393546635408
0.520874461115,0.542059599009,0.316237562211,0.126064388179,0.074196399710,0.076774349325,0.059425095760,0.032358783781,0.014249842555,0.010842129339,0.013359407936,0.024778528450,0.044213765539,0.058732422933,0.077982440293,0.129004149192,0.190418291804,0.227823172697,0.160744637358,0.097892488494,0.064308081216,0.051219940704,0.059024655271,0.076806672436,0.072829014156,0.056042123912,0.031873578086,0.023859383171,0.029462366807,0.038209395380,0.036068279309,0.022665294960,0.015942621123,0.010625294607,0.006055601811,0.005721862935,0.006037793130,0.005710446979,0.006919630406,0.011872697589,0.023192539379,0.042649160144,0.098241720402,0.184122526545,0.295255291700,0.265282853420,0.158772078892,0.081002391290,0.079148913072,0.100261206020,0.093281578594,0.079864007298,0.045199190302,0.035034121042,0.048396609857,0.096444704525,0.175525592170,0.269547224960,0.310024018057,0.361590586355
0.530569777006,0.597673366197,0.393141035327,0.158224075015,0.086300371565,0.066276372964,0.028965115769,0.011184310285,0.006461677190,0.006921246696,0.010241461003,0.019323790834,0.033424182397,0.042037205994,0.059067361233,0.135072807622,0.239182249322,0.268133803583,0.179016498692,0.115857518444,0.070542827667,0.043206183168,0.032757189575,0.038099901021,0.043269053351,0.042974954752,0.029193401782,0.023866688736,0.034140399678,0.048174485217,0.045443288417,0.027723424689,0.016968133959,0.006429848092,0.002912732440,0.007601897336,0.017731675336,0.011846455829,0.009746902174,0.014814179544,0.024367098664,0.038944866286,0.093670176027,0.208999121196,0.385964588589,0.296178829682,0.119023248237,0.043121156063,0.032208028228,0.062433434490,0.146747794893,0.158159288214,0.067157559938,0.030938131171,0.032664936729,0.060847032600,0.116671507782,0.207616029750,0.259464443457,0.342331494065
0.537102732399,0.587025334620,0.504742533589,0.176610282114,0.080440570150,0.043849448876,0.014446290790,0.006284415413,0.004909172275,0.005796809670,0.008649330126,0.015627222989,0.028945191214,0.046119655181,0.062894598425,0.110922317585,0.172229680481,0.208533832480,0.151921036766,0.127483531506,0.070644732175,0.029687724155,0.015085678597,0.018199725530,0.026695717685,0.035993125218,0.024212601265,0.020899428248,0.039751237391,0.067527556026,0.054218891992,0.018717440687,0.005109928506,0.001539307305,0.001139023595,0.001827417752,0.003453606540,0.005613441425,0.008935699647,0.013902125288,0.018207894562,0.032381048273,0.107315337772,0.266036838920,0.410158174775,0.255596710423,0.098034989581,0.037956908487,0.034463363804,0.062996396805,0.130037818502,0.161477918694,0.081337532445,0.026437112276,0.015743495933,0.027854609514,0.071603564039,0.193956024354,0.304736682413,0.406737252942
0.539697313143,0.718286967470,0.601917143605,0.132891692108,0.050372049551,0.024299718524,0.007930196982,0.003650318914,0.003325237515,0.004417710445,0.007121629900,0.012402249053,0.017933741908,0.019581410946,0.027585378798,0.050290947903,0.094983490551,0.169317137635,0.157000566204,0.124353270462,0.049669906103,0.017742924828,0.009584983016,0.010918065442,0.012582082253,0.014261293434,0.011759891008,0.014867392651,0.039526429563,0.074327068673,0.062280916596,0.021037944383,0.003889882441,0.000857674471,0.000771589772,0.001559323484,0.003767774611,0.006315922491,0.007893594796,0.010183094530,0.015053787082,0.037165055127,0.144897392898,0.337435777231,0.381889794484,0.202271291631,0.080100234577,0.034499806234,0.041105983200,0.109113178788,0.144022000230,0.096076793865,0.035889462053,0.011229189724,0.005725989239,0.010256379097,0.036134687535,0.153497220713,0.304988917519,0.420020954505
0.496609018932,0.878079831439,0.712454155998,0.105406713130,0.025286984628,0.009149856427,0.003585738412,0.002115431326,0.002013791569,0.002755268457,0.004709043341,0.007820437315,0.009714007686,0.008453102106,0.009469213546,0.023089717393,0.051627873243,0.120687413947,0.153326575924,0.126289929697,0.038431328213,0.016319728315,0.010386976495,0.010183402007,0.008439771673,0.006505233898,0.006448353084,0.011258525999,0.035300498444,0.066705360176,0.057257554181,0.022152227661,0.004837178425,0.000932767774,0.000722682158,0.001325451637,0.002978044255,0.004933703223,0.006532429837,0.009573891540,0.017438920533,0.050395219904,0.188655728090,0.367994334847,0.314573910355,0.137514962980,0.058409618953,0.032821391669,0.038324639391,0.106280055195,0.110811219245,0.054724413478,0.021426611950,0.006652549660,0.003297422991,0.005732873353,0.023156500112,0.119527551616,0.262276112092,0.361921566932
0.472025412760,1.006202126086,0.621552545506,0.069014543965,0.014303678772,0.005329231223,0.002317679483,0.001221388742,0.001059845754,0.001429872024,0.002387560023,0.003678932896,0.004384876885,0.003834373236,0.004640167431,0.013831708197,0.044260476144,0.106358430271,0.111190647056,0.081650206460,0.031974146697,0.016523267439,0.009255557397,0.008457503269,0.006961579661,0.005768552141,0.006509354862,0.010944529733,0.030101173812,0.057717677807,0.053911734821,0.027238363987,0.007166896532,0.001451434982,0.000780257787,0.001079873117,0.002346052658,0.004955439748,0.007788555836,0.012239851259,0.021876596071,0.057160424477,0.177757037594,0.302460360719,0.247579080022,0.113131694502,0.049869675091,0.028463516405,0.034457840016,0.078135477091,0.075680982247,0.044076064355,0.017987212136,0.005460734729,0.002608269490,0.003804219044,0.013011844835,0.074424499299,0.209603056965,0.322859832092
0.461432045891,1.061786272116,0.516889118974,0.054230733822,0.010880768238,0.003477880136,0.001296472999,0.000600258961,0.000521047987,0.000735313970,0.001416248134,0.002755637299,0.003244535550,0.002551330183,0.003657861712,0.009599423384,0.024431331435,0.072087030552,0.075987146909,0.049460196128,0.028413619292,0.018382618269,0.007557656423,0.005729935953,0.005759296752,0.005818794587,0.007666242793,0.013650596504,0.037234047780,0.074051061129,0.068933096844,0.035831638769,0.007450563574,0.001654371057,0.001015185021,0.001471949418,0.003702495243,0.008771533598,0.012465691053,0.015694705126,0.022691846865,0.052409209413,0.151036440940,0.254496425343,0.201256803424,0.087349051600,0.037424366862,0.022179376782,0.023739265199,0.056454607399,0.085156285796,0.044392998382,0.015265112582,0.004530520760,0.002236728829,0.003048410338,0.009390435992,0.053367135065,0.174464022134,0.289981295306
0.384905236823,1.082712443096,0.469272687152,0.043288014330,0.008542839531,0.002814274411,0.001107221806,0.000475176870,0.000406028537,0.000635899722,0.001563188595,0.004566704396,0.005749968796,0.003185854397,0.002553507927,0.004265868526,0.012788711819,0.051594911022,0.058088909819,0.028254398242,0.013431718938,0.009678475582,0.005052555695,0.003983372835,0.004432087985,0.005059291515,0.007618696720,0.016793560435,0.051456144452,0.096078631115,0.078988292179,0.034757772488,0.006657350325,0.002332215462,0.002034627572,0.003689878398,0.010346616863,0.020341184280,0.018086489590,0.014181593509,0.015389397799,0.033988208201,0.103747089228,0.188649213281,0.152241577490,0.069295465250,0.032465278095,0.024361984261,0.028458455460,0.056014508332,0.053748179755,0.031322244274,0.012170273280,0.003040131165,0.001356624822,0.002059894021,0.007565950245,0.046622487440,0.147525484594,0.222635758449
0.291279789379,0.966977905473,0.579122913362,0.036774269451,0.007480123167,0.004090876416,0.002549251393,0.000908549925,0.000501746009,0.000726511002,0.002247358987,0.006868404377,0.006746281314,0.002930733904,0.001876676714,0.003414815245,0.013359399063,0.043915462930,0.039488298637,0.017962619618,0.008255969611,0.005796286606,0.003683913437,0.003165300856,0.003532374537,0.004993966156,0.009672117334,0.021678093138,0.056962484455,0.095799238067,0.083190680990,0.040308035041,0.011175585046,0.005801802386,0.005755563599,0.008632691778,0.017014189711,0.022872227576,0.017187106513,0.013040011901,0.012442796389,0.025590665720,0.072924025886,0.133191624390,0.118280784626,0.057098880654,0.024997023174,0.017215161400,0.015979248594,0.026096447660,0.029132530315,0.018658040361,0.007598870828,0.002039074258,0.000819267963,0.001091952355,0.004283993582,0.031113385994,0.125521851808,0.196980432348
0.207126281529,0.830380842201,0.673610658373,0.029323338077,0.004274543999,0.003178195732,0.003854973727,0.002037011064,0.000801708546,0.000672297653,0.001617137336,0.004142999360,0.005000995208,0.002994801471,0.001725604657,0.003170867295,0.011624406979,0.021200882513,0.015366524157,0.010097801092,0.007631371811,0.006070707720,0.002028958222,0.001422429090,0.002083039895,0.004383354625,0.012752121581,0.026400590788,0.054506181734,0.080313791105,0.073214653343,0.044814609048,0.018869622066,0.013652590406,0.015052240777,0.016113778817,0.017449669721,0.016894714633,0.013800551344,0.012458086531,0.012718202696,0.024269818741,0.063134061340,0.108814978529,0.095149705325,0.048974636335,0.020413771999,0.010824181453,0.006691307556,0.015430072222,0.017598046958,0.008557586901,0.003878145073,0.001150848022,0.000490603843,0.000697559424,0.002517785636,0.016818250619,0.077237705012,0.144933641255
0.160054734259,0.867652708527,0.557538585071,0.022132229666,0.003257879331,0.003405127539,0.004164442897,0.001589964060,0.000496866591,0.000405745454,0.000871596360,0.002505287001,0.004273970806,0.003523756801,0.003740839254,0.007868606952,0.013485212885,0.015790429757,0.015612675461,0.009377134290,0.004088435864,0.001486304696,0.000509790413,0.000586776278,0.001039534654,0.003146920063,0.011970354274,0.025379082465,0.047546818902,0.059405300778,0.054291464022,0.041531100343,0.024365949324,0.022909244592,0.029887265392,0.027815183833,0.019174569818,0.011807405128,0.008299471553,0.007295816589,0.008481710344,0.017530050500,0.053749252704,0.109302541848,0.096454792960,0.045194593313,0.016914518886,0.008119215276,0.006139144656,0.024844942173,0.022742991080,0.003024959401,0.001215017279,0.000593206305,0.000258951414,0.000346501834,0.000924422259,0.005302188905,0.032984465013,0.093821920973
0.131507123594,0.648580803837,0.777878476279,0.033580361985,0.002919227290,0.003156934767,0.003687276031,0.001198410113,0.000262637149,0.000164786307,0.000302774191,0.000938097795,0.002187193057,0.002281875965,0.003257498151,0.006424481659,0.006096466730,0.010371811801,0.013522535711,0.003955898956,0.001140436155,0.000672335784,0.000541501325,0.000737596923,0.001303989995,0.003846064955,0.011872031856,0.022181920935,0.036344339051,0.036836117388,0.032261090193,0.029618223843,0.024781359078,0.029134556710,0.039480389977,0.034030533944,0.020537194215,0.011770259065,0.008467429730,0.006668502056,0.006739193014,0.011634205473,0.038816000430,0.102650761799,0.107265107346,0.044389131318,0.012627073790,0.004788768592,0.002761995348,0.024095798420,0.026679315924,0.002667924509,0.001382745694,0.000713878404,0.000234207337,0.000254295484,0.000580627457,0.003807092111,0.031628369117,0.102598182388
0.106874877126,0.518489790818,0.888947917436,0.053695209592,0.003063838760,0.002301219692,0.001888439438,0.000807364707,0.000261608926,0.000107525594,0.000128549926,0.000402058117,0.001185178369,0.001398936854,0.001139476799,0.002296312547,0.006671875760,0.014090542655,0.007943153114,0.002969727631,0.001643031780,0.001147568356,0.000825056416,0.000913020883,0.001376461444,0.003017588254,0.006742221956,0.013222557704,0.023014850881,0.021141623759,0.017453966457,0.018822395233,0.023499827692,0.034803242469,0.042023932807,0.035260352066,0.024515232997,0.017847986269,0.014502623601,0.009909142118,0.008409745242,0.011235069379,0.030074685289,0.076982983801,0.091809520976,0.038575537853,0.009915372153,0.004047618493,0.003877654378,0.012458956822,0.016617621610,0.006230854235,0.003618815989,0.001611786912,0.000317163878,0.000179077270,0.000546395214,0.005262978219,0.042595972376,0.105607143473
0.084670323141,0.296584384727,1.004936028245,0.106186479275,0.003013141622,0.000921335148,0.000421197160,0.000230306808,0.000157074073,0.000098273239,0.000110822463,0.000367527981,0.000998169866,0.001268552644,0.001084925512,0.001921099234,0.006134062253,0.008528582455,0.002911166321,0.002646738359,0.001981241870,0.001518132991,0.001319880402,0.001406961352,0.001619573357,0.002462960892,0.004213508692,0.008827333964,0.015886152938,0.012355385634,0.009174067968,0.011768453477,0.021801775030,0.042385133419,0.047900818108,0.037793625709,0.025219153576,0.018859834327,0.016602045285,0.013000571855,0.012971500566,0.016511946592,0.030569389183,0.058139783088,0.064468930139,0.028439535796,0.007705338899,0.003823879178,0.004255105357,0.014159339833,0.017096875985,0.007246460595,0.006171731145,0.002705539947,0.000440602321,0.000131472789,0.000577701327,0.007952543879,0.054834510462,0.097920412663
0.072469899658,0.186656036565,1.046080018861,0.175910756577,0.002453779148,0.000456761074,0.000177085709,0.000100205830,0.000093617302,0.000102984239,0.000215003381,0.001016661576,0.001739839992,0.001537548055,0.001544844753,0.005388701454,0.011193139159,0.005075925674,0.001859076419,0.001920435923,0.001329926983,0.001259721057,0.001451274254,0.001965365309,0.002368503984,0.003183063056,0.004829736232,0.009914464978,0.016121150009,0.010334010606,0.006641863006,0.009159721803,0.021144224913,0.046394356240,0.048611438882,0.036984289759,0.024563190947,0.020187321400,0.020352042867,0.017794131474,0.017736575502,0.019787239953,0.028331321715,0.044731580460,0.044274548361,0.018361175594,0.004584216078,0.002647375002,0.003772304843,0.014638428697,0.026153415083,0.008962797065,0.006332006712,0.003099706420,0.000482679169,0.000148409013,0.000645864492,0.009045903671,0.057379603109,0.086510118327
0.075475857521,0.145970256177,1.027022570087,0.260821138622,0.002532473533,0.000353444378,0.000166113708,0.000103352283,0.000092433794,0.000117148526,0.000240096073,0.001324329526,0.002030303795,0.001568441254,0.001916416182,0.004989421288,0.012674076509,0.010357822655,0.003536320568,0.002025600082,0.001171959914,0.001430558444,0.002587656545,0.004338724173,0.004251728657,0.004471178612,0.006431738523,0.012756862025,0.016705441123,0.008735537818,0.004842011079,0.007152181237,0.018719758108,0.041653865449,0.041771770119,0.031882347949,0.022339380089,0.021119274810,0.024071385537,0.025253019121,0.026693879835,0.027115129451,0.030836029819,0.035914083968,0.026289976357,0.009188992796,0.002186658799,0.001211787327,0.001855386249,0.006864019252,0.011976525296,0.006835054490,0.007135099129,0.003689862079,0.000741118870,0.000182488167,0.000575327409,0.006723092957,0.043205204782,0.075054002980
0.060336596197,0.162963500137,1.008851292178,0.212942320043,0.002072403847,0.000253064446,0.000145073708,0.000100975468,0.000093241062,0.000114507776,0.000244514281,0.002016226839,0.002461843097,0.001979681770,0.003104629014,0.006423588170,0.005769808923,0.002034687506,0.001002927917,0.000846403091,0.000912832469,0.001911699596,0.004389027773,0.006642761450,0.004720790380,0.003893822495,0.005592707740,0.011722478961,0.016186187154,0.009312010748,0.004638548635,0.005791652952,0.011847722191,0.026655258008,0.030085805854,0.026722645131,0.021014802883,0.021210949924,0.024525058490,0.028734445293,0.031307589272,0.027430835195,0.026989653180,0.026195750429,0.017018637005,0.005726202545,0.001321178497,0.000605989770,0.000596866027,0.002274891624,0.006981810519,0.006589242368,0.012096149912,0.003224329376,0.000507475671,0.000221260908,0.000838180843,0.006947687676,0.030163536920,0.048464892708
0.059117273039,0.194315562509,0.994442514940,0.282869658837,0.004281524539,0.000220810772,0.000137841105,0.000107292034,0.000104070001,0.000124497877,0.000222423867,0.001203782055,0.002114780851,0.001878163524,0.002951987704,0.011770225980,0.028199027498,0.012795118983,0.001561587694,0.000681835265,0.001051885354,0.003227818688,0.008203392167,0.010848788479,0.006403264863,0.004764653636,0.006920297019,0.013355301564,0.015480120877,0.008828659893,0.004390834340,0.004982009449,0.008384535181,0.018684895115,0.024384775194,0.026392908895,0.023083215841,0.024957102796,0.027561498791,0.032539771769,0.031416838200,0.023767079596,0.022150739363,0.020050167924,0.012255256931,0.004266185397,0.001001572316,0.000510427162,0.000804039628,0.001301277449,0.001573517721,0.003209463711,0.011515550259,0.009698751482,0.002338593693,0.000390246635,0.000490273563,0.003391640633,0.017321756278,0.037143284882
0.057921324403,0.238091230952,0.986477573529,0.233857401722,0.003515887943,0.000202895883,0.000123769457,0.000102740377,0.000101546959,0.000115355841,0.000157657717,0.000694646727,0.001538358603,0.001879159288,0.003052182193,0.006598052668,0.007193105554,0.002943495935,0.001268780582,0.001101732916,0.001647542435,0.004218149679,0.009354647270,0.011806081088,0.007911318750,0.007280980150,0.012191732302,0.021068666828,0.019564618149,0.009597475542,0.004383863589,0.004629162790,0.007005975631,0.014610605475,0.020898246237,0.026673969257,0.023523766198,0.023866385909,0.024443024539,0.030354587533,0.033031487307,0.026943009003,0.022468404052,0.016862134433,0.009006848983,0.002970485552,0.000785408643,0.000497574539,0.000958181677,0.003649258844,0.004577251429,0.004036879122,0.012358081293,0.010158120876,0.002065318240,0.000409657512,0.000399693345,0.001896215296,0.010387081511,0.026441992011
0.048123659765,0.367924772253,0.969661163166,0.113395775973,0.001362188817,0.000183293988,0.000129071534,0.000099577057,0.000098682278,0.000109910725,0.000197441082,0.001296320857,0.002067295104,0.001942219834,0.003804298473,0.006352970050,0.003192985139,0.001906945498,0.001635798430,0.001497478179,0.002166689640,0.005279430746,0.010068594880,0.011241300273,0.007822353078,0.008003794018,0.014009929464,0.021629490965,0.019792267291,0.010684214407,0.005498762842,0.005372882699,0.006246003839,0.010913401214,0.018262826190,0.025171677147,0.021828512153,0.020397745081,0.020191682162,0.023878685749,0.024482199756,0.019827369018,0.016821547648,0.014131785300,0.008648088682,0.003065299147,0.000798056140,0.000317101883,0.000737424616,0.004702554945,0.007375129801,0.004148249161,0.010305445036,0.005880634676,0.001335470156,0.000272764757,0.000166098718,0.000542541264,0.003003622864,0.010733065152
0.046438564243,0.522372531657,0.905135052323,0.076422084916,0.001169231236,0.000150002559,0.000144399634,0.000118169943,0.000114882926,0.000128581996,0.000245168224,0.001290543897,0.002413192775,0.002742970161,0.003605474586,0.003683970060,0.004113825557,0.003670653806,0.002991608217,0.002501896794,0.003672329556,0.009032471279,0.016477989377,0.016114213921,0.010967871408,0.011156797114,0.017899331336,0.022849903253,0.020146009199,0.013054830055,0.007683152986,0.006484159365,0.005968273357,0.009732310951,0.016609490128,0.021986100575,0.019444967651,0.018571622350,0.018967058892,0.019470890377,0.017045344231,0.014528846846,0.013641776229,0.012425651947,0.008046087588,0.002873512119,0.000727308821,0.000296277785,0.000813066958,0.004972403170,0.010692156042,0.008754813598,0.015683262715,0.009201982719,0.001402015427,0.000123936379,0.000064782063,0.000221506204,0.001471433448,0.006237179113
0.053745427477,0.534477537682,0.898377786385,0.058935941742,0.000593012107,0.000084572075,0.000090060623,0.000093443781,0.000108543500,0.000140674338,0.000506240526,0.001820117894,0.002233025575,0.001735716937,0.002254932194,0.003856557940,0.007201190430,0.007616511118,0.007103049290,0.005931625522,0.008135673375,0.017369063553,0.026696331818,0.021852254948,0.014002302674,0.013186956945,0.018974025437,0.022143020502,0.019615777290,0.014711515215,0.009352309895,0.007101637032,0.005864647319,0.009943504276,0.016667895292,0.018844814599,0.014873375094,0.014239107206,0.015416515019,0.014434639949,0.012099390600,0.011385407661,0.012069560653,0.010409682583,0.005813696692,0.002339498998,0.000706921455,0.000244133995,0.000336518411,0.001993323491,0.003882025744,0.004309104276,0.011235903878,0.008198795525,0.001987027705,0.000242089898,0.000066004715,0.000184196041,0.001279419051,0.006544952834
0.058130780151,0.711792514950,0.768064296279,0.033905774262,0.000438842350,0.000063431899,0.000064326841,0.000076254041,0.000098873847,0.000199109995,0.001428798957,0.003587262970,0.003372718787,0.002165764637,0.002263792231,0.003483984229,0.007130804633,0.009574696032,0.012784858195,0.013515126114,0.019519662003,0.031188988889,0.029894648476,0.016873320389,0.009901054456,0.009453341389,0.015036055717,0.020048108422,0.020542218698,0.018181290980,0.012394189710,0.009316347109,0.007296341877,0.010704623445,0.016314956217,0.019367664755,0.019637119872,0.019365545049,0.015766737444,0.010277632571,0.008146077334,0.007843389958,0.009223093852,0.007677617492,0.007239218245,0.004216033386,0.000869407933,0.000285842714,0.000543318326,0.004612728152,0.006371377623,0.003525457289,0.007743181620,0.010772418095,0.006139465127,0.001327492625,0.000232587812,0.000294239125,0.001234637303,0.005902708435
0.051201327650,0.739023879129,0.729245692796,0.023382427744,0.000293989733,0.000069895518,0.000076622640,0.000106876237,0.000147921947,0.000202787750,0.000801094152,0.001779155321,0.002100080847,0.001655154591,0.001444320194,0.001656712494,0.003739523028,0.006907857880,0.012833484683,0.016598576399,0.028440428609,0.042205430340,0.031302311548,0.013576917210,0.007206161525,0.006603508908,0.010060922632,0.013401308699,0.016766308562,0.019439000678,0.015447462538,0.013045262808,0.011116255342,0.014917505863,0.020712887624,0.027528459943,0.040333366685,0.041591937521,0.022403511278,0.010195739268,0.007212894336,0.006266067910,0.006747420484,0.005357643157,0.007445109909,0.006699224713,0.000904497853,0.000244465242,0.001235618732,0.008831704873,0.008726452386,0.006658627925,0.013863738910,0.012556923337,0.006040192897,0.002633205481,0.000817707637,0.000688020631,0.001657994978,0.004959177099
0.103928589663,0.916116765546,0.474756679342,0.012586252637,0.000256925766,0.000072339211,0.000078452402,0.000116843010,0.000186922801,0.000257433987,0.000716139487,0.001313261199,0.001451902286,0.001119313731,0.001002921887,0.001421275562,0.003206111932,0.005309785360,0.009599193878,0.013698085326,0.028820079140,0.050012434794,0.040122441144,0.016204581836,0.007768806033,0.006465795827,0.009605523543,0.013999694835,0.017989900547,0.019803732819,0.014726216378,0.013802460280,0.014380934128,0.019316940737,0.023913534351,0.031769307036,0.052398613996,0.059406892006,0.029951632216,0.011881715220,0.007494255331,0.005098738256,0.004045088105,0.002977987922,0.003853368552,0.005634250547,0.001613235782,0.001090092214,0.003893287874,0.011303398500,0.005976529564,0.006359975296,0.012620309203,0.014369853177,0.009308979385,0.006442102924,0.004220472855,0.005108437807,0.006852228756,0.011343625254
0.287385810772,0.954695241490,0.272683476914,0.003720653199,0.000105586401,0.000073465104,0.000080234665,0.000119670289,0.000200413917,0.000447888818,0.001100965592,0.001103421642,0.000765606840,0.000786037835,0.001074090688,0.001531655322,0.002180938342,0.002315997731,0.004535299725,0.010981501867,0.029914121138,0.053583169335,0.043878950376,0.016479638908,0.007094370765,0.004753406111,0.006430468814,0.012152273679,0.020301454038,0.026217163521,0.018701712067,0.014220883305,0.014097963200,0.019369874347,0.027281387972,0.042044356572,0.062346515544,0.061073783766,0.029464488031,0.011098570697,0.006817229962,0.004300803713,0.003057919100,0.002768010279,0.009260465786,0.016686370551,0.004582516533,0.001219558755,0.002387519454,0.005842878256,0.003609432589,0.008096013129,0.009606685095,0.008895913255,0.009126686002,0.015079150422,0.019581315491,0.025004574404,0.023869108425,0.045375713409
0.793743174200,0.644326608916,0.063797315552,0.001545358690,0.000179172568,0.000088272195,0.000094199320,0.000135941942,0.000202362030,0.000382016160,0.000777758219,0.001101528925,0.000954232727,0.000837018012,0.001314461902,0.002363581520,0.003279928569,0.002565562805,0.003926425375,0.009878310012,0.027996925397,0.048799235359,0.034355676139,0.009573401089,0.003597134167,0.002371750780,0.003891799311,0.011375781475,0.028038959418,0.046500090683,0.032140211584,0.016584097644,0.011790914917,0.015056448697,0.028755462143,0.058284015625,0.076704050987,0.055627539253,0.021606902388,0.006978994182,0.003966827419,0.002446529983,0.002133925348,0.003165289904,0.006255926528,0.004478442453,0.002251880820,0.001955295473,0.002298373974,0.002002341452,0.002174339687,0.006767428781,0.008276841861,0.015139856055,0.020510532572,0.024375942232,0.027047642885,0.032817706154,0.040502585288,0.166666635863
0.953313034070,0.319603563067,0.023921445468,0.001190682951,0.000281590954,0.000140143945,0.000122896403,0.000140061787,0.000189530501,0.000277622486,0.000519001518,0.000799327988,0.000667622243,0.000774659472,0.001315675836,0.002552039231,0.004306990763,0.003736251651,0.004915381374,0.009754570970,0.022397809964,0.034206016801,0.020605799863,0.005404633321,0.002368442854,0.001885507813,0.003626261196,0.012397283669,0.032473685574,0.054753807700,0.037886265473,0.017731181790,0.012025119017,0.015482827585,0.033256901770,0.069405468709,0.073380951838,0.040239185259,0.013184331694,0.004324392759,0.002700260827,0.001784270280,0.001717548207,0.002583022337,0.003802327821,0.003777242472,0.001611893621,0.000980676199,0.000484730623,0.000416605282,0.004865974095,0.016142708450,0.018460472388,0.022161058825,0.030963767886,0.046167328811,0.046211251148,0.048563654607,0.075164035898,0.351966781376
0.656024144922,0.051865072554,0.003175326749,0.000929778177,0.000539830557,0.000285257300,0.000182858696,0.000143605144,0.000156720247,0.000210130823,0.000351175396,0.000484249133,0.000624938947,0.001003933092,0.001527300167,0.002748356974,0.005416741613,0.006104577502,0.008896575865,0.014433273744,0.020250370400,0.016284144172,0.006154853824,0.001697412061,0.001390472489,0.001917475842,0.004834499359,0.019168206723,0.046106144031,0.067217908440,0.043632477579,0.019805226937,0.014163434031,0.018172747337,0.040000700343,0.076752722892,0.059814174172,0.021271262767,0.005316222169,0.001876807778,0.001615162900,0.001555444941,0.002101573595,0.004022830248,0.004191183161,0.002280905923,0.000600640950,0.000162094101,0.000172201086,0.001568774790,0.014073416385,0.031450034493,0.035786967233,0.040880201233,0.043400230244,0.053739725766,0.051316322489,0.066207561284,0.208942820416,0.824711842456
0.390822667533,0.035028177499,0.003125035125,0.000877373280,0.000546194957,0.000356992872,0.000240760795,0.000173907797,0.000182325394,0.000241955389,0.000417381980,0.000620435173,0.000883840404,0.001347836647,0.001786443763,0.002887115319,0.005870429180,0.007883122927,0.012467834600,0.016958668044,0.018366901200,0.011394176270,0.003798420079,0.001270887607,0.001372065276,0.002133985095,0.005905454653,0.022775214461,0.050596875910,0.076742584444,0.058874957140,0.029461652304,0.020363461951,0.021622484679,0.040360762883,0.070993627138,0.049608387847,0.015157741599,0.003636770485,0.001485492056,0.001463784356,0.001570533211,0.002027320486,0.006016122135,0.006196065213,0.003168622510,0.001139283865,0.000446729620,0.000795245273,0.005635357404,0.026660445092,0.051066094187,0.059851365612,0.079881072389,0.085889871774,0.080482032828,0.071796876332,0.128950592417,0.418320337066,0.901632078359
0.116543053911,0.031020071797,0.012173143556,0.004390547577,0.001830527021,0.000747134749,0.000332773940,0.000179869467,0.000197198362,0.000321862517,0.000658359666,0.001161037467,0.001557676919,0.001942631768,0.002266147191,0.003974212883,0.011295632174,0.018873295147,0.020411688102,0.012363829402,0.006192725583,0.003355013027,0.002120316487,0.001943412634,0.003466660248,0.007432185719,0.016886244963,0.042832317066,0.063538722785,0.083839476989,0.070182237003,0.043566057157,0.034248940848,0.037411449901,0.050948717250,0.058747317466,0.027313006236,0.007863870867,0.002727361301,0.002096194816,0.003225914422,0.004521884440,0.004687513499,0.005134635035,0.003624462964,0.002917297375,0.003313775429,0.005936092497,0.014465756226,0.035573578376,0.063291254394,0.066469291956,0.070651116486,0.100999211027,0.115246830305,0.115757163831,0.217902338918,0.574825545460,0.820919022758,0.401443770667
0.109352440734,0.056855313041,0.019774688584,0.005953480998,0.002538274550,0.001089941137,0.000417593925,0.000231581420,0.000324056495,0.000605347375,0.001092769068,0.001643376639,0.001874561047,0.002168571708,0.002648079018,0.005225641688,0.015818025096,0.021670464807,0.015277871112,0.006619685671,0.002973658565,0.002369935360,0.002862139559,0.004228811203,0.009129353183,0.022673651277,0.038677390206,0.063166862928,0.063987592213,0.074750269157,0.067007778042,0.049836535004,0.039070583204,0.035728841776,0.034091128049,0.034738103763,0.018264233208,0.007428814790,0.003578823504,0.003656183203,0.006783533329,0.009279496515,0.006997117389,0.005461467596,0.002831284852,0.003760074809,0.013206114172,0.029120362872,0.042607787543,0.056452908013,0.079583528246,0.088826094946,0.092386658394,0.109299848831,0.128033917527,0.215767058525,0.560240753387,0.836162539991,0.414983131072,0.169962438109
0.144406485387,0.099952580365,0.035155569435,0.009660509246,0.002964390389,0.000900906280,0.000364566669,0.000289289135,0.000616419901,0.001392398174,0.002231139491,0.002624450612,0.002300903168,0.002404914762,0.003305081791,0.006275295246,0.013359988628,0.012812409965,0.007269035348,0.003618327526,0.002382569229,0.003218367097,0.006361367101,0.012908860731,0.027255955392,0.057623823344,0.068362807070,0.075326370490,0.055940506562,0.060212790068,0.059566169077,0.049699136754,0.031495224543,0.018909708276,0.012714979149,0.014939381240,0.013417977891,0.010756704403,0.006947453738,0.006707695695,0.009105948460,0.010347093511,0.006425127375,0.003900198362,0.001911692300,0.006557745202,0.036051570764,0.073392112231,0.081592174053,0.072105122886,0.097204376631,0.105990164075,0.100709366045,0.123761493378,0.262474772767,0.676160052529,0.847677098052,0.308955530933,0.101702754129,0.093034255252
0.109663951389,0.121713845614,0.080284674618,0.020565847233,0.003072510353,0.000652384556,0.000431387421,0.000513291505,0.001396902394,0.002897257055,0.003852681552,0.004133668897,0.003448369601,0.003167640072,0.004010631698,0.005400338210,0.007228768023,0.006504938425,0.004826459029,0.004307603188,0.004923854204,0.009266639237,0.021143833900,0.039109493616,0.052911562818,0.070575284547,0.066047727626,0.068123102025,0.052944233411,0.059721108314,0.055693714452,0.034865175171,0.015341427618,0.007189230543,0.005852464824,0.010580716893,0.015800923775,0.020687071355,0.011232460440,0.007005654772,0.005784565206,0.004861707998,0.002825243623,0.002195733731,0.004497622791,0.019879188162,0.060576596720,0.114366838747,0.125730162898,0.100595856029,0.112723863193,0.115109963797,0.148037818788,0.376122718997,0.860452581557,0.733341329447,0.265523771927,0.123915407990,0.089359850734,0.097304433627
0.134882483310,0.144230303111,0.078112650687,0.013855681915,0.001708117456,0.000631534127,0.000808044355,0.001373882515,0.003439089949,0.005219839580,0.005535504794,0.005945364736,0.005872625057,0.004548526809,0.003533260430,0.002688472863,0.002884974889,0.003629959332,0.004663057176,0.005906163983,0.009361580286,0.020930308183,0.047526580590,0.070918845959,0.062622422623,0.056916424793,0.050904691557,0.067448530744,0.071648344804,0.074772017065,0.044610229843,0.015536220392,0.005800646462,0.003414449188,0.004995636590,0.014571616932,0.041932143976,0.025515498908,0.007657852657,0.002773346179,0.001263676005,0.000965959144,0.001112001162,0.005371040523,0.021393228550,0.039289934312,0.062543810889,0.123850395538,0.157610682536,0.133240752238,0.166895362887,0.252638127184,0.448886528860,0.893259705862,0.578160454874,0.185302699807,0.088713391442,0.098458752194,0.127667847022,0.105666420105
0.181816115977,0.116772267767,0.037638579632,0.002908182335,0.000690006632,0.000665652810,0.001157139014,0.002109087862,0.004184764464,0.005591813602,0.005962711027,0.006013909024,0.004876205231,0.002578412386,0.001669809614,0.001446842172,0.002073504363,0.004023263217,0.011244696402,0.012781801356,0.018998618422,0.028891635382,0.039718720497,0.044116768280,0.045567095104,0.050007627755,0.050902593179,0.077881474990,0.080482691034,0.059490612546,0.025850050519,0.007644018535,0.003755303251,0.003202337015,0.006312537857,0.016287003742,0.020317385459,0.009811003115,0.001716938047,0.000400680727,0.000198133363,0.000402712682,0.005149512571,0.043368215950,0.071558821238,0.072433561979,0.066467380307,0.110849910419,0.162573414581,0.255576590105,0.461086972069,0.644700288099,0.493888957416,0.317521168986,0.140902297824,0.084565743104,0.072633733549,0.076349075183,0.107745455779,0.137472400713
0.159378734307,0.046596919364,0.006111079819,0.000587714608,0.000394693592,0.000490255378,0.001087234962,0.002464262897,0.005025383318,0.005593858001,0.004052466758,0.002556047086,0.001737390468,0.001292585083,0.001376326523,0.001780479007,0.003451071802,0.007690950049,0.025439122360,0.027259460963,0.018117595607,0.017954506126,0.022444289210,0.033889018167,0.111030400616,0.077593966232,0.055550082896,0.082978483102,0.074453502893,0.047654168888,0.022840045783,0.009005342114,0.005774521250,0.004975458878,0.006705793955,0.010474458247,0.005633887071,0.001268202136,0.000257411928,0.000100669375,0.000129674442,0.000649779823,0.007930899698,0.058264846860,0.095679431373,0.107594678269,0.095666523561,0.154809834449,0.320806005755,0.605877668505,0.566374946481,0.289938696357,0.131869604447,0.114782506672,0.109897480259,0.087205704948,0.073841149315,0.056642326077,0.078217428363,0.134634712521
0.071156648894,0.016231768299,0.002160293620,0.000426981437,0.000349282411,0.000415624276,0.001020398989,0.002297487800,0.003536530270,0.002170330064,0.000835658467,0.000462170402,0.000455216651,0.000732121818,0.001626218020,0.004172164589,0.011796450918,0.020938376131,0.026537401887,0.024936912529,0.024721814345,0.021295498607,0.035143450884,0.102995500894,0.118766526004,0.067844874459,0.062351015408,0.077676287088,0.054084375055,0.030618242662,0.016099700867,0.008607507483,0.006643875065,0.006355349023,0.008054040719,0.010121827075,0.007074446203,0.002127539976,0.000613163763,0.000577629845,0.000977662279,0.003640325036,0.016724490998,0.073800574544,0.118406640092,0.130797072999,0.190011021211,0.446757780794,0.691584947494,0.422118987656,0.194480899305,0.124073008270,0.110278069377,0.098890092927,0.110177309777,0.092247766804,0.050332299006,0.047176354138,0.084846927095,0.110939602958
0.026337840195,0.010252208001,0.001827551273,0.000538146467,0.000450696189,0.000528397590,0.001210933763,0.002039915189,0.001904991254,0.000745817058,0.000293939584,0.000235668041,0.000338648007,0.000814502846,0.002781186190,0.009464824737,0.020311164774,0.018701677348,0.014080560433,0.010120416841,0.011550958969,0.028365417240,0.100835011504,0.053398909799,0.047340722394,0.084029494778,0.070641014376,0.061223723371,0.032383953248,0.019117582618,0.012103613059,0.009631939436,0.010254986106,0.011809989151,0.015080613985,0.019190454005,0.015318576533,0.004551764209,0.001465781085,0.001129208917,0.001218048741,0.003001138945,0.018265575634,0.069528347713,0.134402191899,0.241388949225,0.588470763248,0.681957160654,0.310434213174,0.111153791910,0.090508317430,0.104925385684,0.098958323711,0.087565013281,0.096597946778,0.061861284903,0.036558102510,0.033636443028,0.033968435679,0.033877773639
0.009047325963,0.006890276351,0.002616944248,0.000926521799,0.000730960515,0.000759390344,0.001197797796,0.001304023094,0.001003121379,0.000488325906,0.000304872376,0.000371291080,0.000739183271,0.001972933639,0.005608141949,0.011733686863,0.015170514709,0.011365790457,0.007820440386,0.005380575262,0.015890263812,0.041874549073,0.018763144947,0.015704574219,0.043997679616,0.097281765135,0.080301510610,0.066453296456,0.032075020772,0.015858808030,0.008463779734,0.007662818081,0.010677159916,0.015703971677,0.020652581163,0.023179935928,0.023746644050,0.016312591208,0.002236551893,0.000745520327,0.001511745954,0.008154126983,0.035651146789,0.105984242248,0.256900861368,0.545841278621,0.735308609253,0.334532606147,0.128428449218,0.078182986359,0.074434618040,0.076089995085,0.066269255136,0.060881005754,0.047088531064,0.038058061469,0.038033838893,0.013264719650,0.002697208041,0.004200220329
0.005659002139,0.008469257530,0.003391969821,0.000896791310,0.000692856940,0.000630800940,0.000647409833,0.000529223145,0.000460403276,0.000372276364,0.000398064001,0.000786711645,0.002090226972,0.004937785819,0.008280780044,0.008541180706,0.007964303736,0.006201926051,0.004543766031,0.009845164860,0.018703772439,0.003625933635,0.003835476468,0.013325588999,0.035360612470,0.075861450928,0.071797799281,0.068212343224,0.032851003730,0.013570081428,0.006563136988,0.006513322439,0.010350729498,0.016994878527,0.021963999770,0.030561929117,0.055861813533,0.010398724326,0.001000734351,0.001073104723,0.003058691825,0.013961237541,0.041632565934,0.189370487944,0.677775322105,0.669504747521,0.312124041485,0.134388938927,0.079805173629,0.058299833743,0.043645998160,0.046296125269,0.053446611217,0.060149943439,0.034650983091,0.021029249915,0.006295890960,0.001223277171,0.000370168417,0.001117101328
0.006763561912,0.013259681343,0.004864446456,0.000778857107,0.000519539344,0.000426426445,0.000319904952,0.000221748059,0.000235535293,0.000343295251,0.000660753761,0.001756913100,0.004111572988,0.005676737132,0.005299700536,0.004119938684,0.004190231657,0.003897776155,0.006927733336,0.014207969717,0.002632573706,0.001377082367,0.002921733854,0.010118217728,0.022729889870,0.050193989377,0.059138780277,0.065540312259,0.029744151557,0.009515851727,0.004307269206,0.004848402656,0.008924305471,0.016566631497,0.020967315774,0.037723740989,0.063836156304,0.004831028834,0.000613135662,0.000895665052,0.003257703105,0.014471545241,0.060999015167,0.459533258569,0.867833681151,0.296373177648,0.095848418773,0.073702860228,0.060582867872,0.044953944982,0.026062252770,0.023895776457,0.035116110891,0.044832991748,0.012412878028,0.000718965298,0.000072400578,0.000065302465,0.000095754309,0.000524972929
0.016419832619,0.034495629460,0.014685966725,0.001039054949,0.000371000042,0.000270784223,0.000191974618,0.000150050524,0.000226614256,0.000505589693,0.001147873696,0.002475702162,0.004319864370,0.004115635503,0.002979528746,0.002251160286,0.002505085726,0.002680938037,0.005757974936,0.003320589958,0.001343301861,0.001391078705,0.002924277437,0.008998453578,0.018195772788,0.040189699748,0.051047245609,0.056106083163,0.024339710867,0.007110606394,0.003117625163,0.003842327473,0.007646948461,0.015032234575,0.019072807586,0.032991437309,0.027004192294,0.007062633606,0.000448839976,0.000812550752,0.003991239389,0.020456260369,0.145072571004,0.821128094955,0.622255090026,0.140948155618,0.058096435254,0.058215291994,0.040117052281,0.023392306089,0.012712082870,0.014489036874,0.024245813040,0.022519172847,0.002581357448,0.000191115036,0.000075672721,0.000065879572,0.000105631311,0.001125341009
0.020749137377,0.032684507877,0.016368422292,0.001599411776,0.000348391649,0.000197961210,0.000169473338,0.000219384927,0.000533687354,0.001309730706,0.002200782808,0.002746914553,0.003331346847,0.002372580381,0.001651675911,0.001485989169,0.001859422084,0.003022000286,0.004885297575,0.001386974706,0.001213454125,0.001466828645,0.002965429815,0.007935153106,0.016478002982,0.040875179528,0.058788149142,0.057909599128,0.019171107916,0.004218742244,0.002006421004,0.002906667540,0.006326216290,0.012342870835,0.018640879133,0.045529923001,0.013701515905,0.001848126479,0.000330742060,0.000911935263,0.004977304787,0.030379016901,0.326759807935,0.987309181927,0.323322000660,0.060719177737,0.035719183803,0.044858130608,0.027338758877,0.011038597964,0.004998813542,0.007248160359,0.012557627259,0.009439553679,0.001316491459,0.000175378626,0.000114130436,0.000111798752,0.000281885330,0.002375785455
0.022453454489,0.048967982247,0.025158743877,0.001982419827,0.000302320496,0.000144166841,0.000175607761,0.000382165996,0.001069733711,0.002131147622,0.002457207940,0.002187511356,0.002264757893,0.001524540159,0.001152325966,0.001108549025,0.001418993341,0.004116744018,0.004076449627,0.001053247564,0.000993495228,0.001324948647,0.003104127968,0.009375963675,0.020310568550,0.045274156448,0.060891090558,0.051048961515,0.014056712614,0.002841415090,0.001558318919,0.002279525672,0.004969552905,0.009151618416,0.011486338687,0.015775252827,0.005545372843,0.000580393440,0.000245873931,0.000731870974,0.004320883338,0.039621403515,0.568868119935,0.920202356562,0.156966672708,0.026989216939,0.017982190160,0.019272686580,0.011191999770,0.006024552672,0.003652280405,0.005153561508,0.006432931760,0.011454042265,0.003651576622,0.000930083094,0.000346209079,0.000082551842,0.000153597029,0.001652095618
0.017428002726,0.056230220814,0.039734983738,0.003232715861,0.000510632283,0.000222682538,0.000331833539,0.000795009308,0.001839702611,0.002683916912,0.002384891597,0.001380653177,0.001262806501,0.001008690186,0.000860163058,0.000805950885,0.001000329746,0.003945727126,0.001989999864,0.000687362809,0.000782139842,0.001308292202,0.004127901369,0.013637078346,0.026167167671,0.047600621168,0.057002163470,0.042586357746,0.011718718489,0.002494753856,0.001252818862,0.001635148000,0.003329151304,0.005597929018,0.005964963380,0.005119365911,0.002174996772,0.000386348737,0.000231130290,0.000639358016,0.003314122670,0.039434049226,0.731128844679,0.829544546600,0.083689101657,0.010868212720,0.006186087404,0.004937960997,0.002666699355,0.002397003062,0.002480320056,0.003952858648,0.005575217186,0.004266231215,0.001288539827,0.000490778473,0.000142372573,0.000087418921,0.000178944519,0.001289908152
0.016705752313,0.052431698546,0.037712561990,0.005055348718,0.001548051816,0.000742935963,0.001006386296,0.001749875185,0.002552424824,0.002345915256,0.001530911332,0.000719960479,0.000602271275,0.000567427806,0.000584633920,0.000581694545,0.000802702258,0.008356445853,0.007122313959,0.000822414417,0.000863972961,0.002061764629,0.009140616169,0.028361951977,0.038874544635,0.053366204903,0.056106621186,0.035354248374,0.008493311515,0.001815712779,0.000792414235,0.000921509519,0.001908756143,0.003415735410,0.004969844121,0.005609351529,0.001086169130,0.000210303442,0.000156854576,0.000406675303,0.002222493332,0.043346751693,0.828475901014,0.751861985580,0.070612622540,0.008355073303,0.002760533721,0.001125935140,0.000398649259,0.000536933971,0.001348688789,0.002201141087,0.006676322656,0.011074847292,0.003993308042,0.001120756623,0.000244485092,0.000148387543,0.000262313678,0.001403652092
0.011453016003,0.035615527159,0.037384030244,0.009072981434,0.003057504482,0.001175302817,0.001101812096,0.001462818708,0.001806082129,0.001377971194,0.000829000519,0.000571108901,0.000712820674,0.000768139918,0.000733734031,0.000635750856,0.000817408916,0.007154982780,0.003616047586,0.000751021240,0.001340692905,0.004326472398,0.017474623122,0.039766950699,0.041575139061,0.047460959731,0.047881332050,0.036147701690,0.011012783648,0.002304935264,0.000754374591,0.000665292099,0.001149490285,0.001921126976,0.002300568332,0.001304355300,0.000328365827,0.000105102887,0.000073133244,0.000145905569,0.000892032981,0.026793265550,0.657709888943,0.855866988518,0.106604809506,0.013040013873,0.004577933207,0.002429515825,0.001065184823,0.001253297723,0.002915723100,0.003341298291,0.012398822120,0.011359913606,0.001691095754,0.000493771045,0.000326970957,0.000237685819,0.000380707492,0.001390415163
0.004921046126,0.018646420837,0.031715944402,0.010469585188,0.003100245834,0.000880385653,0.000557401544,0.000562046442,0.000694133265,0.000582108654,0.000402845382,0.000406823264,0.000742869326,0.000988826627,0.000911171272,0.000696299885,0.000678493582,0.002259478781,0.003719760171,0.001014888041,0.001777741479,0.005951475987,0.020803480860,0.037752931068,0.036088065492,0.041231593673,0.042682105812,0.041610188818,0.016836978073,0.004075543142,0.001307388163,0.001054452360,0.001615407618,0.002546342707,0.002888481640,0.001660279999,0.000503010353,0.000152808158,0.000094086841,0.000173556331,0.000914366569,0.014488543156,0.377795364504,0.971789025828,0.219483755954,0.026077109730,0.008420827447,0.007132371197,0.004082243330,0.001888441995,0.001725897891,0.003747969301,0.009612559592,0.023554918836,0.005037275949,0.001263455593,0.000654350649,0.000279773065,0.000320967549,0.000703008117
0.003092218286,0.011379888716,0.024324320079,0.008396283602,0.002071384035,0.000677694226,0.000395065601,0.000281618305,0.000267657705,0.000248773599,0.000240646169,0.000404315747,0.000864135472,0.001372358065,0.001351993987,0.001009580844,0.000950940036,0.002420453316,0.007572269010,0.003372577701,0.002345936651,0.006378068471,0.020652400324,0.036189394994,0.035208904140,0.039879758506,0.041214461270,0.049748898068,0.024650138354,0.006646693992,0.002228533608,0.001650561183,0.002179270076,0.003235214656,0.003859925305,0.002372381296,0.000769444611,0.000264707589,0.000159912648,0.000291569960,0.001445139558,0.012809547902,0.196153056506,0.918281562011,0.488430669521,0.068259630032,0.018087496299,0.014007740130,0.009424377465,0.006916569269,0.006759473693,0.010341101883,0.016520333613,0.029977124669,0.012680018131,0.000963110291,0.000271680938,0.000254236385,0.000285530366,0.000487101821
0.003965201608,0.010393647803,0.016996479160,0.005728135453,0.001547712560,0.000671474178,0.000435994788,0.000285208630,0.000255312389,0.000248398921,0.000273667206,0.000491217567,0.001023836545,0.001806656524,0.001998088672,0.001477398575,0.001215571561,0.001104968898,0.004620063027,0.004554351481,0.002372402058,0.005500233003,0.017155612752,0.034646267169,0.040884030359,0.048393961622,0.043936136535,0.053070948885,0.029994379303,0.010354278025,0.004026063163,0.002791768368,0.003071460636,0.004105230811,0.005034559736,0.003464534432,0.001244465664,0.000506703014,0.000331215841,0.000652890027,0.002881062263,0.016592902047,0.103044091661,0.633642807777,0.800719860405,0.203804001202,0.052637476103,0.032104079161,0.026430682187,0.021219297211,0.012100237167,0.009522843950,0.014207871464,0.052356167891,0.035720301252,0.002724926009,0.000247345361,0.000255852338,0.000406353336,0.000750431914
0.005272273989,0.006675162451,0.010558796669,0.005435284731,0.001612370137,0.000880210685,0.000715741242,0.000466026565,0.000392372969,0.000341187565,0.000357410964,0.000623735775,0.001147421956,0.002093329541,0.002664877559,0.002010185332,0.001388382879,0.000867253671,0.001115571074,0.008489803829,0.019452248400,0.005527599577,0.012808030651,0.034980975239,0.056444164346,0.068759012163,0.049204256761,0.050792108000,0.027765808593,0.011226217352,0.005561807037,0.004239804776,0.004304061766,0.005192818536,0.006031782700,0.004102548174,0.001756570549,0.000873486713,0.000684913008,0.001620451539,0.006949425502,0.031002084746,0.079674012404,0.270763311849,0.796639347636,0.554727851374,0.198511781384,0.067486096662,0.038311996846,0.033494690330,0.023466179436,0.016950254765,0.012769476496,0.014223038848,0.029734898486,0.056282958588,0.001504963379,0.000298142901,0.000609803210,0.001419796847
0.008395675493,0.007735405617,0.005857645561,0.002499255817,0.001129457800,0.000792680483,0.001001750116,0.001142993188,0.001354014607,0.001178732354,0.001046344875,0.001189119602,0.001299531898,0.001812862961,0.002386692193,0.002063171674,0.001437460395,0.000816402598,0.000643531646,0.001288906678,0.011560562624,0.010794915331,0.012447721660,0.040255164078,0.083076954627,0.101292486487,0.058838411760,0.050688540187,0.026067451492,0.011473357717,0.006965550196,0.006205415675,0.006643673910,0.007766798408,0.008851924700,0.006572940242,0.003229547467,0.001811626892,0.001385901276,0.002653456083,0.008686109529,0.038349803903,0.108807312903,0.235768980893,0.461146379682,0.638620509166,0.567089256843,0.223928278244,0.084582220433,0.058135400359,0.048981406027,0.030936295213,0.013919643290,0.010566477874,0.013956249517,0.055065740890,0.010978779157,0.000995530597,0.001302225690,0.002931018382
0.005511154664,0.004254495345,0.003541321270,0.001969440055,0.000956997067,0.000645328986,0.001084132189,0.002471865966,0.005236662171,0.004884566486,0.002605225952,0.001140517517,0.000631107547,0.000656908748,0.000928764714,0.001221651253,0.001329098574,0.000864820254,0.000607477522,0.000583090365,0.001277289799,0.004955979132,0.013018857213,0.040222370896,0.084604700058,0.102044434752,0.056743395491,0.042673864879,0.020079798862,0.008725594167,0.006072221306,0.006279110727,0.007478194819,0.008904629862,0.010397455503,0.008751034406,0.004776702659,0.002495537033,0.001642671292,0.002473749643,0.007600857104,0.039613392643,0.127660716729,0.210603805510,0.192631214614,0.250395706287,0.619031727270,0.655413993594,0.273145918850,0.092656916238,0.051070800108,0.027643927393,0.007513104239,0.003128190662,0.002978808957,0.006534536278,0.020911441181,0.030463662274,0.013937072256,0.006862030056
0.004039724805,0.002355558948,0.002519717019,0.001892736936,0.001065561324,0.000714503170,0.001043147865,0.001996976346,0.003749943196,0.004842593971,0.004043615220,0.001787167724,0.000615747943,0.000411862264,0.000494968653,0.000804756722,0.001281798302,0.001131580874,0.000855900904,0.000724620855,0.001205830428,0.003886121726,0.014175955087,0.041311314906,0.071356313523,0.087697346544,0.054973163812,0.041937438787,0.019342274145,0.008663196741,0.006587455088,0.006858919318,0.008627433195,0.010921841054,0.014968691769,0.015813635572,0.010484850386,0.004814652055,0.002048474758,0.001850542624,0.005204499215,0.031321749523,0.107848649315,0.204782831447,0.196759408919,0.169920242086,0.289938911417,0.588387241327,0.628179028197,0.326185536667,0.103176187827,0.028661612638,0.005638477246,0.001583944103,0.001506279236,0.004125855740,0.016905383573,0.043651254451,0.041904771281,0.017621921005
0.005333484030,0.001531979833,0.001565399455,0.001394852581,0.000970916934,0.000683959127,0.000738191114,0.001062668640,0.001714072260,0.002549633904,0.003347767787,0.002217870884,0.000863223433,0.000488289942,0.000480360349,0.000796381803,0.001539034985,0.001737186427,0.001610589715,0.001429684634,0.002306094999,0.007110786580,0.022544284661,0.051898313636,0.070104751680,0.074946190342,0.047329065376,0.039484346801,0.021237342868,0.010822095226,0.008039104269,0.006935677510,0.008716809408,0.012421217542,0.022103366532,0.029693030618,0.022731635452,0.009021128972,0.002653807283,0.001272069238,0.002344611652,0.018792870710,0.079799525905,0.171811640062,0.201156354359,0.185531750461,0.219353935264,0.393147211131,0.561500254109,0.571519475805,0.333364881715,0.094720573613,0.016014523596,0.005642063663,0.005724966427,0.010499100613,0.025583332881,0.045790016905,0.044023612528,0.023860566331
0.008843212923,0.002064702162,0.001516563315,0.001385549872,0.001125934398,0.000875740379,0.000920200011,0.001260965825,0.001940660881,0.002608507295,0.003397531690,0.003077561457,0.001928859058,0.001242310073,0.001033974718,0.001247723614,0.001831775198,0.001964394320,0.002064901871,0.002100838395,0.003826398896,0.012654319747,0.040349623267,0.080539567842,0.080884702225,0.064137681432,0.036636143592,0.034748015406,0.024248441487,0.015065910117,0.010470412591,0.007106523606,0.007730220130,0.010660476232,0.021831982960,0.034678722225,0.030748208670,0.012266593145,0.003212116895,0.001053753107,0.000783127151,0.005503651550,0.053719152940,0.158639391773,0.172312318134,0.172687282533,0.199291233986,0.344670236683,0.445369236995,0.449610365905,0.519739387291,0.401304973462,0.132351775159,0.055261221998,0.031601257502,0.024340970811,0.028354921026,0.035793019988,0.034641288099,0.026017275053
0.013032520273,0.006702438768,0.004928244977,0.003122618551,0.002123295255,0.001451994458,0.001309094427,0.001541467000,0.002158430525,0.002603295850,0.002823788790,0.002753416847,0.002156841866,0.001816933401,0.001887191764,0.002212846343,0.002574466360,0.002061573671,0.002271877600,0.003029706517,0.007305864844,0.024927818824,0.066688348405,0.102227814862,0.085209605052,0.059863278174,0.032743435458,0.034424824609,0.029942808265,0.022422508007,0.014564904817,0.008071709166,0.006343514675,0.006595514720,0.011313485624,0.017917450809,0.019538586580,0.011792550357,0.004626847408,0.001703205902,0.000874771536,0.001335062233,0.012203960895,0.069107759244,0.139882216545,0.188727203576,0.235972751020,0.348565571616,0.343398471168,0.314950109342,0.439231562814,0.544321736086,0.328870118884,0.186762442420,0.109966364549,0.076608233635,0.054332146358,0.044539107001,0.026863299953,0.019942358672
0.008758803015,0.004849419100,0.005476071732,0.005357200371,0.003964320559,0.002407116434,0.001814156480,0.001846394962,0.002600707416,0.003591703185,0.003396078943,0.002860528119,0.002359356881,0.002082622537,0.002561252418,0.004021597365,0.006811858901,0.007164068031,0.011241371788,0.015689039144,0.028512923579,0.052463165049,0.075525179290,0.082988757529,0.079191169239,0.070017693357,0.041931849738,0.044051821486,0.038906282288,0.030815642618,0.018686202368,0.009034132555,0.005535552276,0.004679677795,0.007064769727,0.011421234031,0.014059983306,0.011658736452,0.006620053233,0.003298695764,0.002088320807,0.001819201797,0.002346031733,0.012812361759,0.059397179288,0.149246529992,0.247040529520,0.346380137726,0.283873519692,0.277640348743,0.451404298491,0.587502049186,0.333290362202,0.200875560099,0.145689729466,0.162416349960,0.164167637976,0.145750147242,0.062068588559,0.023236745973
0.041088354980,0.028595809615,0.017357289339,0.010248324301,0.006940927102,0.004098463811,0.002991183050,0.003059048064,0.004301485822,0.006209893387,0.006503441423,0.005567795939,0.004498297701,0.004394911862,0.006804117302,0.014015623863,0.026444676703,0.025013329715,0.031843927909,0.041297904790,0.065891958868,0.097455298755,0.099765782542,0.077509980382,0.066993921781,0.061102936719,0.041591903050,0.042951414444,0.037240964070,0.032264692648,0.023415348278,0.013162086510,0.007722613677,0.005592495600,0.007033701134,0.011525540895,0.016803489140,0.019458670367,0.016261221133,0.010803868911,0.008134943978,0.006222833373,0.004340352755,0.006467857664,0.022713669398,0.117755258658,0.226797098760,0.250106869804,0.209406133557,0.274548463065,0.455339472759,0.541993645736,0.361288713002,0.323407259362,0.305964490665,0.334551245464,0.281477437999,0.177050219924,0.066406189809,0.045105202901
0.180617192947,0.096219175333,0.038304256083,0.019286914925,0.012493104655,0.007796359599,0.006253130589,0.007164445145,0.010610199702,0.014118988270,0.013355218268,0.009993349067,0.007114446962,0.007329338945,0.012658681987,0.032631303402,0.071635934139,0.069774414491,0.076168542864,0.091508851722,0.115754015263,0.132513698408,0.107815575701,0.066858715605,0.047836682560,0.033276304494,0.021589880819,0.023093850664,0.023266044361,0.025575748341,0.027849983327,0.022766522403,0.015069699812,0.009752520458,0.010205662244,0.017177954961,0.029071249199,0.039282701438,0.037898074939,0.026358622687,0.020689303031,0.014666414820,0.010006757173,0.011574491929,0.015541803301,0.039305656164,0.097305817496,0.156023380873,0.145969987889,0.184870882444,0.343705257293,0.501000618889,0.380564414513,0.335277818161,0.458207697715,0.562658103081,0.361129427152,0.230823916106,0.154627689927,0.174289523932
0.260840278476,0.125834347675,0.059726306165,0.033206573897,0.018458214208,0.010689243302,0.008744526490,0.011176124757,0.017432299462,0.020484020100,0.015662090719,0.009787247645,0.007290787571,0.009006311503,0.016800109192,0.046255726420,0.111395229551,0.130341180528,0.129524047411,0.120864300146,0.098060825972,0.098169766009,0.100561937427,0.077715029256,0.050655689223,0.024300569284,0.013236813053,0.014129569647,0.017935998555,0.024723309674,0.035991682899,0.038381855338,0.029376421305,0.019635653355,0.019443347899,0.033275693996,0.052996481828,0.061674195802,0.055630130003,0.040798284977,0.039160984876,0.030904384219,0.022407782606,0.020862182921,0.019522310487,0.017808462308,0.022484921272,0.029999698044,0.052158373021,0.100478134969,0.230986337762,0.348118516598,0.316191963417,0.281587763241,0.392281392258,0.565690271849,0.509664955933,0.432490327213,0.324935946093,0.313118740836
0.182511316317,0.099884935315,0.091546146102,0.074661306873,0.031732657581,0.013388787444,0.009592285723,0.012691720568,0.019322373045,0.021366286103,0.015913159938,0.010504018234,0.009206365424,0.012328602381,0.022251142789,0.055239285255,0.116683748174,0.146670596815,0.135944254517,0.105229302505,0.067656827721,0.074225836218,0.106163883472,0.100866374507,0.054717895730,0.019296653408,0.009621336092,0.010546860897,0.017085251188,0.028154790415,0.042775384991,0.045655133009,0.039161090352,0.034990844207,0.038933093204,0.062433301115,0.079287697463,0.077607276527,0.074183630645,0.064144905582,0.073615241863,0.058135779082,0.039835442255,0.028833573625,0.023913201876,0.020441552825,0.025890306483,0.030174405456,0.046045870974,0.090707392711,0.190408495345,0.228524222372,0.190575299150,0.168992716563,0.231123626444,0.364328862428,0.464212915364,0.588941441464,0.512856760862,0.338710678751
0.194109832263,0.149779199037,0.156272566741,0.129585724086,0.054959457071,0.026537371321,0.012219030576,0.011047694865,0.013185388510,0.013647047581,0.011156198286,0.009061500989,0.010012957575,0.014771598895,0.025406691602,0.053874491477,0.100252508806,0.123007990255,0.116687025820,0.096076089291,0.064820284012,0.066336689446,0.085983695626,0.087450693855,0.052910956375,0.020717381761,0.012720049367,0.014886881708,0.025619059379,0.043692110083,0.066754029021,0.076579285509,0.064605158535,0.053481892539,0.045277334447,0.057012134200,0.079373404621,0.100448377465,0.125803808993,0.110433059083,0.097971886048,0.055317439306,0.035148527623,0.027670368604,0.031039576746,0.035074931938,0.046283638003,0.049676126832,0.057802046894,0.085444482520,0.161436442832,0.191037156556,0.149949368854,0.126923545624,0.155025126036,0.216453444683,0.332475182964,0.555075634501,0.490000381831,0.305872351012
0.207034861608,0.178071656075,0.206593872061,0.213851777797,0.129292421836,0.092149556999,0.039956714052,0.018310360798,0.008015906056,0.005596464661,0.005117630172,0.005483692728,0.007775958852,0.013371661286,0.024451421090,0.052642978045,0.099574744200,0.120332654696,0.098807900060,0.076960317441,0.057313217683,0.060074319215,0.071294864577,0.065440495664,0.048691861264,0.034419172158,0.031717594024,0.035806728210,0.056295069102,0.089386379911,0.120961803608,0.125390542603,0.097656907072,0.075683470683,0.064824939075,0.071842136363,0.088119892693,0.103452336579,0.128622969221,0.112068081735,0.093911106912,0.052114271339,0.034411922501,0.025388835906,0.028576707363,0.036500511622,0.057546915042,0.074180975937,0.088256716121,0.101170145515,0.138844052355,0.150093480202,0.122591806195,0.112919815744,0.144864569899,0.199674057450,0.295076313466,0.465034169818,0.438797713877,0.310500248114
0.230984467249,0.196910155609,0.218116234076,0.256820267849,0.203947145101,0.163659521115,0.078993272810,0.040775692364,0.016238794104,0.005730854738,0.003038001177,0.003232912819,0.004989909081,0.010487395654,0.024738547013,0.063555281409,0.104234809757,0.105807007110,0.075007203160,0.058233833196,0.050897485745,0.067531159750,0.084276314737,0.076479751330,0.058155768747,0.045542651964,0.052706953895,0.067474523425,0.098372135835,0.126629918495,0.156994175815,0.148839012453,0.106436842823,0.080933967893,0.075469979749,0.081768219330,0.101651063491,0.113005663426,0.108410709031,0.075102342215,0.059116667033,0.038272442868,0.034374663414,0.025692196351,0.026340832742,0.034315794395,0.055852375439,0.079910144565,0.103648102191,0.114092901862,0.124320998095,0.115856510564,0.092680629425,0.087059434059,0.118189231710,0.186127467602,0.270227752015,0.425016314863,0.409181545143,0.324401553764
0.214698482849,0.195745684362,0.234551591160,0.289109701487,0.241094933613,0.195348184509,0.099424285631,0.046491254555,0.016820556098,0.006716132919,0.004771486080,0.005723696592,0.007945712470,0.015971305358,0.038337494076,0.091463517529,0.119642665951,0.120867703341,0.117456468875,0.101210547619,0.077181742966,0.082374492065,0.092697832821,0.098501209853,0.098311928123,0.083876683195,0.089395986588,0.089910968005,0.112814684885,0.144307804193,0.188150913352,0.176385885013,0.140226722515,0.126094172966,0.123836276038,0.117130338063,0.128235429321,0.147190122200,0.134884248203,0.077459072115,0.057370383150,0.042840929437,0.061919688185,0.087044516809,0.079807959453,0.079030091679,0.090917554489,0.111690426476,0.125609823509,0.114918518589,0.105926225368,0.091077188914,0.068502044669,0.063278222667,0.085684307894,0.149164583184,0.246576038682,0.434523697196,0.428500489381,0.315444060811
0.290048867044,0.234547495678,0.233563435695,0.254129277280,0.218793875731,0.197998267343,0.107470580882,0.039897007105,0.009821860441,0.003975587794,0.003702178544,0.007400916445,0.018061147710,0.033209712969,0.056393167211,0.101084860125,0.100097106856,0.074660907464,0.060285032205,0.077584895779,0.067118713203,0.066127881431,0.069189313630,0.062460105643,0.062003786350,0.069810746283,0.089459716477,0.083754986721,0.122421625242,0.179874520683,0.232963749646,0.197411627418,0.157218983245,0.133602259737,0.129969271888,0.107848954298,0.117015135090,0.145451084387,0.147860165700,0.080397683438,0.057504330685,0.052934594945,0.091188512046,0.144835655531,0.165254138644,0.104493536187,0.107786252853,0.124978265687,0.129616562821,0.105897665768,0.081486449118,0.067237834079,0.053381942456,0.045913763051,0.052208475444,0.089221087765,0.152223184572,0.326468938396,0.434584952244,0.402242308178
0.427389002030,0.299397606894,0.218185429340,0.228172341849,0.210151810817,0.146768431808,0.063466891616,0.031657406353,0.013863471667,0.006333578145,0.004140337857,0.005737620793,0.011629417021,0.030228848772,0.067972667432,0.114780416471,0.086929921323,0.048521499189,0.035401422704,0.038534110145,0.037170316208,0.042676288812,0.058211315799,0.065875756708,0.071239215796,0.061934238921,0.059143095881,0.065924386383,0.124698218358,0.212489172055,0.263189417010,0.213186746229,0.163160557985,0.141807121677,0.147390718500,0.108071982420,0.109263988673,0.139020014418,0.145561709527,0.086424327586,0.063425278509,0.050698596671,0.071891045431,0.119393727453,0.155914587876,0.122728260789,0.123236910080,0.125139057938,0.110206549222,0.075346113145,0.049361929163,0.040151957124,0.040194090040,0.058173852328,0.095187410579,0.091693717403,0.074291954232,0.172571992870,0.338580927380,0.476442896736
0.589031658546,0.375333541762,0.171924958009,0.151377946092,0.198049926263,0.091132951469,0.017106741942,0.008679414111,0.008579072927,0.009114752107,0.005894309629,0.004640828384,0.005658778640,0.011537693755,0.035704515017,0.093662181325,0.083000706179,0.052639350609,0.031926479119,0.020102608852,0.015881146073,0.021073681072,0.038987825988,0.053217919045,0.061209728826,0.046437578717,0.036623154440,0.047191231307,0.107490669115,0.206130348618,0.231224660823,0.172414951962,0.107146569806,0.069080526911,0.077600082308,0.099600708658,0.115023663040,0.121804462610,0.114277879725,0.084213412647,0.073302131867,0.059690838065,0.081169183101,0.092240474659,0.111723631203,0.113476010720,0.113651967705,0.101108788326,0.074692586768,0.044023526488,0.025769287844,0.018759378189,0.021834822634,0.042759222535,0.080816795890,0.054877308550,0.033811554674,0.079459006129,0.201820099092,0.464436457892
0.630131895525,0.355852418977,0.178698289022,0.207261721008,0.103092147123,0.016458719697,0.003738070792,0.002356395135,0.002238495739,0.002468316769,0.002258387096,0.002645712471,0.004082939392,0.009143292747,0.027659173941,0.067807210402,0.067410629585,0.049278601336,0.031270697101,0.017104162132,0.010224034423,0.009789533025,0.014931962818,0.022349375358,0.033734984423,0.042135106201,0.037792199527,0.035072640572,0.078453888913,0.196348661837,0.208991333254,0.104108556598,0.047203625224,0.038304093804,0.054476884385,0.088781813932,0.110451807733,0.102774585240,0.095508422020,0.077809852837,0.071336851186,0.061121889485,0.078638383826,0.088612763104,0.101136135768,0.096806205250,0.094645464699,0.082819749391,0.056124665720,0.028726679387,0.013924919583,0.008644794234,0.010227472899,0.041560864646,0.107324520517,0.030293489742,0.016569346386,0.051518405819,0.176267106038,0.481748776355
0.679322621141,0.312049722450,0.214242963092,0.201649162682,0.042350293700,0.004282960155,0.001937046617,0.001342511011,0.001048898322,0.000972947587,0.001082441655,0.001604273925,0.003028370930,0.008829268382,0.028077888732,0.075493421059,0.082043903772,0.046778090043,0.014031763584,0.005184759391,0.003131775166,0.003920810504,0.007109800130,0.013353029017,0.022274650954,0.024037138250,0.013052748405,0.014653424366,0.052178672136,0.158353245882,0.171483253063,0.080195282110,0.032687970882,0.031425958808,0.061561370927,0.107956304181,0.101594913724,0.085130907638,0.073906583138,0.060862301403,0.061941891581,0.052825042623,0.064385984242,0.075631579617,0.091583612501,0.086166037491,0.077249232716,0.059549720261,0.038966533401,0.023179266429,0.016479560129,0.014442561173,0.016893557402,0.024696879079,0.030293556160,0.018430464860,0.007920476440,0.028609249197,0.144717296129,0.510596570643
0.727588912910,0.291373961520,0.247564852196,0.072373900261,0.007441535260,0.002522382748,0.001785632804,0.001202440307,0.000815356279,0.000669794285,0.000743891403,0.001073398999,0.001702009215,0.003862007537,0.018948635764,0.059103184311,0.067569649046,0.049257530187,0.017517175534,0.004781355968,0.001739032949,0.002002304492,0.003427917041,0.005767540582,0.005704906043,0.003983215334,0.003107378464,0.006731136182,0.029460545689,0.105584584856,0.138954958561,0.068949198553,0.026904051472,0.026812634272,0.050952551878,0.097635538132,0.095782461128,0.075266764055,0.061507506018,0.048163989590,0.049570600527,0.038172977275,0.041246648986,0.049796525728,0.067336995901,0.075803950626,0.071117177878,0.049261911704,0.027610344851,0.016278598894,0.022607974018,0.020313743778,0.038413864955,0.036566696098,0.012809433414,0.002965241387,0.002603391142,0.014318790432,0.116841752724,0.548159746013
0.840375945218,0.484942782347,0.104684656877,0.006324475143,0.002169044816,0.001872413329,0.001520619829,0.001042590517,0.000666750500,0.000490007182,0.000490029560,0.000687538994,0.001346561795,0.003202229593,0.007808446944,0.026907086654,0.046862774988,0.043455957651,0.022894169185,0.008799182925,0.003244848427,0.002730877496,0.002345107869,0.001854708087,0.001350134767,0.001115987797,0.001290522232,0.004341530537,0.022758319796,0.079320990675,0.113113157627,0.066590921097,0.036599654570,0.044117980030,0.080359804495,0.121444893156,0.094536913164,0.060413736977,0.045645526601,0.035616510635,0.038749825978,0.026460731586,0.023004324049,0.029149114157,0.049304588490,0.070865501883,0.071539087099,0.043672445924,0.019960037906,0.017312447381,0.039629568977,0.059213910678,0.062755036681,0.046112436816,0.015542036874,0.003354447623,0.003148463541,0.015883140043,0.124347322767,0.580089611889
1.020797622488,0.317970748119,0.044217582472,0.004347863618,0.001763008239,0.001518565537,0.001304343756,0.000950323786,0.000608102105,0.000433019045,0.000417673009,0.000492450076,0.000579671133,0.000987785403,0.003567608112,0.018788500658,0.045140579295,0.048953955130,0.032770995583,0.013691743174,0.004795842375,0.002903905349,0.001418793935,0.000837648805,0.000845041918,0.001145047200,0.001648999571,0.006115458317,0.028194031014,0.074931207001,0.087114226132,0.054350796369,0.039047763627,0.059287674063,0.115988404765,0.156016611701,0.111762863225,0.058113452337,0.032775656542,0.021908834382,0.027891954938,0.024538130955,0.022027442958,0.026797375339,0.041805114950,0.056046079639,0.050741180499,0.029268086060,0.021421773921,0.053390054908,0.113524369907,0.104119064424,0.072669812353,0.050913183420,0.023724506618,0.010240045047,0.008279433642,0.025932068464,0.151757996391,0.723344026951
0.850912670502,0.256601588776,0.036953434066,0.004120638370,0.001530847945,0.001236276546,0.001129073034,0.000906106728,0.000568477662,0.000337472239,0.000235646311,0.000251872750,0.000333471048,0.000702018613,0.003164051128,0.017757479943,0.047398187249,0.059183293806,0.044983472656,0.018268639568,0.008288961769,0.010227250965,0.007315219697,0.003654702491,0.001925487774,0.002508349800,0.004161931442,0.012407422202,0.033764876615,0.067717102851,0.071956423244,0.049615140246,0.042411089117,0.073434097358,0.139360654034,0.180146762378,0.120514678155,0.063250808699,0.038208037328,0.028232720798,0.038552645329,0.036461730201,0.032638843740,0.032271573911,0.033172702324,0.031737425817,0.031232343240,0.041880224319,0.087422016545,0.138603604474,0.095217439412,0.049586217104,0.036998837560,0.050599887075,0.057194484264,0.044186977166,0.040333186468,0.091866583387,0.272697103800,0.712699759817
0.799016998072,0.252167162444,0.034881001587,0.004681788744,0.001474991810,0.001003178507,0.000851783734,0.000710633148,0.000522625520,0.000352497093,0.000297668177,0.000320614548,0.000408320208,0.000697578563,0.002486108997,0.011725405645,0.029796426869,0.047535681738,0.053614299003,0.037492640915,0.025097218172,0.031167038334,0.026978129936,0.006958745217,0.002916853033,0.005405959575,0.009471381740,0.021560120598,0.037215266944,0.059080207246,0.057036073283,0.038563669568,0.033599161652,0.063763934561,0.128270444400,0.193059141026,0.150123338848,0.093735874391,0.063975646905,0.052490236716,0.071427741569,0.066265225952,0.058781062680,0.051655885516,0.048860619068,0.044801366099,0.055177310208,0.080440774009,0.118630069521,0.128988072620,0.069326536005,0.037260869446,0.037336929289,0.073106440118,0.124264035765,0.160605050260,0.146519994015,0.131856525603,0.143621355706,0.482893753197
0.763829303468,0.296803625831,0.056326754761,0.005290805458,0.000939050086,0.000540335430,0.000476544362,0.000444226928,0.000378653909,0.000310434633,0.000301417141,0.000345962692,0.000439430171,0.000623968286,0.001538821720,0.006022038190,0.017063057979,0.025827862329,0.034191129795,0.032082665748,0.020413801059,0.016820456231,0.012021462469,0.008509177919,0.008328916086,0.013115805483,0.017444899836,0.032157259502,0.045559699291,0.061203685267,0.052712342430,0.031675790403,0.025295081550,0.047822684338,0.108557306191,0.221071666540,0.224513058247,0.159407215067,0.103512300233,0.079561562377,0.106386682726,0.100671147757,0.103992969918,0.106449061400,0.112883218116,0.083033018883,0.084552999834,0.101389442070,0.108338601885,0.099187109173,0.080002722817,0.070809671400,0.104876558925,0.236321364026,0.269915865704,0.146747838339,0.049474970316,0.041842137435,0.146085039192,0.495024778284
0.750617770596,0.336854050077,0.051485711698,0.003175738449,0.001059700467,0.000809830966,0.000762738930,0.000732221822,0.000663115582,0.000589152666,0.000611419246,0.000703464057,0.000815615296,0.000855895339,0.001258611132,0.004440255963,0.018414025440,0.045691519087,0.067990823401,0.056774487819,0.023324102323,0.015425974570,0.012627449947,0.013614355245,0.015944439898,0.027205386573,0.037263269694,0.063385257733,0.067891105639,0.060083370522,0.037115766325,0.018264401822,0.016257366764,0.039146070598,0.113892872755,0.276863845993,0.300157559320,0.218821165959,0.135182239828,0.096662061449,0.131037341459,0.137366056552,0.223887801114,0.231621765643,0.116868914515,0.043905290365,0.044782285802,0.076884661204,0.114917700594,0.172656643444,0.249409082765,0.253444182805,0.182195605400,0.149112314927,0.110133348557,0.075932167661,0.060087156809,0.076540125909,0.168015350429,0.446564304024
0.764369373208,0.327225579945,0.049609013469,0.003682901226,0.001589253552,0.001091879937,0.000899013204,0.000792944049,0.000717213658,0.000665105961,0.000701785919,0.000772501356,0.000856120473,0.000889255763,0.001645835800,0.009552609684,0.045540561244,0.081559120219,0.072495112880,0.041162431574,0.020503017979,0.018572458634,0.018604457703,0.021253128133,0.026537956163,0.045537960628,0.062128367404,0.107055272873,0.098653806064,0.072593871439,0.043448291745,0.023700397541,0.021456420716,0.044660227517,0.109567151583,0.262962396347,0.295885290984,0.231768854075,0.155061051440,0.123664337305,0.195436139992,0.236795276787,0.298434525143,0.191683274923,0.108393216504,0.064431143421,0.081301271773,0.137075276844,0.245314125035,0.274853351096,0.177461663944,0.106751898329,0.089619758411,0.148185996357,0.216000086361,0.130591990550,0.068010974065,0.073902015426,0.136584608594,0.409380521089
0.668646338023,0.357630742234,0.064969912050,0.005090529585,0.002151926922,0.001503044745,0.001202107338,0.001001575185,0.000887236901,0.000866628723,0.000992702857,0.001159762657,0.001337561796,0.001474737579,0.003036520203,0.013554901046,0.040038083510,0.060531160034,0.069948306302,0.054835315305,0.035172815164,0.031087697365,0.029455299134,0.032071960955,0.035849833628,0.058086287773,0.080469537770,0.157023271701,0.149184707051,0.100408537311,0.056276742077,0.029613045505,0.026283948249,0.051052274546,0.116211864463,0.268323057435,0.292386628902,0.230975854063,0.163094077595,0.143565745188,0.212180240155,0.220758299236,0.336645870194,0.305841620354,0.194314789772,0.102849126055,0.095505417808,0.109405429897,0.133243623480,0.197684200248,0.230771786644,0.189372368984,0.137270987863,0.150930984917,0.152812352366,0.093621152587,0.043588372182,0.041166832072,0.083492865690,0.287531439484
0.573606006423,0.351305475170,0.071444057893,0.007554333323,0.003571378271,0.002542828098,0.001990148652,0.001556683687,0.001289023360,0.001221486619,0.001440500557,0.001790738350,0.002210370455,0.002422612633,0.004483939636,0.016810191658,0.040362216179,0.054405355128,0.060102795528,0.061277882707,0.057574076961,0.051605475467,0.044284475516,0.044890639370,0.049683445240,0.078004990349,0.108257490144,0.222565008758,0.225796159976,0.149503248110,0.084218401435,0.045963556042,0.044211829659,0.078665496012,0.145565781951,0.278214151810,0.300435950287,0.260963688527,0.187758489026,0.165443535271,0.257232261679,0.309685553883,0.349647509131,0.221428491472,0.180795201226,0.143657209062,0.136736659543,0.118520188620,0.112655505188,0.181911826465,0.265283047767,0.219083597644,0.138250743154,0.099541140212,0.080350932576,0.056519187701,0.032243431885,0.023459932934,0.041399430534,0.181823205780
0.458284045741,0.316210060455,0.079720496758,0.010509587168,0.005012389702,0.003480361297,0.002439958874,0.001581801628,0.001094076265,0.000976892669,0.001259187970,0.001905163172,0.002868348542,0.003631051455,0.006929951991,0.020200788053,0.035235533363,0.046027565424,0.064408518424,0.098780590038,0.090244226964,0.068887762283,0.049343033144,0.038209972807,0.039840332771,0.071186760765,0.126577170664,0.316960774509,0.337913472208,0.203029007801,0.105249842078,0.056971452733,0.060205474317,0.101518810416,0.156241530650,0.256611378795,0.250080172874,0.210633248659,0.186827347920,0.180465132279,0.258575091721,0.260850512610,0.300653781277,0.257293085294,0.244627706074,0.177003976169,0.136054825816,0.099734901822,0.092142865602,0.177150050946,0.271561806843,0.206302643021,0.103492991526,0.057200009106,0.028530772836,0.014858681250,0.010731297367,0.009463921213,0.021640865972,0.120673611641
0.317588590695,0.261604684991,0.098343808984,0.015091686258,0.006326677022,0.004097816741,0.002518892448,0.001343891294,0.000763994691,0.000628271349,0.000873104168,0.001666651081,0.003390464179,0.005740936944,0.011744451995,0.025000130777,0.028961991366,0.036508905040,0.101315704420,0.160087677401,0.132111788517,0.090304000327,0.056376550210,0.035063096330,0.033542831970,0.062527362375,0.135921639478,0.405112358295,0.465546128096,0.279547619374,0.136364171139,0.068885019940,0.075217868975,0.122618879664,0.171127264257,0.254590520593,0.222664524526,0.190495019649,0.175111984254,0.177113230573,0.256835132165,0.243942506209,0.248211667888,0.231351246085,0.231762348555,0.165415508587,0.141981735959,0.125760751139,0.124975985233,0.187175046367,0.161758152927,0.113442741207,0.067467294126,0.042318428619,0.019468958978,0.010450821547,0.004909129486,0.004319042958,0.016111644392,0.089188411820
0.222313858404,0.263154906630,0.138346794316,0.019963834176,0.005770887298,0.003401818024,0.001934520416,0.000972154626,0.000529854572,0.000435413627,0.000640232389,0.001483021495,0.003794306904,0.007466054392,0.013483588442,0.021321443001,0.021794527051,0.041004053611,0.107001429071,0.116261928667,0.125880616637,0.114111324805,0.076505393271,0.040480081734,0.033582522627,0.060636110381,0.146794348311,0.446232172888,0.510787639709,0.301698139704,0.144516686514,0.075137854041,0.091859543110,0.157509154490,0.186565691605,0.202054895330,0.150761793364,0.136868299152,0.161609232451,0.179423155400,0.260387782844,0.243820293031,0.206427236725,0.174353740787,0.193319526656,0.150437927486,0.131786632026,0.119028831322,0.110874329382,0.145792857694,0.105303807493,0.066278732330,0.033858003245,0.020248793188,0.011720365132,0.004968085686,0.002250071220,0.004157455364,0.013155435615,0.062244523099
0.331035085945,0.267995331730,0.116880437979,0.018422798509,0.005449367414,0.003130558481,0.001732385066,0.000895045426,0.000522465201,0.000464783919,0.000732712763,0.002050152403,0.005648240752,0.011404776265,0.018056186830,0.023030392496,0.023831227554,0.030829685051,0.029318483548,0.039530802480,0.088637063226,0.144749825847,0.119276282931,0.059650999878,0.045958428986,0.079105653917,0.185598963803,0.471917370802,0.462861129801,0.263271986002,0.134770388185,0.080406609180,0.093621081025,0.153588387392,0.179939973494,0.180006455317,0.134425143318,0.126637016765,0.143419714252,0.160049589988,0.232403804472,0.210172318814,0.172326878720,0.156841848628,0.180385237504,0.135118090735,0.114908598102,0.110660122438,0.090455990520,0.077722805502,0.050881717113,0.034120359114,0.019112956513,0.024220390197,0.039485827232,0.016443417786,0.002387066217,0.004638706912,0.023879250060,0.125619179750
0.398007844873,0.318430971518,0.134292665909,0.018464087829,0.005218784840,0.003484555351,0.002242355470,0.001395094167,0.001046864673,0.001203965862,0.001963309007,0.005037367749,0.011740134013,0.020101556146,0.025442272096,0.022427906121,0.013311696791,0.010364695584,0.015750738307,0.037964964350,0.115904623990,0.210033895028,0.173897904777,0.078988079514,0.056260154224,0.093079111486,0.228258446143,0.476533346342,0.385611928644,0.211894561619,0.124871315297,0.086070701186,0.091533964646,0.126819709261,0.165346051233,0.229758019830,0.175479711192,0.152423919417,0.117588411509,0.108511354434,0.150384817505,0.145724456845,0.144384123784,0.144948324599,0.165680704058,0.121283027907,0.066388923430,0.030188565984,0.032212892470,0.056217011592,0.054347790089,0.043080257138,0.015763099149,0.007585881277,0.006924718889,0.004164571961,0.001600981327,0.006593452951,0.038214058807,0.178226445873
0.519969909647,0.458620412582,0.148754816410,0.018220752473,0.003569093731,0.002179141947,0.001697050749,0.001678822463,0.002335634564,0.003961689909,0.005718973366,0.010237443190,0.018613851161,0.032384925023,0.045494491622,0.042329282842,0.025406516895,0.015625027388,0.015197117681,0.035178144649,0.097950948577,0.191441305634,0.199532717405,0.120355313990,0.097396152738,0.134273883570,0.245071629364,0.367766038582,0.305784847041,0.185134427747,0.112976661086,0.079671718181,0.081504504330,0.106749327496,0.133602047541,0.188115356966,0.144497991703,0.122266662154,0.082154489849,0.061303184781,0.076021096428,0.089301911581,0.117525904079,0.135978907205,0.148851756530,0.108021481655,0.057751882143,0.022324620468,0.012453311995,0.014457325188,0.032719937089,0.035727533403,0.011778359597,0.001338932839,0.000289909765,0.000462174641,0.001601813883,0.007207083551,0.038148292444,0.199031305701
0.593859696482,0.528414166047,0.176551374643,0.021778144398,0.002617545362,0.001092576609,0.001001377251,0.001760135101,0.004879563682,0.011035742748,0.014174467509,0.019321169980,0.029588674825,0.052964297698,0.080844408975,0.080411528337,0.052221780836,0.031224834191,0.022497118270,0.027638190611,0.049110808354,0.106362709972,0.170618520773,0.172492174363,0.182647696276,0.211936702413,0.267799790658,0.279594963556,0.220291023295,0.120313789637,0.067048841716,0.051656776056,0.059963617912,0.095623277599,0.128838018993,0.181042755481,0.142388805413,0.101673003499,0.046203757105,0.025248171520,0.027790179436,0.040505563775,0.071035890377,0.099101601595,0.115312109493,0.095805248642,0.062683824213,0.030287114992,0.018108557290,0.021160404046,0.022038335614,0.011534797620,0.003808506234,0.001387412083,0.001127534400,0.001302035600,0.001695470965,0.005851058967,0.042826976175,0.235135873676
0.611833555189,0.618929489798,0.191688238575,0.017288876145,0.001659582634,0.000675088923,0.000705077110,0.001496222878,0.005417868247,0.013753517694,0.017025199481,0.019534472344,0.026745805465,0.048800240707,0.081478782066,0.094880734970,0.072294937550,0.043291648600,0.024705970467,0.019099889337,0.021999806861,0.046687353318,0.103317240627,0.167835949683,0.241412198080,0.277348230007,0.267783263683,0.201651228154,0.128212511803,0.061831175091,0.037127610740,0.035696572343,0.047222647079,0.084433390203,0.130581998316,0.201415598137,0.123021204197,0.057610759180,0.023776372914,0.013708763860,0.015498193362,0.020292994124,0.039043892034,0.063304413341,0.077886722980,0.072629563828,0.054618011587,0.031065430341,0.017192881405,0.010130385758,0.009974044154,0.004457889097,0.002907527681,0.001753440742,0.002904602191,0.014838767884,0.026631866491,0.011342548151,0.030261545263,0.191871548189
0.643177169015,0.617243908292,0.188572930021,0.019881705921,0.002153708291,0.000896715566,0.000916324583,0.001501487510,0.004086918981,0.010395365618,0.013736905998,0.015304276148,0.019939839656,0.036680326943,0.065995736979,0.084853628450,0.066134956602,0.033770123233,0.015714116248,0.008688870024,0.007294354273,0.016161656791,0.047526958527,0.124421126345,0.255180549569,0.325405589168,0.264843814486,0.167222611968,0.086680984659,0.041211780054,0.029549258818,0.035514168725,0.054432509969,0.104958469209,0.161300894245,0.233796830692,0.142221140887,0.062304237914,0.024769194807,0.015225086986,0.018450639205,0.021238305245,0.034980688259,0.056829558697,0.065490391220,0.058533858031,0.038368173255,0.018926102242,0.008592583262,0.004940337184,0.003192851012,0.001310145177,0.000576874244,0.000373911306,0.000819132992,0.007061997168,0.034626873857,0.064288163158,0.049696493682,0.175627500184
0.733984315257,0.618635029571,0.196576853808,0.025233223437,0.002813482685,0.001014769278,0.001038519459,0.001516320283,0.003366007448,0.008349428379,0.011228621787,0.011964305027,0.014781020768,0.028301485284,0.060618185400,0.085083138601,0.059880835044,0.022269421249,0.006701280772,0.002699550364,0.002219613729,0.007274195846,0.032965850292,0.119331644448,0.266664293179,0.324986802689,0.238949185858,0.160639711733,0.088848501505,0.046717636715,0.033802562986,0.038703931673,0.056138026399,0.106034605100,0.158440719511,0.235984215382,0.186077693069,0.099432179942,0.048583202947,0.030380356490,0.030773591413,0.027079438989,0.031571539495,0.042883422526,0.050666483233,0.053054965856,0.036107767958,0.015458154850,0.005017852939,0.002042155629,0.001412484427,0.001087279296,0.000948192070,0.000878329003,0.000930537764,0.001412432774,0.004181401549,0.015237512582,0.043756463697,0.225233858987
0.763312683052,0.685105168051,0.236137591578,0.024645407645,0.002240709873,0.000869045235,0.000810602760,0.000992487029,0.001889620515,0.005125799634,0.008719356101,0.010676768111,0.012657351950,0.022630153763,0.052154911168,0.077294133049,0.048788162533,0.013928560753,0.003092647516,0.001162006622,0.001355447744,0.005701313829,0.032694307079,0.119237535285,0.230813800373,0.269501329254,0.219185535489,0.183153177528,0.122387468206,0.072828826819,0.050664723836,0.050784190470,0.059004648139,0.092634951373,0.135448429501,0.231784508199,0.221161737900,0.129460102916,0.072831951711,0.050305078121,0.055629454139,0.042799635383,0.033967905347,0.037822979756,0.049139209643,0.057600507803,0.037075316270,0.013665347053,0.003539388063,0.001486325834,0.001026619493,0.000707267794,0.000401702271,0.000476436050,0.001029270022,0.002632262596,0.004283946698,0.010661516001,0.047485134842,0.260440943437
0.783825759233,0.726356995464,0.252553419888,0.028907429174,0.002722211379,0.000680806346,0.000510432091,0.000535170325,0.000903600796,0.002476368746,0.005454881920,0.008413462811,0.010218893611,0.017652335819,0.041818397306,0.065132806992,0.040992121336,0.012135442068,0.002976861275,0.001474584287,0.002452405739,0.009799951114,0.041673535693,0.102088663254,0.149073140701,0.183762925399,0.201962913923,0.217539749317,0.171157899211,0.117800377741,0.081761931403,0.069268353916,0.061324269709,0.080003224003,0.123248494388,0.254031975501,0.293744657819,0.147155958368,0.083466296057,0.064259650658,0.081359588948,0.067844921790,0.050437279394,0.051014782190,0.071565043918,0.099333881901,0.056028022260,0.014841465057,0.003892109465,0.003463849718,0.004030893019,0.002298383264,0.000596816836,0.000331205908,0.000759664919,0.003143633731,0.008989161400,0.036160477043,0.103607369846,0.315348455313
0.716084887083,0.659514580755,0.278325436997,0.044085608748,0.005793857336,0.000765189315,0.000352487686,0.000322100025,0.000556456844,0.001772516385,0.005176873689,0.010031682001,0.012430918711,0.017959256947,0.036865804050,0.056584961063,0.039423535060,0.013779642029,0.004272755961,0.002823344584,0.004916236822,0.019128158683,0.065776557241,0.123281029779,0.159362073741,0.192855504367,0.224462984788,0.228550720310,0.186017204889,0.169640085907,0.137935364547,0.092430072026,0.058071569355,0.065379118540,0.122527275468,0.340240641087,0.365280297854,0.174845388671,0.085411076838,0.073145143091,0.115702699066,0.108418470723,0.080170561222,0.070231893289,0.064145354442,0.070765058658,0.075288187047,0.045834245581,0.018701405143,0.012859927800,0.004653533374,0.001336897351,0.000278809418,0.000189685243,0.000419272255,0.001921198806,0.011141065136,0.042851334789,0.105936485257,0.307033954689
0.668435003964,0.506159364146,0.185310329897,0.047874573568,0.012515830685,0.002211885653,0.000498667001,0.000248784158,0.000390812899,0.001283093749,0.005148421259,0.012117031630,0.012738829059,0.013873816177,0.023475777618,0.038185104289,0.036711784840,0.023263259838,0.015039932335,0.009126914315,0.008936784192,0.027396294825,0.084864588262,0.155019096935,0.181551058566,0.187143715344,0.206763754814,0.212101996258,0.198211197172,0.227574081399,0.197378472477,0.104388867196,0.050270674680,0.053774864353,0.119920058760,0.383603174429,0.444429114778,0.184993341111,0.064325701037,0.054618687365,0.110766960003,0.135038708680,0.106616740369,0.079324255562,0.059948866026,0.056468020447,0.049556619695,0.046480354068,0.028601565045,0.021153999856,0.007753407727,0.001696554466,0.000221211787,0.000364537045,0.002606945074,0.009010940546,0.018643115178,0.052659386367,0.099413748790,0.280720157473
0.594387109626,0.472598560951,0.120423173211,0.028500566254,0.008988071408,0.002374689156,0.000944457084,0.000616451648,0.001271145608,0.004755825668,0.017389486051,0.032784189414,0.021774561781,0.014636143050,0.020203700457,0.034764418798,0.042614397343,0.030808289577,0.014710014399,0.009561455225,0.014595936856,0.047391408430,0.122082311723,0.200307494680,0.197817169730,0.162163533510,0.163374817172,0.181532707899,0.205938682009,0.268832805883,0.231350496137,0.109835106229,0.048981338640,0.046866737643,0.092565926063,0.321895779273,0.533260819461,0.234058657710,0.060152820782,0.040219511471,0.070624399848,0.110862291072,0.107080649114,0.072254575993,0.047051234135,0.042830253977,0.037092743121,0.042715889153,0.049828618717,0.036127597654,0.005151050022,0.000417383646,0.000117939693,0.000238538837,0.001158382533,0.017731627408,0.044147759734,0.058862071644,0.101754224879,0.228486553313
0.450675755880,0.540133144280,0.181752311207,0.026524684408,0.006037222111,0.003607132783,0.002947066703,0.002661878477,0.004115807539,0.008038259756,0.011585919080,0.015024612567,0.020650654219,0.028903031798,0.043551753161,0.072789397733,0.087211164149,0.055787367184,0.026574599235,0.019144073326,0.035428646552,0.112520822620,0.200503509805,0.232907641356,0.180290105719,0.148147433889,0.175338420189,0.217922529797,0.227334919161,0.236740363767,0.182249610436,0.098569954944,0.056150113372,0.066233284881,0.113337477952,0.312647001830,0.589854331876,0.306458194687,0.062424449031,0.030758000888,0.050685478758,0.078743855724,0.072996043470,0.039384551069,0.024344903658,0.040289001097,0.061560091032,0.055039606128,0.042374200336,0.029196232616,0.002006412986,0.000137089670,0.000064943599,0.000256003817,0.001226277517,0.004316221394,0.022404522674,0.051884161776,0.051988051464,0.136943520390
0.364227663846,0.531700543690,0.272573044892,0.071024786614,0.017517871146,0.009911383507,0.007861876538,0.007176271869,0.007364935801,0.009928474356,0.015934255791,0.020335081238,0.026813547320,0.040887556222,0.062604797382,0.115049055159,0.168788836066,0.123373559604,0.060120265176,0.042674831135,0.061370072673,0.144107053715,0.205662489819,0.221653495795,0.175657420331,0.167882454371,0.208503780419,0.215912768174,0.180270634158,0.152373902385,0.122382190981,0.094937953000,0.078410285464,0.103723770151,0.167143101001,0.330389734079,0.512823648078,0.268527874729,0.073774250018,0.037435964941,0.048236231921,0.063988384549,0.058227843477,0.027259862575,0.014854160875,0.021883665059,0.036216018362,0.029738670872,0.010747653612,0.006485623364,0.001837125601,0.000340291427,0.000140624357,0.000265886741,0.001917298774,0.005302340436,0.011873317952,0.031340398103,0.062358234708,0.121574973536
0.374471140659,0.460813007112,0.237337776024,0.079150701943,0.031075385625,0.022039542307,0.016362034582,0.015139377040,0.016537883633,0.025415541707,0.046209870497,0.056391843524,0.055182396486,0.059390944077,0.074039221917,0.135350618198,0.235835637527,0.224923979959,0.129842272566,0.078910966561,0.083370304992,0.121936915931,0.128034823879,0.158856410944,0.174054114306,0.215006739169,0.230622395664,0.147572296437,0.090495341782,0.087268342394,0.112608620027,0.131459799709,0.116163037449,0.138498456127,0.187886377883,0.295807526929,0.411952937426,0.283401646358,0.103725346677,0.049187078027,0.061262154789,0.093790555560,0.132870569937,0.062151325103,0.027854329317,0.018979074491,0.019048049492,0.015089164374,0.010095800635,0.006319949758,0.004126793843,0.002882055808,0.001722544046,0.000973592981,0.001339541845,0.006938238590,0.042367332261,0.107670603956,0.150467724297,0.196508803478
0.381973936561,0.340404490410,0.191266693337,0.094586779954,0.060893410705,0.055399551939,0.035528990711,0.031159625668,0.041169291279,0.073416872010,0.110664704448,0.087498455171,0.052431712065,0.054782918471,0.083311495440,0.176331993177,0.305150686385,0.267372272273,0.144986752505,0.095074185190,0.096355697290,0.120462541295,0.116029787292,0.148533416377,0.172751093833,0.200089038612,0.194642659377,0.129342009202,0.086544762896,0.085857551211,0.106984457330,0.125967044554,0.116289087900,0.126114857861,0.189033727865,0.318351258124,0.399221598780,0.267855683101,0.104285506617,0.049970779586,0.049285632840,0.060440218422,0.079478612799,0.049020755693,0.029582704827,0.021209668703,0.019710968732,0.018493209704,0.015114041821,0.009425935605,0.005420790590,0.003485480694,0.001750535074,0.001640258171,0.004240321798,0.019335640393,0.071035910333,0.173269549593,0.259015717885,0.316856431097
0.397921391743,0.275901394340,0.143204351496,0.081230303171,0.060001736425,0.062812777928,0.045587721874,0.041304818207,0.047476689121,0.073799232643,0.118220128399,0.129801997106,0.080587367965,0.070060231991,0.098627461371,0.206617521728,0.372425037113,0.355967477125,0.229280325521,0.178030671778,0.152560393888,0.166826208625,0.153361496132,0.170175921294,0.179845297105,0.182111751607,0.160760734842,0.117468511649,0.095050285158,0.101335612350,0.118638433997,0.133091938427,0.145498254265,0.146810999536,0.192883931912,0.282332315461,0.286187032522,0.198370134130,0.096977486178,0.058016597693,0.063015149312,0.051936953019,0.040695933416,0.021266035260,0.016418306485,0.021169298000,0.027752919440,0.025565590411,0.016413380693,0.012253262206,0.011857131711,0.012846170842,0.017820081012,0.031558210764,0.056677300734,0.081723901373,0.105798717485,0.185521218666,0.294318497722,0.387027547098
0.395040681436,0.243622041635,0.135503280846,0.087045227414,0.066043942497,0.065561158337,0.047843233167,0.047797817441,0.052986001632,0.071297774256,0.086597360942,0.095584816029,0.087522131802,0.092369824443,0.124889578713,0.236605929166,0.319966483085,0.304197419876,0.220679334191,0.185446838575,0.145693699183,0.119514439260,0.095053706433,0.110095689482,0.120585755881,0.133965477414,0.120995840498,0.098531653123,0.096000677368,0.112078237078,0.128307482757,0.134767711217,0.133171016428,0.124966838432,0.175837833141,0.284388026584,0.258833535423,0.150889055892,0.078842824252,0.053358515926,0.055961119731,0.041039523873,0.032494560474,0.021523599484,0.019717192423,0.022912747739,0.032082526018,0.040803906126,0.031792730997,0.018361876218,0.010098823320,0.007181401898,0.005890567907,0.021650016827,0.043471017023,0.054728596528,0.094552562809,0.201276752339,0.351604879809,0.446508788963
0.402844727953,0.248638985734,0.160117341075,0.113233409654,0.069200213586,0.052099749596,0.030712531887,0.032650863748,0.041853218956,0.066977305025,0.076258916646,0.059980164290,0.033242979194,0.039929804138,0.085277504939,0.194285753843,0.275472513965,0.236785939767,0.167061507876,0.139219138732,0.109524431822,0.070292234167,0.049473777417,0.068682773646,0.094708104920,0.112867914874,0.095736698944,0.081792726214,0.103068209714,0.145260835803,0.145930484360,0.117101380688,0.085270868635,0.073896488518,0.126025235694,0.234732045954,0.247738430138,0.159204998895,0.094472145742,0.065146039074,0.063690294267,0.040683108527,0.038089624582,0.034504872133,0.041881656099,0.039374039523,0.047132193388,0.064117505033,0.021346125061,0.007253346070,0.002341013217,0.000640711682,0.000210932273,0.000163762301,0.000576582172,0.005340474634,0.044384915734,0.206981158365,0.397828263826,0.490213239956
0.525987349214,0.345264934053,0.170813243880,0.079845575635,0.033749994092,0.019542519108,0.010246681122,0.011310938123,0.019237765585,0.044932951374,0.060029479627,0.045117486998,0.022596991634,0.030071489517,0.078250614528,0.181193047036,0.237382010942,0.211122671201,0.153555563090,0.134446260607,0.085893701456,0.050499858150,0.037481311970,0.049908051062,0.068038021073,0.090524494062,0.084336145578,0.075054534448,0.092088271788,0.141602725155,0.166481986558,0.139090599357,0.095249843093,0.074578947988,0.090918771160,0.145008645931,0.167231589438,0.109200115799,0.063795786495,0.056224585984,0.085510075841,0.068824305367,0.066226653209,0.052031147351,0.051426903737,0.032277521724,0.016982255950,0.011958963306,0.008970066510,0.005903704274,0.002087623463,0.000436190680,0.000110471648,0.000056694654,0.000280191117,0.008303648490,0.035371949140,0.140521848661,0.305810367341,0.489845589928
0.678959594045,0.369465062950,0.105971240195,0.028695860450,0.008710033647,0.005308416287,0.003661640178,0.004040970639,0.007465525948,0.018489949451,0.026174477335,0.020114752667,0.011068996294,0.018448547218,0.060890090836,0.156153869952,0.266317781599,0.217408540918,0.101232587279,0.060299761023,0.043015233765,0.041792481878,0.036394511317,0.041616703013,0.046232137612,0.057988419049,0.056988173059,0.051095730862,0.060321925389,0.106853898531,0.163347725626,0.141465214871,0.070853603530,0.050500650953,0.063079667638,0.132892148664,0.181960047236,0.093260065349,0.033537328307,0.022111105556,0.038309845108,0.038959455144,0.040502010460,0.044625857171,0.073492158002,0.054914307418,0.020907521009,0.006731226643,0.003382185753,0.002324523946,0.001190900646,0.000368183716,0.000195172154,0.000309589470,0.000717603882,0.002793235101,0.008003964401,0.039060752322,0.165705189811,0.463254532907
0.729687950108,0.326735256385,0.085379246901,0.020630677500,0.006542184740,0.004677564372,0.002738202523,0.001956013314,0.002038919057,0.003375910785,0.004445722048,0.003930546899,0.003556521453,0.010343853442,0.047503323774,0.176185150877,0.266833851466,0.185815663298,0.091972872068,0.048404693758,0.027677436788,0.029205977877,0.029275199438,0.034809118239,0.037011278785,0.042208463274,0.043204555936,0.047356608369,0.064855035091,0.111048659357,0.145247170060,0.106507284189,0.058105490103,0.054645236687,0.085712826135,0.160677699346,0.134451573026,0.059304654774,0.018076954333,0.009023905425,0.015153676723,0.019249128673,0.022522515734,0.025873377069,0.036857551540,0.029593765544,0.022304793582,0.007467671341,0.002741713517,0.002446754576,0.001256048476,0.000430871756,0.000123968779,0.000067781702,0.000100605809,0.000187007934,0.000928883411,0.013659627433,0.120699291827,0.465460242531
0.748934865066,0.352101984985,0.106468914565,0.037132578628,0.012962481595,0.003668917654,0.000925829677,0.000494774492,0.000501903753,0.000795912548,0.000969803438,0.001146701794,0.001862300881,0.007762748769,0.049161726389,0.167734152900,0.233960569077,0.199013437057,0.088508245712,0.048096236057,0.029123211886,0.024938357293,0.019841301914,0.027207823131,0.037199734632,0.044254275415,0.043190913827,0.051260810090,0.076258531154,0.124506132179,0.133717052289,0.081958775276,0.053067508564,0.077347733187,0.131785966796,0.177143125025,0.103187959469,0.037451140105,0.018841551138,0.011684260171,0.009467203938,0.015282602013,0.038615717999,0.045567077664,0.038220316634,0.014743628501,0.005414204785,0.003048704073,0.004359700103,0.003153603513,0.002312717546,0.000917797191,0.000401588735,0.000621329468,0.001629902260,0.000986619267,0.001247353526,0.009657210211,0.085511366876,0.405619096192
0.710065082636,0.349653549064,0.127334164976,0.046514827599,0.019876528890,0.007245618051,0.001544964560,0.000331415986,0.000274102942,0.000367399828,0.000454658968,0.000651562994,0.001265456696,0.005197042251,0.036404213896,0.149806700594,0.200503262951,0.163102932731,0.082158964752,0.038067738335,0.013598700372,0.009622235472,0.010558704552,0.019247651702,0.034158786876,0.046746828426,0.048951029456,0.065630675593,0.102136783201,0.149533715371,0.126638587040,0.067167101752,0.042726560433,0.071103825326,0.148475947363,0.234868841896,0.134609619530,0.040669714795,0.012845032548,0.005656187545,0.005814745793,0.008117468396,0.024621194949,0.048525786725,0.043924964298,0.022076716066,0.019442359094,0.028871526368,0.034066288796,0.031467214490,0.011684331488,0.002728222142,0.000964129736,0.000221593921,0.000200753486,0.000513692702,0.001474176247,0.011601852452,0.104741167076,0.434505487020
0.724565122566,0.343715575968,0.130166784340,0.041531284877,0.012371605818,0.005732071549,0.000710450956,0.000105070909,0.000117785812,0.000157252282,0.000382241499,0.002830795255,0.005842994128,0.005595639045,0.024626290378,0.128196996667,0.193794130962,0.183073546989,0.088569773074,0.025046973423,0.006226643961,0.003532771657,0.003818893634,0.009623707476,0.025684413397,0.046690800140,0.054756592827,0.075305720983,0.102269766226,0.116653285006,0.087373805833,0.055631275790,0.041667334834,0.053501640870,0.094155603585,0.199935738425,0.165018204137,0.043654415480,0.008073800318,0.005929573817,0.016773704702,0.018439704015,0.016321406321,0.024584799190,0.028129768867,0.033059552370,0.026296933189,0.022111264737,0.050701482549,0.063445254955,0.017037756171,0.003985798218,0.000941318896,0.000213996039,0.000114355158,0.000228540489,0.001083649640,0.008936595465,0.098923605589,0.458762012928
0.722357690360,0.344228100118,0.188038773949,0.061381220537,0.006754446772,0.000524824964,0.000095357480,0.000078469718,0.000078994377,0.000096357190,0.000260151407,0.002405432349,0.003462459395,0.003625255611,0.019196943996,0.118554041661,0.230659756218,0.188956927256,0.086797897260,0.029781174022,0.008229317994,0.003519417777,0.003383691360,0.009096987762,0.026295539435,0.049142005112,0.060029052520,0.089457767319,0.120039983897,0.115854944767,0.074137463692,0.048979483579,0.042791938927,0.070926446977,0.154598102925,0.286797476718,0.189775080045,0.049113869686,0.008554998233,0.003406036411,0.005042464902,0.006279230227,0.009526059004,0.013034667241,0.015546897366,0.025277062849,0.066889003525,0.054654473069,0.034596401360,0.030874922943,0.014432338131,0.008018148417,0.003292845475,0.001087788423,0.000636041839,0.000803477885,0.001501629995,0.009059544568,0.093645431167,0.491706541948
0.729015963761,0.321730095183,0.161088158450,0.068676968970,0.014167988507,0.001356550794,0.000108746885,0.000064331926,0.000058615533,0.000064710517,0.000113688246,0.000543428934,0.001433710551,0.003425031331,0.017493791081,0.098908551298,0.203850179145,0.162761760711,0.077227978221,0.013603717285,0.004399110963,0.006212985968,0.011092858302,0.009174386744,0.024969609944,0.056814869882,0.085167676998,0.135476593015,0.151578355597,0.102593065249,0.046654573287,0.028566558651,0.028781290874,0.061644242170,0.178341634368,0.333283581432,0.162682905110,0.043396310227,0.013413223630,0.005864531727,0.008430720621,0.010696218362,0.012249294198,0.012067189539,0.012798724524,0.019045493334,0.037374015545,0.050983572140,0.027396196236,0.008496930213,0.006349154768,0.008344948453,0.011550509318,0.012684441590,0.012259516828,0.005418581226,0.002056483800,0.006592100263,0.069004046411,0.468020855401
0.763889134883,0.350066458654,0.148776213693,0.065148955267,0.019994678894,0.002961280309,0.000270729382,0.000096416545,0.000080031084,0.000090340660,0.000178425048,0.000623795492,0.002344885418,0.006858216949,0.025615730036,0.102927165430,0.185385414476,0.117690881911,0.044434338316,0.017284877358,0.011181928080,0.016200755074,0.008874396664,0.014648331131,0.040245846385,0.079588535553,0.115502567787,0.181907270031,0.175483262841,0.084642665526,0.027290518420,0.014406745863,0.019014878881,0.065499886500,0.252605690275,0.309647491486,0.092695067791,0.015760929429,0.005030851253,0.004636959937,0.012443433564,0.022831576905,0.025434277923,0.019170129789,0.015360434311,0.017422577673,0.027044311768,0.040625634854,0.034249801532,0.024143867018,0.007698945480,0.005487708281,0.008847083494,0.017436969996,0.028231128121,0.013684554197,0.003637080259,0.006045534448,0.048923798040,0.383951755111
0.761662200112,0.366824927879,0.176486492381,0.086435671804,0.039880607496,0.007813222912,0.000913835924,0.000203266585,0.000125111121,0.000157731881,0.000361168567,0.001389377055,0.005480411262,0.017107621381,0.047514584322,0.110227572998,0.146217206892,0.101066962567,0.052929284002,0.025395719658,0.013925558502,0.015731720873,0.015817913388,0.027561243941,0.065328946463,0.124681360898,0.177099724868,0.248891143874,0.194636614697,0.067431299513,0.016217221812,0.009786632938,0.019418679852,0.066097889602,0.245498451130,0.375194745915,0.157628488994,0.023261448159,0.004707393039,0.003985790477,0.011777811083,0.024912155844,0.035005673057,0.035642959483,0.036604525005,0.035474058443,0.036201102462,0.055691268524,0.054693235031,0.022504742305,0.008702787163,0.005060658172,0.004889191988,0.011676667102,0.035009018872,0.047534758549,0.026946961651,0.018055599254,0.073323218101,0.416216783543
0.706334120374,0.299438592839,0.180672912630,0.121641052792,0.048400014189,0.005594955930,0.000562102464,0.000194766299,0.000179229148,0.000298915691,0.001054574563,0.004419630516,0.019613398027,0.046335590913,0.086465818189,0.126102947400,0.119866570917,0.076187264748,0.043066059451,0.024388399315,0.012528871583,0.010163148037,0.012188417695,0.027824267478,0.080650324131,0.187751789713,0.265589787602,0.296304360112,0.181604991155,0.044960161993,0.008505336403,0.004342785393,0.007958255879,0.036074197567,0.163649131756,0.337450682335,0.183639796713,0.027523423637,0.003327408074,0.002073727394,0.006172876089,0.015116378848,0.029167744535,0.042089560691,0.052168531609,0.064465015763,0.056755450938,0.047791273891,0.055749174139,0.033136237550,0.008363441302,0.004503706621,0.005555228435,0.015501794447,0.032805744480,0.059953461167,0.073518158104,0.048560252289,0.127483303937,0.514237972420
0.739614065272,0.354513466623,0.171255294731,0.069725297737,0.020031389038,0.003145316409,0.000453784047,0.000215535607,0.000256181199,0.000419188635,0.000970363797,0.004244033707,0.016457707694,0.041618606787,0.097951958756,0.125062526155,0.095190360303,0.054193669593,0.029613817387,0.018729939350,0.010245134128,0.008544401250,0.010414152935,0.025896195446,0.089367618616,0.235856140200,0.318790820034,0.299357178146,0.168363775138,0.049473494625,0.014351737346,0.010498061259,0.019566439291,0.045813410556,0.156825765549,0.354321901872,0.182943763549,0.025219494284,0.003720128584,0.002222516465,0.007117669144,0.015825147049,0.028332053085,0.047902950433,0.075019827949,0.097813659971,0.067755397209,0.046022690752,0.054762428534,0.022153538345,0.007173917749,0.004913481222,0.007635853564,0.020513306482,0.035320228756,0.038873952131,0.045315363573,0.045303125310,0.123713805468,0.470140214558
0.762307749585,0.398994014083,0.107781211464,0.023195403311,0.007720001249,0.002621514106,0.000678830778,0.000351650259,0.000511197341,0.000864011377,0.002318018779,0.004638758805,0.009745060940,0.033242334102,0.088749781034,0.115752030312,0.078112263136,0.036468318614,0.016037331823,0.010142559427,0.007046453152,0.008439056536,0.013352486374,0.032270293080,0.102330801556,0.272037623421,0.360175778738,0.292945438763,0.146809791632,0.068780512894,0.035893712400,0.017835621431,0.017061045350,0.043860458271,0.172299871349,0.407607744570,0.203010801876,0.033813475237,0.008147218249,0.005344093146,0.012557794281,0.027124963747,0.057061208258,0.072898714936,0.092753333719,0.100552332975,0.055551595229,0.027097320082,0.028876706524,0.042358120295,0.024264181507,0.011463797144,0.014746883585,0.017979654840,0.024757856179,0.037396744877,0.041426246102,0.052326869222,0.123314008459,0.407783649013
0.643652240792,0.470927267593,0.140408016565,0.025955988349,0.008169963757,0.003574468059,0.001328195266,0.000698907082,0.001169770354,0.002986365409,0.002808577985,0.004006406060,0.010751050445,0.032237573236,0.081241084161,0.103434214874,0.061658061732,0.023049308568,0.008309024370,0.004866808171,0.004214064681,0.007766959407,0.018615337688,0.048986605148,0.138165460790,0.312113900680,0.378604932772,0.299925084691,0.135521610555,0.050545655460,0.022286620021,0.022714060464,0.036540620347,0.067820617286,0.218134418944,0.427780238940,0.178854505859,0.043339645442,0.017142613230,0.014830334817,0.029353232002,0.044642984342,0.072545914616,0.098747565712,0.109750821428,0.085123824942,0.037258017175,0.013681163094,0.012297260277,0.027167378819,0.015961359968,0.007112785011,0.004725415159,0.006918113834,0.013231539965,0.030168963236,0.047320631884,0.072101274972,0.121460355150,0.310160006986
0.556486233548,0.510955509842,0.256961047920,0.072129689152,0.015501538629,0.002156549760,0.000673740993,0.000671692535,0.001373615992,0.003116806060,0.003418944665,0.005256564420,0.011598106313,0.028818426666,0.067456972531,0.085076316831,0.051178902267,0.017336108282,0.005402182824,0.002689401266,0.002582245709,0.007245079244,0.027041536686,0.077935927152,0.182428154153,0.331760342896,0.376525985150,0.306399205619,0.133130841032,0.050590820836,0.021435982371,0.013007161028,0.034281216848,0.107574865517,0.249842832413,0.402204332312,0.173301357541,0.056623412658,0.026524948544,0.025869789744,0.049116168608,0.066340267373,0.079990552015,0.083888513413,0.077634700988,0.064498312006,0.041725451672,0.028191790155,0.014181576762,0.012843841839,0.013706141853,0.009128442491,0.005788692349,0.006343928396,0.007766928738,0.009842314431,0.015855295560,0.036734299479,0.092972042714,0.259633900415
0.599282539702,0.453548007882,0.254930337961,0.128789917310,0.037484506241,0.003458090074,0.000681844391,0.000559637501,0.000578652246,0.000929433999,0.001989066697,0.005289184798,0.010233491803,0.021623065845,0.046382211064,0.055203078128,0.034188212304,0.012229607977,0.003821685553,0.001706588301,0.001574142973,0.004987023203,0.023612677148,0.075604518359,0.174267747762,0.322585923385,0.389063542998,0.335337181322,0.137546875144,0.049292965724,0.023607111526,0.015846833570,0.019692771308,0.062192188367,0.180785641031,0.425629553424,0.231946582169,0.055207200425,0.023468127914,0.024037079976,0.049837423049,0.074584100069,0.086362407094,0.074028774338,0.055985427953,0.036084296545,0.018355619604,0.015765003469,0.013184164677,0.002132978410,0.001002145353,0.001315496810,0.002141957365,0.002723824469,0.001793879660,0.001244108807,0.001832430598,0.010014947369,0.067661426664,0.290879910117
0.630058884546,0.463580619739,0.294534101797,0.138904287802,0.040453620977,0.004909681802,0.000899640982,0.000706631632,0.000660353018,0.000843699254,0.001480703200,0.003291368764,0.006358792226,0.014248379687,0.032699087248,0.040191337379,0.026184630243,0.011168461442,0.004936385918,0.002150687981,0.001759992936,0.005398706279,0.025779877727,0.082873349590,0.171715679842,0.310015369943,0.388300412086,0.380595492853,0.166009637250,0.053016444517,0.022432068943,0.015289206008,0.022404048241,0.074597859709,0.195388461625,0.415016972447,0.309515137306,0.063819073974,0.022467802226,0.025418384008,0.053432632813,0.072272583860,0.072110058205,0.060429310059,0.046711769205,0.031905496707,0.022461112844,0.013940471091,0.002497197121,0.000712526919,0.000606220769,0.000603212706,0.000677435301,0.000667192685,0.000624518103,0.000593084366,0.000992396996,0.007555827455,0.059114073053,0.271113461873
0.629182658749,0.427481679766,0.216093520948,0.106149879451,0.035922540034,0.004576377257,0.000873566954,0.000616077792,0.000561698356,0.000672559514,0.001140656760,0.002434866258,0.005191051729,0.013809246696,0.037561362552,0.052453366257,0.034747858387,0.020388069157,0.006179830453,0.002801822064,0.002585678667,0.005974032276,0.020683393135,0.059467362410,0.125541803273,0.269578993247,0.397397081964,0.429365141592,0.188719616988,0.054289540695,0.019833824003,0.013199985976,0.019750292104,0.069461929365,0.185339866716,0.415381285956,0.298049447952,0.063029045082,0.022159858591,0.023435159867,0.045362633885,0.063430833336,0.070613922305,0.060869289160,0.040100532598,0.022871133844,0.013811873283,0.005903562996,0.002873189464,0.002419715970,0.001768638895,0.001286201413,0.001551948731,0.002388149556,0.002084906113,0.000888761742,0.001732806146,0.012698898043,0.085258966280,0.263688013827
0.605504022074,0.494829446279,0.225725497174,0.072076805418,0.014363095922,0.002128277441,0.000712174566,0.000512332520,0.000436332029,0.000511936211,0.001110409320,0.002980068793,0.006666873127,0.018021019873,0.052130326145,0.082162998526,0.055252528964,0.020129955654,0.008067484912,0.004985248177,0.004078045567,0.006881904576,0.018946071120,0.056151489453,0.130480492152,0.285108483000,0.383010192767,0.377306569794,0.171860807271,0.051841092066,0.018048011998,0.011767863439,0.017194649732,0.054542845909,0.167600435878,0.408587187804,0.273986438694,0.063024648754,0.020148885757,0.018140540014,0.034469978606,0.050252130399,0.061204318041,0.057027275534,0.035218580652,0.017157433105,0.011999612617,0.010667630228,0.005519266953,0.001798730742,0.000497631031,0.000237907559,0.000335862218,0.001188210703,0.004574012502,0.007563928895,0.007017850784,0.010462781932,0.032764963698,0.168048368290
0.540561808868,0.635093936271,0.335835109754,0.065476554643,0.008046007612,0.001963802417,0.000872570827,0.000579586152,0.000484364811,0.000563496873,0.001111488793,0.003666343454,0.011687992112,0.033722625660,0.090896559430,0.128494269097,0.085263072158,0.033230423698,0.014314640643,0.009554555028,0.007586083141,0.010386485299,0.022663606096,0.061062996128,0.140109707654,0.305673132918,0.366148369215,0.307589260729,0.136700948691,0.046745840124,0.019657699902,0.014668647301,0.022215929139,0.064378151301,0.182570440458,0.432785437330,0.345134334884,0.077904550092,0.019072911155,0.013671091244,0.022403493533,0.030493454515,0.040403557459,0.047446740939,0.036940454924,0.018117014528,0.006968661784,0.003867880328,0.002361788546,0.001807669798,0.001132339300,0.001287448497,0.003395066654,0.010449593941,0.021672901071,0.019891584225,0.009257599763,0.006658264601,0.015753475205,0.106646994849
0.516842448738,0.584485315057,0.269739151731,0.072601256060,0.014447554807,0.004029444521,0.001450093581,0.000828078701,0.000682757431,0.000840235362,0.001487053739,0.003903988092,0.012458439666,0.036873593134,0.100484138118,0.164042247678,0.140327949821,0.062603752690,0.025525739627,0.014787148405,0.009932483420,0.011451512699,0.020581272544,0.051820612977,0.130065121144,0.311561301799,0.365313639624,0.290071160786,0.134818466338,0.055593828991,0.027991191586,0.021187648251,0.029150317802,0.070880059083,0.174044092992,0.453927966592,0.312978435411,0.057334044367,0.014593351939,0.009049073993,0.012851605448,0.016928219294,0.024833100909,0.035145660549,0.032379546382,0.015267447475,0.003605816417,0.000828810779,0.000748932460,0.000873765092,0.000671532722,0.000813549109,0.001437428119,0.005025664630,0.018143710324,0.023260340385,0.013739538790,0.009348877715,0.015682683887,0.106255039273
0.546838147736,0.528551993996,0.228297730107,0.071234905632,0.022941986838,0.008121447117,0.002555346294,0.001292482378,0.001110728637,0.001523568180,0.002422456839,0.004744654278,0.012159179666,0.032796436560,0.097922638786,0.202362169315,0.215777841035,0.107146607301,0.045891868085,0.025639309833,0.015616111770,0.016027393364,0.024011602222,0.050512083725,0.114272999494,0.257822901382,0.327582819084,0.303984832815,0.160093460792,0.069600792400,0.040019022831,0.034305669013,0.043979880013,0.082102820288,0.163289467523,0.434034832929,0.361340264236,0.063357073332,0.012883425089,0.006945765165,0.008426740598,0.009869767499,0.014429083243,0.024183007029,0.029500395450,0.018883987495,0.005410013721,0.000869060417,0.000224785814,0.000194769586,0.000352801934,0.001003199361,0.003383430224,0.012319032144,0.031266153242,0.029412724946,0.018214262058,0.013942174366,0.024136248414,0.152351672264
0.522288219968,0.432070607642,0.226248861232,0.118811966454,0.048058819526,0.016531450829,0.004876744175,0.002682035609,0.002944086177,0.003667071854,0.003665347978,0.005603992890,0.010560626544,0.029168715945,0.098623201308,0.230086590546,0.252046680055,0.115868821958,0.049392888113,0.031523458907,0.025491696540,0.032301144183,0.046200317951,0.073241290686,0.119795353462,0.221554884222,0.285343917033,0.309277403691,0.180199523915,0.069198024800,0.037393498724,0.036629822495,0.052508210673,0.096497479334,0.182645826201,0.485062468708,0.401925996406,0.075186840526,0.014544907468,0.006495844614,0.006185353291,0.005765546801,0.006350087043,0.009958707918,0.016070409673,0.018825484401,0.011186768881,0.002692450810,0.000661643500,0.000454357640,0.001100920263,0.003253373652,0.006017965434,0.012587817327,0.033699426562,0.040629976817,0.024052431379,0.011732424266,0.029939970096,0.170887927926
0.414225604670,0.373856253741,0.242951852656,0.122447548611,0.041072543527,0.021485087671,0.008246545000,0.004743246817,0.004244592768,0.003915697791,0.003824346077,0.005624641749,0.012039691505,0.031392493416,0.092294344191,0.192924563416,0.202043979800,0.104573624475,0.069444242904,0.072680982427,0.071719637476,0.079242176222,0.092107418645,0.114049199137,0.138372084457,0.195160014361,0.238906685742,0.340413909940,0.241580323920,0.082054393085,0.039280269523,0.038286857236,0.064484059351,0.126573762295,0.231083430519,0.648650347384,0.394757474355,0.059734741410,0.013020988348,0.006287926828,0.006408098440,0.004541163453,0.003759107965,0.005599788298,0.008823495554,0.010619121558,0.008904511168,0.004948876746,0.002007979367,0.001281923299,0.001904515809,0.006330311547,0.009849524037,0.011656434884,0.019644093163,0.040772036455,0.050844558677,0.044763916218,0.059803604860,0.172756835853
0.407442837219,0.411979405021,0.257275027468,0.102745026478,0.049474723880,0.059947287463,0.040604103757,0.019009716542,0.006079545205,0.002602201541,0.003194099678,0.009281129580,0.031619397986,0.081306544229,0.143356266983,0.163152826361,0.144388065993,0.090459627134,0.092437072121,0.132915838632,0.137314118649,0.140570924374,0.104341977874,0.125526861946,0.203881894884,0.258391640830,0.227246515450,0.283675450560,0.274453234580,0.142126879792,0.067695242215,0.057994426003,0.105359448203,0.210635319404,0.244554310024,0.384871699679,0.456435143620,0.249144206668,0.061265693851,0.024433546810,0.018763165500,0.009532178333,0.005182477290,0.004851156771,0.007833961006,0.014287754791,0.014932059744,0.009609402305,0.004440933265,0.002697248884,0.003752206596,0.007688393450,0.007377577992,0.007799681564,0.013034513339,0.037593405645,0.059657287600,0.077038283990,0.134822913815,0.241994899736
0.433667912496,0.373143001512,0.186265420862,0.073709177248,0.037551371172,0.042779114477,0.040054952275,0.029908473554,0.016883587506,0.009121757198,0.010456333429,0.022468150141,0.053432519519,0.128075822309,0.192662633408,0.163761574972,0.105779425368,0.054689228354,0.063360540294,0.110886948054,0.159501127617,0.200474085153,0.161366356770,0.178642705732,0.244312721899,0.288514640970,0.269509196814,0.274855212835,0.256324654297,0.178358398422,0.112041472511,0.095601976208,0.116039126153,0.155861425016,0.192012858291,0.374232284419,0.446784079348,0.230967241658,0.114818238742,0.087048368343,0.072020704733,0.039011232143,0.021018554653,0.012966712654,0.012418147047,0.014474803871,0.015121444846,0.010348465181,0.004820693140,0.002022635548,0.002336195101,0.004622257064,0.004442077490,0.008438841409,0.022599942516,0.048181077455,0.076145381005,0.132999905114,0.178255049613,0.239725511527
0.373243720513,0.364275758705,0.226099365893,0.142317304713,0.098985935565,0.078156279781,0.054867990938,0.043657238486,0.034652097714,0.030395691506,0.037749397567,0.070629869047,0.112806611860,0.174035710008,0.172958333364,0.106586414906,0.059579792248,0.049039071317,0.097193602216,0.177909380483,0.213191913457,0.206274738484,0.169123673995,0.175034288402,0.222840348144,0.269356877003,0.269112835641,0.260785223587,0.277602454749,0.225903234721,0.159952691673,0.130550509246,0.135112823056,0.151722187431,0.159147677481,0.220606188389,0.229749388168,0.205324891732,0.237218851836,0.220744538599,0.139364605539,0.064987249403,0.039992380529,0.024213182538,0.014988936256,0.011139075632,0.010287976765,0.010031758251,0.009082650516,0.007442041055,0.005401896255,0.003955588269,0.005476160319,0.014686619823,0.026246568224,0.053123602407,0.109325930844,0.210271306437,0.258847271447,0.277271493472
0.337339688482,0.252989218443,0.202680170076,0.226096459435,0.193364711268,0.122587620819,0.076286962771,0.062502335335,0.051014823513,0.048490341165,0.062385648993,0.090083337386,0.117606729041,0.160082263797,0.180663010774,0.164498900410,0.096772085162,0.056182244544,0.063218304852,0.118199159956,0.160934853552,0.153692412050,0.138895328857,0.139495449037,0.148219087462,0.153838434578,0.158298376417,0.201056370615,0.276739876547,0.269294850161,0.191896972326,0.141796779247,0.135616318395,0.119778897734,0.082545150276,0.066421014113,0.066977433908,0.116388540098,0.218638036878,0.247227352483,0.176527113353,0.127111794376,0.114997942267,0.084748479537,0.065630108404,0.043810888349,0.019516916827,0.015476429984,0.018921734877,0.031054372172,0.041414339021,0.038393779716,0.030019184734,0.031763335171,0.036589557587,0.053806213747,0.108029539547,0.227973491431,0.338617103125,0.358834637195
0.342482584300,0.344316601012,0.330899746408,0.243968948572,0.138577705468,0.097904918294,0.078775751367,0.068663826267,0.046710300704,0.037346203905,0.036197862635,0.050333320343,0.080965991816,0.145452122682,0.173473853015,0.122015989748,0.062932891822,0.046124607078,0.055597789664,0.071978860092,0.075689099889,0.062737374806,0.055630228533,0.059976015753,0.066858135804,0.078220481828,0.098048379980,0.154117158150,0.248350546451,0.292243845712,0.218244243328,0.119819846946,0.070444480722,0.048775381396,0.041567741317,0.047975003287,0.066722297328,0.117785592536,0.185296019341,0.193300595330,0.187890075095,0.194083994443,0.185535890156,0.117700653750,0.071695422743,0.052687766265,0.036569906719,0.033372420154,0.038256844133,0.051983967436,0.063480525967,0.052606239895,0.039208976986,0.034199186634,0.040070187265,0.080906800533,0.148717406418,0.254396547425,0.291439084570,0.304907589395
0.365722485269,0.364194123260,0.330954999819,0.208173591507,0.127224039389,0.098114791444,0.071628168038,0.051051339649,0.027254148630,0.019444849793,0.020066778717,0.035649738425,0.081832140528,0.178944431002,0.227141030761,0.151737202986,0.072961636883,0.057450657685,0.083451328058,0.100428861962,0.083462827844,0.056646510105,0.048924157842,0.051123229841,0.057976335822,0.066460269515,0.085637913736,0.127471490546,0.181345345577,0.219892401097,0.180965675942,0.090728508377,0.043077988057,0.027089231458,0.025562713187,0.033864599933,0.048671346011,0.077827548090,0.120970601488,0.148541430460,0.158163308810,0.182036703031,0.210684665570,0.199303017201,0.162190314706,0.093123168544,0.064466295901,0.046917166394,0.040226908130,0.044252968726,0.039706909554,0.028319814414,0.020792842190,0.018276067801,0.028938922755,0.099274490359,0.187046593196,0.265317941884,0.259877963042,0.272613528378
0.312444481322,0.243334785673,0.190153742651,0.126677528083,0.090107403336,0.069308608332,0.043578409859,0.029122645582,0.018495638982,0.016742172240,0.022045508902,0.041408488882,0.093470385501,0.180464026382,0.223199033032,0.192341864675,0.169289161837,0.193312685004,0.253701141258,0.276270557518,0.217572979088,0.126640581940,0.071790709067,0.071581253093,0.085989049556,0.076746620706,0.073570348256,0.077666866724,0.113513798764,0.173305831885,0.186777407885,0.112202744241,0.066508750218,0.046461471724,0.054166547422,0.101225460374,0.130391590767,0.163079416351,0.161125414700,0.163631298357,0.194923402230,0.246811276879,0.283763441957,0.266936821997,0.252699587566,0.236483118176,0.187819603220,0.145869794415,0.113069257270,0.075254078701,0.036371212086,0.022274788556,0.019639394807,0.023086100675,0.035912094959,0.086243394906,0.141023755330,0.215544738737,0.262494031223,0.294649250533
0.371645366065,0.244028017467,0.161478125142,0.103525372021,0.091959219969,0.090576023791,0.053960645342,0.028889842721,0.014300109743,0.013160384632,0.019110922633,0.042643999841,0.103002069353,0.179309860054,0.186505146295,0.161054801521,0.148970270908,0.180420736766,0.240709429042,0.230558128620,0.163668302129,0.128325013894,0.085919815785,0.086550373506,0.098148586034,0.064727310210,0.038263505091,0.032343421199,0.063391958945,0.143148159257,0.203834410519,0.123313301307,0.056730414898,0.031821287796,0.032028274495,0.067985935010,0.128227641032,0.192070820881,0.166339586453,0.150854265797,0.177384698993,0.229201628474,0.267727678705,0.253330378850,0.253248938410,0.192274845665,0.140664217605,0.138317778099,0.158069560852,0.108820189769,0.042403663060,0.020387186758,0.015577203795,0.013264511996,0.021397405376,0.071736727633,0.139743569499,0.233059284800,0.302204439620,0.362127116150
0.457320729551,0.247105773738,0.152723308597,0.104649302200,0.103916570616,0.102033949599,0.051171818997,0.023064049762,0.010410954319,0.010699328214,0.016616343278,0.034761836786,0.085210570867,0.162478741921,0.160886015878,0.126901447275,0.104165794153,0.122474229295,0.156408780434,0.141715866086,0.080685493952,0.044210212303,0.051813896764,0.083680942861,0.085282893939,0.031561321604,0.009160711724,0.009299207469,0.033028465884,0.123774778252,0.209432061156,0.116591102829,0.044739618255,0.018811085232,0.014023783742,0.021902897226,0.044257474378,0.099408108198,0.161294135988,0.155443071925,0.161762675454,0.187780966335,0.220754297341,0.181135868869,0.163383471474,0.111166117655,0.087345805299,0.092366303145,0.125029336985,0.072648044911,0.030883038412,0.015461701189,0.009255146155,0.007358312625,0.012199579780,0.050189746478,0.105383284751,0.200119824461,0.331272338880,0.460918364034
0.393390626918,0.220840451114,0.185928500183,0.155796945877,0.122883642072,0.079955983150,0.030603482916,0.013417331432,0.007397712342,0.009790666743,0.018209640722,0.036666019374,0.077961907357,0.157107809561,0.174047050215,0.135128957830,0.091462582474,0.104025555819,0.140976694739,0.151880115499,0.105176082768,0.051180534788,0.035367246966,0.029234948840,0.017690854793,0.007128621808,0.003361490713,0.005565669827,0.026633113587,0.119611080231,0.207827674263,0.108387751183,0.034781893164,0.014105389350,0.012783788713,0.023184677869,0.039866028588,0.071653086648,0.108019157365,0.106551706688,0.134034054256,0.172477945641,0.283835849596,0.232000867866,0.148657021037,0.084593357585,0.069440120959,0.076022522645,0.098773412766,0.076290821752,0.052250716868,0.028438097432,0.014623887008,0.009369276886,0.008891966355,0.021100605513,0.056657756969,0.183295123678,0.424557353407,0.496258525175
0.455393980734,0.339418062232,0.302429476519,0.195174563974,0.093166490692,0.049426359403,0.020349626225,0.012020714826,0.009611529675,0.014600617840,0.029159797953,0.056893911076,0.081188312930,0.099525551826,0.112912169607,0.126065560832,0.128677018361,0.173797226114,0.211323908386,0.193959771090,0.099657799223,0.033977500990,0.013287490598,0.005930148659,0.002205077898,0.000981122266,0.001004130271,0.002763641487,0.016346871836,0.081732521268,0.185026590495,0.133257555964,0.050397038780,0.015581625336,0.007483271773,0.007872817370,0.014523147891,0.046922140465,0.133599538812,0.136211176216,0.169442222537,0.205019341749,0.296969738696,0.214480614038,0.132861798487,0.071288698958,0.063826481831,0.057467773259,0.070567219101,0.091563280349,0.080945128973,0.051638820133,0.029324452811,0.018828849975,0.015113654443,0.023358636042,0.046791075727,0.146242095732,0.316145927001,0.427042345659
0.464429932961,0.349366253086,0.310919231134,0.185968461495,0.085272337535,0.045501318629,0.017098044496,0.010557121291,0.009506062301,0.015374840360,0.030988461552,0.057094171563,0.070787558897,0.064328220492,0.070221358888,0.111704077605,0.179147482619,0.309944875287,0.306132700237,0.177573625763,0.075823877438,0.034671246497,0.012968139252,0.004981553819,0.002078042980,0.001043330647,0.001018896821,0.001924812706,0.009557304125,0.052796608731,0.121667292448,0.105331068887,0.085363674611,0.050181661816,0.019290091443,0.014396216445,0.021319975258,0.070599282191,0.171121595602,0.254056410815,0.331378004972,0.303609149754,0.336827998541,0.185539874024,0.122419370553,0.078723639172,0.067114411641,0.053169176595,0.062503995203,0.081213012951,0.081329739388,0.061458854353,0.038532093477,0.026637770576,0.023941351377,0.036501736998,0.052184223159,0.114803054501,0.230837139229,0.375956841542
0.378779789404,0.282023593610,0.330061538161,0.267117861137,0.150996754121,0.078604823002,0.018958780152,0.008563560979,0.007410562684,0.012534136655,0.026163509817,0.049072546229,0.061188166101,0.054826533825,0.062183637938,0.105632803917,0.171342112877,0.287429166602,0.335148077380,0.251902209470,0.111936301819,0.035093982642,0.008548152468,0.003855779328,0.002443580875,0.002449214573,0.002002164665,0.002787654542,0.009909358850,0.040496987149,0.067092947899,0.034913675679,0.020446123657,0.030945796159,0.055083374724,0.068456074821,0.041977765538,0.049199589553,0.071889404376,0.169998745598,0.370347721608,0.415140027905,0.436231961119,0.241695630024,0.147238709481,0.093353881491,0.075470016018,0.044964081090,0.042380811082,0.062812464396,0.087998751105,0.087042197809,0.058886012996,0.037859542677,0.032891795916,0.044676491804,0.058575197321,0.126249305204,0.258197776035,0.363749233006
0.333268812124,0.209416479793,0.245762133624,0.232038558428,0.179454736971,0.119389878237,0.033572265781,0.010911556315,0.006002831343,0.009048963003,0.018147459018,0.034438334680,0.045749930802,0.042275991704,0.049408828330,0.082282535485,0.139337034081,0.270678991977,0.290028692827,0.200820254126,0.131313621758,0.042228506502,0.010390944930,0.005511114802,0.003917905578,0.004002731463,0.005335846376,0.005570724501,0.009026176544,0.018132228110,0.022294590584,0.011374791848,0.004057934543,0.002511734966,0.011100312148,0.099240951038,0.182910416636,0.158450941810,0.093979573956,0.112374405410,0.228236246853,0.369063065671,0.578448214899,0.382002986686,0.246165786014,0.162987846960,0.099888265684,0.038365059541,0.029996569032,0.048850778663,0.085762931863,0.097981897178,0.068587945743,0.040805755950,0.032892721622,0.046793890348,0.070082863368,0.155210616764,0.306370682660,0.373041660595
0.304927343018,0.141539214201,0.128613339910,0.120182292783,0.138431718243,0.141968889455,0.056297427750,0.017069619370,0.005994349904,0.006559309271,0.011084383583,0.019892027575,0.027542058014,0.025632915553,0.025968682684,0.037366285888,0.082591255403,0.218620919979,0.274360681693,0.166463282329,0.125055115960,0.101672418795,0.050489971740,0.014041675643,0.006585765447,0.003866304699,0.003616873579,0.004136908978,0.006021038919,0.009284429332,0.012493118584,0.008513459174,0.003466423485,0.001446145873,0.001429949187,0.007020050042,0.077498638800,0.443314330532,0.349325275043,0.166081570106,0.170006769911,0.267087267937,0.512014564624,0.437088523710,0.311575540271,0.169418403913,0.096012526707,0.034804816998,0.024058781725,0.040427896891,0.070337190191,0.075056345156,0.052573465685,0.034102548065,0.031039412597,0.045484565150,0.101640544794,0.179909236115,0.311521215809,0.376116194108
0.297930401204,0.154474505946,0.097060322035,0.064366010799,0.086790249780,0.157682893950,0.089732481776,0.026017262741,0.006304838467,0.005225589876,0.007381771882,0.011630951753,0.014958165212,0.013658293431,0.013098971967,0.014095268106,0.027125417040,0.112486275035,0.279171559515,0.187887392676,0.099382227215,0.094124085489,0.110179494942,0.070707017104,0.020575986973,0.006524943921,0.005095363918,0.004631352082,0.005519981274,0.007537898711,0.010767557002,0.010548116807,0.014744880584,0.012434069618,0.005888517534,0.007144130643,0.021674291539,0.146148198722,0.379024200015,0.419270938656,0.332170462525,0.351016960400,0.548002466533,0.447906245681,0.298703952141,0.126679043310,0.073006390461,0.055436529958,0.038594218796,0.032327331293,0.046519275940,0.050794644106,0.040856578423,0.032480153696,0.034798949013,0.053501947696,0.085800512741,0.203744338184,0.265021084516,0.289672549788
0.175897396764,0.141941358540,0.096286586951,0.051886766646,0.053969456424,0.104514523557,0.068805867889,0.026393501964,0.006235758267,0.003721016942,0.003980095299,0.005042093553,0.005591963772,0.005169077277,0.005810621782,0.008047848575,0.023204090435,0.038554725895,0.051539548464,0.102449624432,0.121733043804,0.091561731130,0.037645346602,0.022355917295,0.030297250359,0.014565903504,0.006855632829,0.005433850194,0.005529367318,0.006592471536,0.011055551378,0.028508633580,0.040099944319,0.015849395967,0.007732178972,0.012106564611,0.022644854353,0.055123548860,0.075086022773,0.172277505697,0.542352407030,0.739488033778,0.463454549397,0.271957858449,0.279667144582,0.183981634922,0.119025578941,0.106708316506,0.084541783360,0.063316364436,0.027953066010,0.026080625448,0.026750887163,0.027398212262,0.033610602432,0.051950807796,0.080100533325,0.126517145956,0.151636126379,0.192564736056
0.080953638778,0.095598880184,0.100104095816,0.068966155225,0.057707020077,0.068654629603,0.031150244047,0.014451019824,0.005710090766,0.002914079051,0.002005654535,0.001971209663,0.001827575898,0.001624552557,0.002047103889,0.002938577891,0.014992748443,0.035266575749,0.014347588395,0.015421905788,0.024938048444,0.020570323453,0.008280339347,0.007199914427,0.009109502845,0.010188961872,0.008414457762,0.007136931367,0.006972614314,0.007554372666,0.012597259704,0.030743607528,0.045992785059,0.024916753766,0.009466901863,0.010739501347,0.024374121367,0.071030105496,0.072820976141,0.058858022417,0.157840666613,0.636844877737,0.817049922321,0.278776689172,0.250611710686,0.258834831892,0.137110060420,0.041577170886,0.027001753683,0.045954306872,0.038402618307,0.017749176923,0.019063765050,0.023526505804,0.030533585253,0.045529074920,0.068191719415,0.082364728368,0.063647434529,0.057559491921
0.032309579549,0.035644985444,0.072781776624,0.113212432802,0.107478649924,0.068226413164,0.013950358582,0.003672869406,0.001479165054,0.001604851041,0.001852670920,0.001292180948,0.000823344244,0.000680841940,0.000886111082,0.001276582087,0.003749740577,0.014218781727,0.012345203543,0.007443594987,0.008452996966,0.012602625353,0.009957455961,0.007495442821,0.006940413929,0.006611456911,0.006767864662,0.008334119457,0.010182183709,0.010489315683,0.012594579955,0.025289910364,0.051930589436,0.039214455312,0.014962059817,0.012867290568,0.026763580633,0.082427359049,0.108741041732,0.085153937933,0.070935666176,0.195580394963,0.653140438008,0.743364458787,0.531069832932,0.262348851876,0.117015773058,0.036248663387,0.014137494586,0.012759131904,0.022990175517,0.020482780888,0.023075781089,0.030797604907,0.037390189986,0.056120240165,0.087070230200,0.080041120142,0.043685216506,0.026090681762
0.010408554658,0.009831201837,0.033968239534,0.113978131814,0.113331606905,0.032595314112,0.002534541545,0.000432728255,0.000234638911,0.000809060109,0.005248192779,0.002791489797,0.000448186544,0.000256697185,0.000294935255,0.000351920861,0.000653535404,0.002026785015,0.007658496625,0.010761302113,0.005869082458,0.004282472456,0.005792916962,0.008513710019,0.006973836531,0.004559464220,0.004098485211,0.007021487728,0.012959705085,0.016058628946,0.013931751747,0.013493991859,0.022199365917,0.024412945425,0.016591048735,0.014901053526,0.019922763518,0.047461718316,0.073581036903,0.072134297384,0.037711635123,0.033003863747,0.149820692666,0.626256821000,0.922048191533,0.236385309346,0.054139675088,0.026230844239,0.015689403934,0.010001858260,0.006017144436,0.006042825920,0.012186634646,0.044502726700,0.047624748206,0.050650185156,0.056091110611,0.036540202115,0.016745087772,0.007283110426
0.003048382050,0.003230105614,0.018859257989,0.087299586279,0.096209816729,0.022939107099,0.001491492320,0.000297645829,0.000179186462,0.000303713402,0.002000187731,0.001949261805,0.000396579411,0.000175108656,0.000128783936,0.000126036109,0.000195858850,0.000405487445,0.002717683336,0.011122412756,0.005033189014,0.003057311857,0.006378522127,0.016344797983,0.014223286781,0.005734242994,0.004687234782,0.009590534600,0.022728285507,0.031069774844,0.021425415354,0.012611003383,0.016567521829,0.019677536972,0.018026083285,0.019771190883,0.023042157112,0.036762286763,0.042719663311,0.038346755408,0.020492343072,0.013436339278,0.040162019672,0.292384919009,1.027144398275,0.451080830167,0.087561892542,0.042228189383,0.023287232575,0.010259485479,0.003284941131,0.002675472168,0.006161619749,0.023318245432,0.034118995721,0.032651218458,0.027242361771,0.013093277623,0.004610083795,0.001893788856
0.000807821168,0.001084229083,0.007718561311,0.037624128313,0.060318880327,0.030749825107,0.004757990254,0.001209675233,0.000469030398,0.000335479068,0.000513381458,0.001369071567,0.002183106803,0.000404483337,0.000092093029,0.000077669350,0.000095467981,0.000150127724,0.000317908413,0.001064417013,0.005715025991,0.004739461420,0.005593678650,0.009881674131,0.010782566959,0.008635815663,0.006947372269,0.012535192458,0.027927909684,0.037172345379,0.025648123220,0.013785428839,0.011566100531,0.015099292075,0.019178722003,0.024429342731,0.030650943147,0.037799181597,0.034912333380,0.026395305722,0.014626777830,0.010030487811,0.014258652054,0.058527334694,0.534668469477,0.975304085450,0.352961623224,0.101934327802,0.028666483404,0.008962506964,0.002126473714,0.001355003690,0.002466935649,0.006311248148,0.010803647026,0.011036060047,0.006938382957,0.003319980459,0.001328842356,0.000614241981
0.000693338545,0.001631348709,0.008978909869,0.023196022939,0.027468134885,0.018547635935,0.004934744654,0.001585124058,0.000492113428,0.000270904356,0.000340679429,0.001287291717,0.004761587202,0.001001448378,0.000085261484,0.000051329734,0.000052535013,0.000064583951,0.000135728704,0.000310240830,0.001254655339,0.003730265693,0.005264566874,0.010864332837,0.014467440537,0.014854115147,0.011323654498,0.014592482493,0.023122546579,0.026984817305,0.020950883331,0.012666281704,0.009795312619,0.012568285206,0.017383627777,0.023469202224,0.026320924976,0.032405269229,0.028955031511,0.018655657874,0.010763318371,0.007589885967,0.010048601643,0.025205858975,0.195053083475,0.906878936446,0.715597354451,0.168820004673,0.024700212048,0.005945563506,0.001193669549,0.000508602622,0.000508986611,0.000854583944,0.001195997635,0.001166259543,0.000788972006,0.000564251952,0.000394342649,0.000371052327
0.003235217599,0.006815583137,0.018436816113,0.022825112229,0.015550145636,0.008731235305,0.002583207643,0.001065547087,0.000403249995,0.000261424943,0.000568761541,0.002693417311,0.005658185800,0.002056119426,0.000330851678,0.000055420670,0.000050000000,0.000060499854,0.000120927093,0.000232640489,0.001099113881,0.004467299587,0.004617707691,0.010085966482,0.014632159035,0.017684376255,0.012890885681,0.011870385336,0.013214298662,0.013245284721,0.012614613548,0.010580839685,0.009519478673,0.011934905747,0.016204216777,0.022644907884,0.025634389918,0.027189198169,0.022880523493,0.013895352403,0.007935321407,0.005782246290,0.007918974644,0.014945073757,0.069625877792,0.521095081420,0.993813818689,0.257076103360,0.020411882599,0.003295049992,0.000749647426,0.000364739276,0.000308416635,0.000354770699,0.000390650927,0.000493647006,0.000554444531,0.000636556819,0.000748967789,0.001244029509
0.004994095349,0.006877829259,0.015350218746,0.020196088823,0.016233282020,0.009864580358,0.002455886447,0.000843429378,0.000317197250,0.000422229305,0.002219708934,0.002583890811,0.001174424697,0.000300101993,0.000109400477,0.000059999258,0.000050000000,0.000059825969,0.000095893383,0.000168443036,0.000554395830,0.002816049307,0.005128587661,0.010311072857,0.015551367676,0.019096579464,0.012612116325,0.009167073364,0.007582487799,0.006645082125,0.007018737063,0.008062962713,0.010531345638,0.015667814325,0.018166747630,0.020544896423,0.020874482944,0.023384710662,0.020138632505,0.012837204651,0.007660925209,0.005256957981,0.005865262422,0.008522011739,0.028448743987,0.272617241186,1.024510527772,0.420321898991,0.031562269433,0.003774596027,0.001046636939,0.000576022782,0.000381706200,0.000259694910,0.000191497969,0.000232687212,0.000331744755,0.000560587826,0.001244846019,0.002617711349
0.004831544885,0.005587642597,0.011880340060,0.015025837290,0.014838084240,0.013097872662,0.003906023220,0.001277523454,0.000406704641,0.000282147594,0.000387866324,0.000478209036,0.000489758308,0.000421967163,0.000293449817,0.000192774413,0.000131208691,0.000050317401,0.000067539127,0.000114592308,0.000420615735,0.004024728264,0.007175827976,0.011609849966,0.014347122288,0.015715953633,0.011030485647,0.007937205156,0.005951255589,0.004913544367,0.004897293907,0.006503810138,0.011477894978,0.018496730097,0.016626550367,0.014994698631,0.013594815250,0.015479363607,0.014032411315,0.011908046837,0.009641988628,0.007084629941,0.005447863668,0.005283332261,0.012280743179,0.134426888363,0.952527835596,0.565954945772,0.060721777231,0.007194724595,0.002402397681,0.001330749154,0.000594616526,0.000217240781,0.000101134571,0.000075235060,0.000114957630,0.000374575289,0.001382490622,0.003081627983
0.005484998470,0.004016169357,0.005319654557,0.006616163138,0.011275020506,0.014907051665,0.003665445764,0.000613007365,0.000138291332,0.000083880495,0.000079347176,0.000150571965,0.000657758666,0.000854905964,0.000590819398,0.000324974808,0.000186358831,0.000071886310,0.000058951508,0.000100912599,0.000537530381,0.004813720558,0.011479404065,0.012949890750,0.011791684954,0.010872201642,0.007753484305,0.006683334909,0.005557508415,0.005173753961,0.005182416861,0.007234105778,0.013115845555,0.018250283666,0.011725420163,0.008227272349,0.006629533061,0.007025830530,0.007577387638,0.011740511444,0.015392692598,0.011967153355,0.005679520998,0.003283984942,0.006081162724,0.077526600033,0.759637784731,0.755579040417,0.128537974346,0.012077381934,0.002655679927,0.001107676071,0.000374048089,0.000149196050,0.000082237660,0.000060732403,0.000089509551,0.000328311580,0.001407778268,0.003650761712
0.004606440182,0.003698054109,0.005342615602,0.006942560500,0.009073691527,0.007043435548,0.001205593768,0.000234827556,0.000092984884,0.000075984831,0.000076897325,0.000087037796,0.000074440999,0.000117506658,0.000293424285,0.000251986748,0.000118395932,0.000056647284,0.000068277619,0.000201317455,0.001062204885,0.005958778646,0.016524448773,0.011335313072,0.008169569894,0.008259039013,0.006992815463,0.006641133162,0.005927045805,0.005830993034,0.006005375007,0.008332888349,0.013730490350,0.017391643273,0.010195168463,0.005361570739,0.003185160992,0.003217642905,0.004612208002,0.009942347005,0.016277782266,0.014820609447,0.007194963651,0.003892194592,0.005531070847,0.041594997420,0.458561545470,0.955483269425,0.251657736444,0.023539222076,0.003540366064,0.001273284314,0.000318998811,0.000114721146,0.000088306199,0.000078091842,0.000099503139,0.000249814054,0.000853508840,0.002457997244
0.005284172519,0.004224814910,0.005750844941,0.006171411129,0.005251843766,0.002985305565,0.000541582228,0.000146981897,0.000074549219,0.000061264939,0.000057311124,0.000061232871,0.000062994699,0.000102984137,0.000384945783,0.000685496080,0.000553908317,0.000434281938,0.000479110930,0.000691576593,0.001626869647,0.004972899018,0.013320629865,0.010988847169,0.006148238153,0.008442762127,0.010772692685,0.010753928085,0.008405370327,0.006924952921,0.006418777586,0.007779914361,0.010915764763,0.014872862421,0.010626842013,0.004840096740,0.002221083559,0.002288832412,0.003981597155,0.008608908172,0.013306518621,0.012939193802,0.008050431378,0.005350433412,0.006186212372,0.027414967143,0.271439559103,0.929444944182,0.445484570900,0.052083562420,0.007242617498,0.002236746568,0.000748592384,0.000275926784,0.000106176092,0.000072127941,0.000088787337,0.000227051234,0.000905939495,0.002825016296
0.004678999556,0.004205454514,0.006236953931,0.005884110421,0.002751259110,0.000753478753,0.000115068311,0.000057969643,0.000050000000,0.000052182628,0.000069011759,0.000081058009,0.000075657597,0.000059881033,0.000087835621,0.000411515269,0.001799737586,0.003977271013,0.003595619630,0.001852822297,0.001780402564,0.003772182816,0.012743566082,0.016577991995,0.008247619546,0.011594638802,0.013618077328,0.011439932935,0.008478233304,0.006909696721,0.006625639611,0.007462931305,0.009347510019,0.012749892541,0.009549850323,0.004565935537,0.002343676651,0.002803925358,0.004916931766,0.008298634387,0.009325624177,0.008093305085,0.005743372167,0.004763378335,0.006226297094,0.016757626511,0.120660385956,0.709028687196,0.745698380517,0.111463279154,0.011459043802,0.002202899416,0.000766833674,0.000510569113,0.000324380693,0.000092838575,0.000084978722,0.000139410104,0.000583200558,0.002234743383
0.002293663663,0.002765860121,0.004380320806,0.003472405655,0.001557748541,0.000490710833,0.000098743026,0.000053409754,0.000050000000,0.000051790774,0.000070258742,0.000091761155,0.000096989119,0.000081674624,0.000186535748,0.000710497084,0.002607715223,0.006090011845,0.004445676287,0.001313581052,0.000633519399,0.001364065990,0.007887072737,0.015916299614,0.009757001239,0.014459677965,0.016078851991,0.014171787161,0.009532736657,0.006491532072,0.005639072535,0.006021464792,0.007684214458,0.010655351523,0.007404711639,0.003953081606,0.002484110109,0.003222496585,0.005014171833,0.007225600371,0.007848601447,0.007523983737,0.005258822643,0.004137957413,0.005496844564,0.011080365687,0.055936008450,0.448481943359,0.889027292040,0.229632384916,0.028591146134,0.004848953765,0.001642678106,0.000470673807,0.000155826951,0.000064497457,0.000050000000,0.000055433071,0.000208438648,0.000823065671
0.000408833970,0.000929193746,0.002147081576,0.001644464994,0.001020814667,0.000544734394,0.000141989311,0.000064486771,0.000050000000,0.000052997395,0.000077797820,0.000127007635,0.000150921028,0.000119349802,0.000131502695,0.000471761924,0.003536395954,0.009112690608,0.006021755611,0.001571797981,0.000636232436,0.001265088090,0.006087012157,0.014237226138,0.012131752929,0.015471130961,0.018426976975,0.019749056139,0.012804355972,0.007497604795,0.004993089595,0.004102030446,0.005255359605,0.009049305231,0.008180214186,0.005640231944,0.003438966291,0.003102485134,0.003186580096,0.004570994060,0.006979446138,0.009941118563,0.007189221917,0.003788556414,0.003158099110,0.005632685994,0.031737242957,0.287036347349,0.875260557230,0.424292390117,0.077136933181,0.013682916188,0.004485256040,0.001919489020,0.000912862925,0.000185564201,0.000051741170,0.000050000000,0.000074482135,0.000143579896
0.000112088110,0.000232818833,0.000677744892,0.000698311446,0.000791965959,0.000749745158,0.000243149516,0.000076743500,0.000050513216,0.000053538664,0.000108906148,0.000279357757,0.000322364101,0.000256582704,0.000305409560,0.000830905482,0.003974627912,0.010018031017,0.005835109378,0.002009099626,0.001276811880,0.001932099399,0.003104324776,0.008082404088,0.013632246659,0.014271742577,0.021202397183,0.027116169427,0.014543738725,0.006494601046,0.003487324935,0.002750151974,0.004094605061,0.008411609069,0.008983176831,0.006775337932,0.003125638387,0.001588240241,0.001237809774,0.002886097820,0.007828082015,0.012112048448,0.007434360698,0.002266939039,0.001061206150,0.002352254996,0.020571486441,0.184170000551,0.680971502866,0.717952213932,0.168373984561,0.022929536514,0.006347383771,0.003439226356,0.002356032145,0.000447995804,0.000061636532,0.000050000000,0.000050521357,0.000063830368
0.000179615488,0.000273013408,0.000723220866,0.000883373087,0.001155820825,0.001140535458,0.000465944497,0.000150550940,0.000076533490,0.000086365778,0.000263475427,0.000641831896,0.000648243956,0.000587546388,0.000759132776,0.001340692375,0.003728851430,0.008761845922,0.005594816873,0.003294672339,0.003135474025,0.003967248237,0.003893689686,0.006100017963,0.010459623930,0.013500434071,0.021962560930,0.025630627390,0.013421007610,0.006787206017,0.003664405216,0.002516557165,0.003206979474,0.005876975583,0.006947180827,0.005347828050,0.002172831797,0.000749444868,0.000393401059,0.000845567123,0.002791156789,0.006322467404,0.005209508062,0.002364114340,0.001413305807,0.003577273678,0.022601526703,0.101709339410,0.390475515782,0.866411924358,0.362440047794,0.052883045956,0.006787562807,0.001081313085,0.000404275820,0.000263653291,0.000155089030,0.000068245363,0.000052551798,0.000077501772
0.000134910892,0.000224596829,0.000723227695,0.001020222392,0.001146197913,0.000895810944,0.000507244664,0.000353917128,0.000377614721,0.000541835081,0.000995826631,0.000986901458,0.000684105761,0.000649153218,0.000874887962,0.001143311839,0.001676603025,0.003405683813,0.004348723509,0.003095311207,0.003327744499,0.004372023014,0.004282518018,0.006672848933,0.012679555233,0.017823984114,0.022081861518,0.022073232293,0.012687256802,0.007416072948,0.003989874705,0.002637441241,0.003285661443,0.005477619400,0.006217224488,0.004173079591,0.001371757910,0.000391006406,0.000212148786,0.000469650327,0.002104883393,0.005752737090,0.008346752409,0.005674690235,0.004890937989,0.008848446469,0.021641648979,0.045428521391,0.177929675737,0.779527563706,0.627722418205,0.105150852184,0.009335876378,0.000951808590,0.000287029905,0.000218389382,0.000167167543,0.000099442513,0.000068185940,0.000081279565
0.000148349647,0.000151722684,0.000423700548,0.000640841808,0.000808243254,0.000672329158,0.000408858099,0.000384874515,0.000617785255,0.001090162385,0.001293416434,0.000672333927,0.000420622623,0.000405849863,0.000541609085,0.000669637801,0.000896334055,0.001922224506,0.003186465275,0.002956540941,0.003362137378,0.004752349997,0.004752426970,0.006991871099,0.013463928426,0.021475191001,0.021576722288,0.016548846913,0.008655344461,0.005477397267,0.003409614541,0.002746333161,0.004447604814,0.008902806326,0.009675738763,0.004968585070,0.001174226864,0.000337904206,0.000252517431,0.000596083484,0.001956025036,0.004534056027,0.005866395062,0.006210156129,0.006589739280,0.009914553544,0.015542741326,0.021795205535,0.076419749623,0.537549207314,0.838803011243,0.206270340206,0.019371250153,0.001886405979,0.000377803845,0.000110813012,0.000081764585,0.000088507435,0.000077342651,0.000098142056
0.000420076224,0.000162830806,0.000260275912,0.000347586667,0.000389271998,0.000316051113,0.000240164480,0.000312637653,0.000667074200,0.001371542056,0.001462719599,0.000541338771,0.000246133175,0.000188737350,0.000237321022,0.000375126482,0.000737748993,0.003108484098,0.006152254644,0.004729043047,0.004257619741,0.007754492933,0.008073653096,0.009329404396,0.015758993942,0.025720416248,0.019325006428,0.010184005085,0.004518483472,0.003245866146,0.002530030866,0.002755799591,0.005469706674,0.012012485361,0.012428260709,0.006009200678,0.001290890869,0.000392414693,0.000339046901,0.000834187416,0.002940215783,0.006850925494,0.007008896398,0.006062252790,0.004457736269,0.004311670002,0.005817518344,0.010275839024,0.044840992610,0.363573146461,0.891255529138,0.371570348801,0.043277925074,0.004042608756,0.000692997771,0.000132741843,0.000074868837,0.000128546082,0.000257293938,0.000368039591
0.001028615567,0.000204730603,0.000209888411,0.000227423837,0.000241896210,0.000234995528,0.000244981301,0.000372586938,0.000665624853,0.001023705592,0.000962661314,0.000333250087,0.000144262356,0.000106184503,0.000122372201,0.000239562919,0.001105294921,0.002916575906,0.002853605794,0.003332334326,0.004369856036,0.005840869740,0.006416808134,0.009358116651,0.015952314590,0.021710061406,0.013702056786,0.006292363846,0.002898322677,0.002664165035,0.002389632673,0.002918279089,0.006024690120,0.013259166891,0.015427208309,0.009666203021,0.002488909643,0.000789879382,0.000592680288,0.001198197636,0.003410683167,0.006493148807,0.005546379692,0.004291544031,0.003735585599,0.003440552824,0.004505930511,0.007256352030,0.026166296508,0.198980803506,0.767175286888,0.651401620398,0.091508638030,0.008593704507,0.001362898335,0.000241036972,0.000116037303,0.000193319220,0.000780075211,0.001628881785
0.000854896734,0.000155190752,0.000151552070,0.000150786111,0.000186438564,0.000253900418,0.000412698091,0.000842602952,0.001194983684,0.001143896216,0.000733417594,0.000220743334,0.000101176464,0.000082915497,0.000094249718,0.000147464655,0.000376949826,0.001060648618,0.001768488610,0.003124043863,0.005275361736,0.006942332262,0.008055019019,0.010083058958,0.011461245240,0.011928999669,0.008672104563,0.005708728243,0.004165251988,0.004529530984,0.004062941006,0.003640531210,0.004796892863,0.008798545017,0.013484087278,0.014144985295,0.006262426345,0.002370243710,0.001173894094,0.001225216721,0.002427138660,0.004639645755,0.005040110618,0.004401268246,0.003488435443,0.003016003720,0.003412618185,0.004901911516,0.014717413679,0.089883657082,0.453431359130,0.890108951640,0.230187035340,0.027293159345,0.004263370932,0.001049938689,0.000782595104,0.001723478371,0.003791433556,0.003294830512
0.000609839585,0.000163924673,0.000150666234,0.000158022881,0.000198362960,0.000301111388,0.000564365344,0.001192039400,0.001397091541,0.001030613902,0.000582811142,0.000198214840,0.000102127473,0.000090019494,0.000100858190,0.000157220306,0.000292514917,0.000726085397,0.002202939496,0.005726450392,0.006294696815,0.005938389278,0.007921160726,0.007853868768,0.006007090104,0.005575633235,0.005942838383,0.007141154038,0.007807005480,0.008420440534,0.005844184846,0.003826358372,0.003635590489,0.005608714991,0.010665549423,0.015988403882,0.010700762062,0.004964735007,0.002086924297,0.001301542211,0.001788526256,0.002982619262,0.003709885872,0.004204344907,0.004530654861,0.003702851675,0.003628238367,0.004655012975,0.010625119454,0.042995106313,0.235059389788,0.903547791754,0.450084172542,0.077185103153,0.012951215918,0.004715411107,0.004242524839,0.005097375766,0.005632841555,0.003044581606
0.001201104205,0.000401559478,0.000195273235,0.000137792002,0.000168007286,0.000297194097,0.000548571050,0.000816398352,0.000644470401,0.000427826845,0.000372978015,0.000286212598,0.000225077936,0.000204221698,0.000210242716,0.000259310392,0.000309802949,0.000440807255,0.001451116185,0.002845933658,0.004523536028,0.004516805487,0.005186757181,0.004659085538,0.003509243701,0.004076390617,0.006285705353,0.010968811063,0.012958976845,0.012556860475,0.007556108637,0.004677060066,0.004117687725,0.005073800441,0.008415890172,0.013391097814,0.011290669579,0.006029849968,0.002547307898,0.001455758296,0.001815572043,0.002697885653,0.002994418586,0.002838838235,0.003201215830,0.004438888623,0.004839616663,0.003946106494,0.005514467599,0.018300434958,0.119249527606,0.695652551747,0.724514609132,0.268302328155,0.052216195604,0.011014442589,0.004818579020,0.002995507950,0.002258637180,0.002351489142
0.002506639671,0.001594296492,0.000366101305,0.000085716380,0.000102447710,0.000201552763,0.000324512300,0.000368442004,0.000275932649,0.000199287780,0.000233407683,0.000389957621,0.000597245160,0.000617233779,0.000405709148,0.000265633003,0.000211221034,0.000183381702,0.000383721312,0.002041997820,0.004777592158,0.002962537051,0.003165335264,0.002521762659,0.002049273621,0.003196483742,0.006661314209,0.013809273094,0.016543289216,0.015204005140,0.008401932092,0.004749111712,0.003440772914,0.003099332074,0.004354224719,0.008657401137,0.012407686084,0.009217658584,0.003861383294,0.001770439974,0.001616147351,0.001938681511,0.001961777623,0.001507653586,0.001249230153,0.001800944399,0.002353383606,0.002402496242,0.003399751147,0.009351863549,0.048844774972,0.337109690570,0.837973709167,0.516247573292,0.096616869661,0.023094109328,0.011662058084,0.008407297287,0.005053582413,0.003213925652
0.006164327614,0.002184466725,0.000312784574,0.000066783665,0.000080544886,0.000191353336,0.000247449346,0.000176251466,0.000117133920,0.000116542416,0.000225826439,0.000640694659,0.001253065726,0.001101733626,0.000564922620,0.000336800894,0.000240873732,0.000174176471,0.000214006304,0.000428159074,0.001196361389,0.001796134743,0.002172404837,0.002199367124,0.002227455599,0.004085768177,0.009141321811,0.017524689761,0.017616348783,0.014738736436,0.008180395096,0.004651038660,0.003141994602,0.002349017535,0.002704172243,0.006162209077,0.013214708249,0.014836884072,0.007203927987,0.002817676772,0.001676199809,0.001372481111,0.000990729752,0.000627752434,0.000505355383,0.001209942730,0.002499281743,0.002089462606,0.001908693417,0.004186409454,0.019837188269,0.146021891561,0.619250762934,0.794800224493,0.245724474978,0.062122415121,0.023933874827,0.018267441445,0.017835945680,0.013028749934
0.006977631972,0.002287674981,0.000558344047,0.000179852525,0.000146223322,0.000251914049,0.000212476879,0.000124725474,0.000083242902,0.000096864907,0.000244874878,0.000638282862,0.001003628492,0.000895102579,0.000611830256,0.000457494434,0.000355790978,0.000192525614,0.000129297539,0.000136059814,0.000412121121,0.000961676993,0.002200732424,0.004127052515,0.005424526333,0.008887504146,0.015124055079,0.019925303279,0.014578699751,0.012169178207,0.007931113973,0.005577916296,0.004290242699,0.003251129970,0.003302695853,0.005952917122,0.009354109865,0.011778224962,0.008565828290,0.005059933429,0.003204141105,0.001801683758,0.000765507604,0.000372802014,0.000410694002,0.001107100777,0.002533293340,0.001792951398,0.000967686804,0.001394258714,0.007357463641,0.067651262649,0.348908977963,0.780434494866,0.564248137460,0.179989588873,0.047617767590,0.028354877424,0.031556566505,0.021494102700
0.018169119991,0.007278650796,0.002908097719,0.001340368093,0.000626935949,0.000628760136,0.000498837247,0.000280468016,0.000163918241,0.000183473874,0.000542545744,0.001063900101,0.000941506400,0.000666713050,0.000702949903,0.001018657441,0.001201709656,0.000560486525,0.000215010061,0.000120436622,0.000119413444,0.000358008256,0.001576966054,0.005941956539,0.012118098517,0.018967820753,0.022942398117,0.020228777800,0.010984622188,0.009839012486,0.008737048414,0.009737699521,0.010145271187,0.007583389162,0.005174798172,0.005644251132,0.005818210832,0.007794265213,0.008037340510,0.008321324198,0.008361751607,0.004942060478,0.001549207934,0.000546477284,0.000284557077,0.000614024463,0.002304938609,0.002435959175,0.001973707619,0.002515684861,0.009658816609,0.050150334174,0.180063438846,0.474785203161,0.812562388539,0.393568540945,0.112650223711,0.050532531935,0.048987598383,0.042742375374
0.034890814263,0.023562877538,0.017995119992,0.013119449779,0.004438470892,0.001540865370,0.000759077051,0.000386308398,0.000286634254,0.000327134221,0.000757182236,0.001222710937,0.001172092635,0.001108204609,0.001590917981,0.002745059984,0.003436956198,0.001567466246,0.000529488854,0.000228779852,0.000160623512,0.000286115252,0.001079770872,0.005197349454,0.014938391842,0.026395102608,0.028226877635,0.022584399422,0.011100774393,0.009122794428,0.008516091756,0.011900721252,0.016215006727,0.015696562002,0.010211637610,0.007381293527,0.004127729840,0.003917594000,0.005015929695,0.007910002276,0.012066316905,0.008863569511,0.003162624063,0.001218058936,0.000631396887,0.001136134952,0.004302425997,0.006163084382,0.005479745808,0.005753611496,0.017333238563,0.057107350771,0.136374958691,0.255011462865,0.635910373750,0.700082457753,0.360044745165,0.130024029323,0.080381978957,0.057435112394
0.051638254912,0.057118207832,0.042258142716,0.020381123559,0.007204394248,0.002282050976,0.000842989212,0.000341173235,0.000271914215,0.000300612248,0.000526494615,0.000909816529,0.001349406239,0.001872018096,0.002909953782,0.005083603024,0.007525113523,0.004464905465,0.001515016164,0.000581513106,0.000399917336,0.000552328539,0.001130281346,0.003106232881,0.008936486710,0.020174112027,0.025333592742,0.024285074729,0.014187109575,0.011704457874,0.009244744243,0.013000238704,0.019042240419,0.022787571594,0.014818825536,0.007476117435,0.002363353978,0.001364817600,0.001719506738,0.003928050909,0.009841299054,0.011721431313,0.005969109137,0.002608901346,0.001302261149,0.001804007903,0.005298550094,0.012540370938,0.016346731649,0.013139939131,0.017456670098,0.030338730366,0.067655143505,0.130814067156,0.306555318764,0.567730811399,0.740419182158,0.307581865770,0.117829060797,0.057366458448
0.091193204588,0.074717693013,0.045235828484,0.028198466884,0.019209019858,0.007068699909,0.001981869477,0.000581545375,0.000382340625,0.000352369637,0.000475769507,0.000925415891,0.001932907855,0.003212218963,0.004146298268,0.005480319697,0.008536352892,0.008745390854,0.005267781391,0.001907110413,0.001115119907,0.001192925518,0.001410047449,0.001752946100,0.003155241180,0.007668727359,0.014796285338,0.024266488241,0.023735244224,0.020076188949,0.011124357872,0.011201386758,0.016675408628,0.025143729526,0.019863332740,0.007919200685,0.001759055156,0.000718789714,0.000775857245,0.002952287230,0.009533720218,0.013995687754,0.010443755091,0.006492507625,0.003824406788,0.004699541266,0.010216506371,0.025127097208,0.025525750932,0.012455043612,0.009826623036,0.016485231990,0.047424241447,0.107625343168,0.149421428036,0.270531861171,0.678809320232,0.602140625669,0.335156663730,0.140575845489
0.172536343608,0.125006354918,0.079574318202,0.055869737913,0.038028352420,0.015626236550,0.006040805182,0.001906864266,0.000973358504,0.000633605865,0.000593432658,0.001065932937,0.002284817932,0.003703594674,0.004419418089,0.006004203330,0.011010832976,0.015136737014,0.013165660445,0.005772536659,0.003414641943,0.002772072446,0.002038337998,0.001342766236,0.001320676021,0.002179787695,0.005289841921,0.015024398405,0.026335434931,0.026435699624,0.013603145337,0.011729276814,0.017260846118,0.027119784146,0.023207135698,0.008919807475,0.002099544993,0.000873517589,0.000717312942,0.001328745479,0.003713374943,0.005727922544,0.006276673152,0.007265270043,0.007219113234,0.011301243342,0.021357549788,0.043910852630,0.029447128215,0.007803904864,0.004283973817,0.007075775480,0.024106748689,0.080685178178,0.108775543588,0.157951109062,0.376769845858,0.556972611226,0.626894472930,0.329705193270
0.393695574728,0.220360833277,0.119071078855,0.105556537504,0.081970551561,0.032250448676,0.015013653440,0.005390507854,0.001971820868,0.000742935246,0.000449678734,0.000708808571,0.001416183161,0.002421761945,0.003340038424,0.005641629376,0.011489452729,0.016847632107,0.019877231483,0.014064276258,0.010901252418,0.006689674142,0.002916825488,0.000996700226,0.000551506175,0.000568417164,0.001168987338,0.004506957970,0.013906083014,0.023124627201,0.017898088963,0.016808065585,0.022546393493,0.029653892282,0.032546302367,0.016699653680,0.004788854647,0.001825272277,0.001258463425,0.001423870048,0.002668123810,0.003584923747,0.005003990143,0.007184954066,0.009328435943,0.015818531072,0.026572955551,0.045626793486,0.038449759597,0.015209247533,0.008733225569,0.010581301608,0.017642680424,0.036471597008,0.051107775028,0.092720476660,0.195888294589,0.308834373730,0.534908331739,0.629848067387
0.561426206298,0.597233681300,0.287694109481,0.190536671921,0.126727948614,0.063937854527,0.032754355241,0.011936893393,0.003516242707,0.001095753169,0.000581687887,0.000813898636,0.001359292217,0.002060372904,0.002754649392,0.004419868402,0.007906101496,0.009961840405,0.013925940931,0.015499359406,0.022152297349,0.021656757557,0.010145729235,0.002192831398,0.000543468557,0.000291582053,0.000335119107,0.000832890100,0.002848724802,0.009040795526,0.016927171216,0.023955941793,0.029558391794,0.030110146250,0.040338378479,0.033877823233,0.016788776812,0.007199173429,0.004047575962,0.002847832644,0.003639942319,0.003570335938,0.003991918771,0.004347630907,0.005420657108,0.012892167301,0.030713049615,0.049526471415,0.039963500123,0.021889939269,0.016178952803,0.014916054270,0.009999511191,0.010851909605,0.016389097555,0.050750393041,0.130981471710,0.162321960516,0.210873155888,0.426618120008
0.252277089340,0.560424988090,0.570827934512,0.464239567814,0.257329390054,0.144833353406,0.065027041992,0.025164777490,0.010389907936,0.003890200113,0.001831539608,0.001599366954,0.001910401031,0.002500663404,0.003004229263,0.003225430742,0.003946906920,0.004160865019,0.007601682633,0.012084880757,0.022556596976,0.028996329686,0.023793806891,0.009753519519,0.002680590837,0.000720786131,0.000388723890,0.000452979645,0.000729367896,0.001932542082,0.005398004138,0.014604792566,0.028695121114,0.036764298984,0.051602467199,0.046076569043,0.026646993741,0.017194579597,0.011950946439,0.008686179963,0.009153852342,0.006614484887,0.004294335246,0.002700061015,0.002172997486,0.005180297117,0.016288558222,0.042314368562,0.057080186997,0.041278352451,0.018892700077,0.006363596659,0.002739628315,0.003412484209,0.008401716144,0.025980376820,0.064788750370,0.096170551395,0.131892339274,0.177246165030
0.141928606771,0.223731062337,0.362957881509,0.703506179110,0.546587378137,0.264633028586,0.130225462503,0.062568197194,0.024961265013,0.010956772144,0.004708903377,0.003152497091,0.003197460021,0.003474906771,0.002972467042,0.001688347972,0.001239117278,0.001067360235,0.002638138447,0.006634783515,0.016835642874,0.024530906389,0.029276435054,0.024025008739,0.011958205213,0.003137644002,0.000786096715,0.000430846307,0.000364291618,0.000604155093,0.001445324603,0.004779775380,0.014285604001,0.029256117781,0.049552087682,0.052634866877,0.033607666655,0.025298121352,0.032045628697,0.039308713498,0.022147604856,0.008803583606,0.002754271763,0.001179286652,0.000723223120,0.001613838065,0.005588907833,0.023521985460,0.055522457620,0.051556783721,0.017502287778,0.003322627042,0.001180878733,0.001905906711,0.006579421115,0.014860275882,0.018742254386,0.020836162671,0.046058358720,0.101921460667
0.064851605061,0.093264055610,0.155961397569,0.398027418022,0.654696538830,0.546901261195,0.337550776104,0.176748728990,0.073135392509,0.027316848242,0.014347230120,0.010484586170,0.008204322998,0.006171514219,0.003630561264,0.001286999391,0.000595709256,0.000350038802,0.000686075928,0.001892532721,0.006082059685,0.012975120910,0.024827584940,0.038661121216,0.034756572854,0.014935811322,0.003534192606,0.001136896982,0.000525789570,0.000513518760,0.000587550382,0.001100646502,0.003100396204,0.013543969552,0.043131354412,0.067417696398,0.043708885000,0.028556777702,0.032046257802,0.081056684638,0.050416228007,0.013858603500,0.003244674814,0.000908446604,0.000386473766,0.000683646442,0.002119091487,0.011203836161,0.036006684447,0.050467308560,0.024276216899,0.004929043030,0.001252081231,0.001177668166,0.003344751285,0.006604856292,0.008332571242,0.010183515083,0.024591663312,0.047870403220
0.033086621015,0.046542376890,0.071996962387,0.152958349746,0.312241573923,0.504350396639,0.645537848744,0.397757740665,0.241907396974,0.094660536775,0.025620088964,0.017262447362,0.012945550104,0.008922666953,0.004924792555,0.001515377997,0.000490221103,0.000212098584,0.000285384626,0.000624232871,0.001868590590,0.005804203449,0.016565889871,0.039027830159,0.047402940970,0.030695913534,0.011600400192,0.004931395146,0.001719678000,0.000847241960,0.000429941938,0.000447488706,0.000835752072,0.004273946729,0.022965114548,0.064858089212,0.059779322100,0.034497497306,0.017778352811,0.030386232865,0.085731524364,0.118974448970,0.051140952461,0.003381701655,0.000565789128,0.000846950825,0.001686522916,0.005981118385,0.015338505942,0.028114035757,0.030180241800,0.013906078824,0.004367678073,0.001844755987,0.001854123769,0.002209430781,0.002966251963,0.004149950001,0.009957253290,0.019836805055
0.014165656006,0.018810894313,0.035980339045,0.093315677661,0.164187268517,0.236120394535,0.446377514153,0.560431336527,0.578481783451,0.285164296565,0.081395821050,0.023800234347,0.016149934268,0.017214624560,0.011249312407,0.003375554639,0.000831798746,0.000258430198,0.000257694250,0.000472102074,0.001289696096,0.004445331549,0.012452770762,0.029493557846,0.038341023893,0.030983037838,0.018079770907,0.014686004534,0.008509382873,0.004152604634,0.001369112731,0.000871987424,0.000941790106,0.002852318501,0.011199573459,0.034938419039,0.051772149205,0.040470671565,0.018365813844,0.013084854952,0.018534033581,0.074604062799,0.207401261733,0.028138422766,0.002101991715,0.002526143308,0.003345285603,0.006339458316,0.010887812641,0.017481009418,0.025231508167,0.018232891406,0.008099895532,0.003083306042,0.002331329593,0.002340087200,0.003046941728,0.003408886709,0.005357809229,0.008779497570
0.007010068461,0.009861615165,0.020286427520,0.052982398179,0.081746669111,0.091908791792,0.147469483570,0.284795344665,0.702729971032,0.609893903847,0.244178528333,0.064810466549,0.016571143600,0.013669654825,0.014302574098,0.009465641667,0.004219740873,0.001141089611,0.000673796885,0.000865925212,0.001736006678,0.004457985643,0.008508283370,0.016801825025,0.022427064951,0.020731991947,0.015373030171,0.019348943602,0.020679191882,0.017668320282,0.007193668549,0.003299276663,0.001679806177,0.002097115875,0.004336002042,0.011709745324,0.026113939965,0.032391617346,0.019260072303,0.011755138052,0.007076709906,0.006828211833,0.104039394788,0.165910533576,0.028561704323,0.007155972804,0.007843544021,0.009034247498,0.009887500503,0.011126244307,0.017378251958,0.015083359479,0.009982808620,0.004429377282,0.002758151351,0.001881172888,0.001812395769,0.001967979448,0.003094228464,0.004881154814
0.006008450660,0.008755258901,0.013044620831,0.023072153203,0.037667647954,0.044259810973,0.054689015054,0.091698296481,0.381377891108,0.786054372355,0.551969012722,0.176691935948,0.040484675255,0.008095081900,0.008179873615,0.013419380291,0.014588456817,0.006822848225,0.003244986425,0.002352424626,0.002489004699,0.003736193931,0.004807327680,0.008068664793,0.011170758449,0.012158551801,0.010697663711,0.013988748685,0.018067929863,0.024045116806,0.014715617294,0.007646068227,0.003412309016,0.002704567674,0.003070345751,0.005839862541,0.014049229910,0.020317477721,0.012565096428,0.007304456839,0.004440488320,0.003262746363,0.014105853259,0.066227530859,0.092449169691,0.020841117355,0.008670198286,0.008866411520,0.011207013290,0.012099687391,0.014117048481,0.007811948512,0.005726280454,0.004050751186,0.003573305024,0.002118281508,0.001428354850,0.001334256018,0.002067347455,0.003535432654
0.002611597815,0.004099704079,0.007404426484,0.018515075405,0.024568622109,0.020278581742,0.015110595521,0.023937071784,0.144291265554,0.570883578180,0.824319205527,0.376867463831,0.082624527211,0.010753977873,0.006171651934,0.012339578261,0.019360692019,0.012380378361,0.006829910539,0.004722439530,0.004202020105,0.004394349439,0.003856384825,0.005117788143,0.006870071990,0.008201294473,0.008309602569,0.009752218375,0.011642320869,0.016937433240,0.013107632642,0.009674804923,0.005765774965,0.004551040641,0.003236133304,0.002884947028,0.004678116238,0.008809268008,0.009722269227,0.007448403372,0.004430060065,0.003002329027,0.002693922325,0.006393166525,0.022817008514,0.036044755578,0.011036819527,0.006876247412,0.006996954681,0.008239881481,0.010865786141,0.005719456094,0.003968595548,0.002560993800,0.002237013331,0.001355519374,0.000796843863,0.000745935135,0.001199629197,0.001841035162
0.003072304788,0.003982774921,0.004147961323,0.007405417476,0.013059265275,0.013284905693,0.009588452085,0.010931532342,0.046675794049,0.268737339963,0.770666529016,0.678423587493,0.188263346107,0.025839512887,0.007671675416,0.009063317916,0.015360519991,0.010536727696,0.007008401541,0.006939657755,0.009528358623,0.010488975172,0.007287095485,0.007304944515,0.009049492149,0.010436250918,0.009192899377,0.006829024584,0.005785754673,0.007641773185,0.007387978685,0.007574677391,0.005883951303,0.006118280338,0.005111922994,0.003472358566,0.002927331142,0.003330873116,0.004451167544,0.006263409671,0.005363385894,0.004871001058,0.004141773893,0.003472761044,0.005131464422,0.012977364704,0.010132118720,0.003641444132,0.003179317222,0.005124797241,0.010716181612,0.006880876179,0.003635565593,0.001490336833,0.000964836700,0.000683557974,0.000526788996,0.000657495069,0.001299579482,0.002198235982
0.003255917198,0.002642045358,0.001902049354,0.003377719827,0.005613289925,0.006053288682,0.005502179215,0.005259030536,0.015866519317,0.091440032051,0.441672997532,0.906259182070,0.422999633410,0.065944381377,0.009926669557,0.006146276877,0.009392836503,0.008305822009,0.006862666135,0.008905031040,0.015870315691,0.018613577037,0.011451606094,0.008850561174,0.009146079170,0.009759279674,0.008187997065,0.004874065002,0.003580211885,0.004197915980,0.004409853325,0.006107231175,0.006964004724,0.010888684297,0.011549802760,0.004860779878,0.001634180020,0.001081704741,0.001572514349,0.003866728451,0.006039690492,0.010318677095,0.011897865930,0.008524694147,0.005744588410,0.003641424307,0.003662990422,0.001821342892,0.001083928474,0.003747674865,0.011442016955,0.006369718467,0.002325816947,0.000783695431,0.000482893348,0.000407662767,0.000349894166,0.000492218242,0.001303643553,0.002658787898
0.002416128443,0.001328975157,0.000619088758,0.000529545992,0.001607900732,0.004100771261,0.005488169760,0.005163676036,0.013652292656,0.066778792904,0.318001027155,0.778771835565,0.674437778568,0.219070375399,0.059640560740,0.022642063130,0.012475880744,0.006645008117,0.005680374530,0.011979839658,0.026571763125,0.027236460814,0.013674959459,0.008870626724,0.008669110451,0.009700807030,0.008366718067,0.004356613711,0.002808578690,0.002981291702,0.003381382565,0.005564654065,0.007111794337,0.011534940429,0.014520628447,0.007799770544,0.002605558385,0.001125175471,0.000912359501,0.001773419197,0.004141493347,0.012187959941,0.020252755699,0.013488012586,0.006432768114,0.002756907668,0.000886735940,0.000782026455,0.000713646495,0.002578836044,0.009704265905,0.006553050447,0.002191738645,0.000560530116,0.000285944205,0.000224895038,0.000219908958,0.000481578866,0.001610627786,0.002732227004
0.001206619717,0.000612042162,0.000507240164,0.000679943938,0.001214784311,0.002497727602,0.004605073095,0.006421989668,0.015548803895,0.066895477810,0.292478893178,0.548637924090,0.749740804861,0.489691875758,0.179278524506,0.059323023912,0.025761662300,0.011538872948,0.006694815028,0.013671393810,0.031227425633,0.031764575319,0.017005213937,0.009858385501,0.007765001202,0.007834312217,0.008445692685,0.005886000085,0.003747428422,0.003364139428,0.003455071283,0.005846095494,0.008356890860,0.015055724048,0.018952656016,0.008159003451,0.002568373805,0.001226477715,0.000997233662,0.001885927565,0.004312720202,0.011921857859,0.020918575943,0.016575136638,0.009012797053,0.003936390674,0.001140644099,0.001009532183,0.000925657727,0.003280111720,0.011032995118,0.006357287334,0.001664465721,0.000356508118,0.000181389292,0.000161228219,0.000164612335,0.000409805364,0.001335042277,0.001793596672
0.000829736869,0.000908501646,0.002073105993,0.002961131823,0.002385827368,0.002318119157,0.005114917934,0.012368752520,0.042759770966,0.101291626517,0.255561468564,0.401471263700,0.452706060270,0.545672903675,0.582049727834,0.311466353609,0.087606504088,0.022993800590,0.006795485950,0.011557520645,0.032669561108,0.039557033420,0.025664715515,0.013905425598,0.008845475796,0.007829159909,0.009158725411,0.008553123579,0.006908068941,0.006750791402,0.006290848156,0.009110461939,0.011729941324,0.023974284512,0.033383937762,0.016612906591,0.005640028611,0.002328476148,0.001524585556,0.002362367317,0.004302394299,0.009059345849,0.014326166695,0.014120004797,0.008553692210,0.003574789889,0.001267740461,0.001660508427,0.003439693205,0.011669693178,0.024409105521,0.009383687366,0.002016604987,0.000408877560,0.000179262783,0.000147510315,0.000102359495,0.000177815845,0.000511198875,0.000835624475
0.000538459159,0.000519843163,0.000841730086,0.001257157703,0.001357392208,0.002110524904,0.006891500241,0.020763468071,0.084231794816,0.155904322932,0.235476376107,0.223025977820,0.184162982558,0.295089422648,0.518345064258,0.699540056880,0.399392595944,0.119595259002,0.010995644815,0.007647110349,0.025168456842,0.039785924942,0.034105254677,0.022489634526,0.014444810965,0.012261959751,0.013490849810,0.013204124062,0.011356974810,0.011496091066,0.009836459013,0.012789304650,0.013565096131,0.024615586313,0.046710796957,0.045372005350,0.019551689219,0.007148133550,0.003899970925,0.004844913133,0.006745875019,0.010332298361,0.011899144778,0.008646632874,0.003867413641,0.001322850024,0.000615764996,0.001171080406,0.004861376897,0.020277585232,0.038637408876,0.014708212744,0.003742801421,0.000932798529,0.000440706754,0.000273978997,0.000102864389,0.000099342608,0.000218126942,0.000386760498
0.000463393230,0.000424440197,0.000363921883,0.000319937405,0.000571477134,0.002233886983,0.011763466817,0.034277437415,0.091556345150,0.127323969351,0.142465762031,0.114210117926,0.067890996483,0.090818165200,0.220409992094,0.638456876753,0.753586621092,0.184682132759,0.008634232263,0.005056190030,0.014715073207,0.029573286063,0.029416154753,0.022270825930,0.015640364070,0.015050285873,0.016648367701,0.015646663611,0.012717073149,0.012587969764,0.010692930997,0.014107012536,0.014271898814,0.027060683741,0.050134443740,0.044796195985,0.023637245877,0.012591245094,0.009220749980,0.011866062718,0.013573796420,0.013581307260,0.009494445303,0.003296447331,0.000897368399,0.000302086880,0.000232701465,0.000798294929,0.005101138465,0.022307757715,0.038779160591,0.013872722547,0.003392206746,0.000773853950,0.000366905180,0.000269613098,0.000155860857,0.000159378173,0.000263692006,0.000364179531
0.000531751368,0.000319661151,0.000317180641,0.000470686337,0.001462059780,0.007394758954,0.029755848122,0.046518377720,0.056338924589,0.066539980299,0.077518457427,0.065358429180,0.046162940264,0.082623662050,0.222027211046,0.741929178224,0.708437168687,0.101945298996,0.004597782253,0.006267787016,0.012780298360,0.017999407940,0.013287743572,0.009400361747,0.007330027305,0.009280145033,0.012766219105,0.014197079659,0.013259758506,0.013864071609,0.012322446497,0.017610219213,0.019800869678,0.036540117111,0.058255120215,0.040301720032,0.014168936004,0.005425422758,0.003776852053,0.006180066383,0.010250246080,0.013041083663,0.007011998811,0.001456382817,0.000288844929,0.000126806328,0.000194634845,0.001250194265,0.009106586372,0.028231730107,0.030414409578,0.006322993334,0.000851317097,0.000153375777,0.000095195180,0.000114482834,0.000147752373,0.000225465891,0.000451708884,0.000600230191
0.000986972994,0.000487320662,0.000538094951,0.001328796470,0.005160317353,0.018672165862,0.037719155659,0.032519497634,0.032790957798,0.045731813175,0.066841604501,0.049309491018,0.023391086470,0.045878125220,0.201938533378,0.810778806841,0.719585453488,0.083319204687,0.004574641676,0.005378610400,0.007345961363,0.007742863872,0.005227553149,0.004082798019,0.003487492570,0.005027747728,0.008524786214,0.013885539310,0.019116815969,0.024090280831,0.020022633138,0.024458391888,0.025066592098,0.041241203425,0.056644990715,0.032368354473,0.007965866425,0.002302390211,0.001729859549,0.003471147823,0.006206373874,0.006231588734,0.002729255064,0.000600611081,0.000177086886,0.000130751562,0.000329886780,0.002355092609,0.014377110283,0.033548723045,0.025415476361,0.003377761064,0.000268426813,0.000066051798,0.000072224619,0.000104568372,0.000195718212,0.000385057343,0.000926700592,0.001227681429
0.004617556813,0.002215624204,0.002227645585,0.003740665933,0.007218009435,0.015602519076,0.029340747392,0.029813725186,0.035108253860,0.041239968340,0.043438458342,0.029676405967,0.014589615975,0.043677789998,0.288343584722,0.917062472842,0.526738726492,0.048875706092,0.004424986052,0.003980779757,0.004651583306,0.004548979455,0.002979640493,0.002197962848,0.001739547010,0.002615038699,0.005608458962,0.015122461667,0.031017991530,0.042557044124,0.030980051375,0.029280365787,0.025283235082,0.032370580626,0.040805736768,0.030888259759,0.007418010641,0.001321651286,0.000664173082,0.001129657215,0.002241290089,0.002894076446,0.001423413071,0.000454308967,0.000235577796,0.000243051078,0.000673398927,0.003900750393,0.017500715528,0.031766442385,0.018487738303,0.002733245138,0.000293794475,0.000093682703,0.000109587499,0.000222371846,0.000492733892,0.001100567325,0.003137488584,0.005012326821
0.013715206540,0.009325504086,0.008869217926,0.009043242074,0.009807045282,0.014230936805,0.021019505885,0.027740624813,0.041016641715,0.049848047849,0.041860483591,0.035235858566,0.032971664871,0.127037177566,0.570663314467,0.931742328100,0.281981256323,0.023638137851,0.004831505101,0.003354163481,0.003126691715,0.003181576655,0.002503633421,0.002192045668,0.001791593056,0.002503906586,0.005642463169,0.021266795284,0.057418034057,0.074938249016,0.044139132136,0.032687847425,0.025220726622,0.025063256045,0.020065616574,0.013934243498,0.006927523523,0.002766854573,0.004126979617,0.004455935795,0.003487222970,0.001412431034,0.000627459371,0.000324904250,0.000261176185,0.000404286209,0.001385426946,0.005758109130,0.016170965091,0.021249938651,0.013544674958,0.005061579637,0.001337444645,0.000455240933,0.000613036008,0.001641465231,0.003583362452,0.005628306510,0.009208595035,0.012451057655
0.020349746664,0.017977499323,0.021363029805,0.018167140541,0.013176615888,0.013744399560,0.017451488252,0.034465033126,0.052595234722,0.051369853475,0.047165959946,0.070570855507,0.108686515215,0.351261243289,0.836887789773,0.590231426001,0.132861032859,0.033949752481,0.008309723899,0.003227613739,0.002251290769,0.002483035780,0.002335210219,0.002307422110,0.001861141411,0.002590000657,0.006735580205,0.034180680562,0.111473234962,0.129504697615,0.050375578576,0.027205358127,0.017967289230,0.013859846003,0.006332585338,0.002894048392,0.002588215832,0.005514041731,0.005990298219,0.003383300486,0.002880349825,0.001801691505,0.000651439844,0.000220798058,0.000175268598,0.000356554776,0.001793719963,0.005407347143,0.008779072171,0.007372056991,0.006139856602,0.006680198283,0.005088485138,0.003376810220,0.004415049714,0.007077768164,0.010393332538,0.017979378788,0.022385744098,0.021351073908
0.015567399113,0.022121322173,0.045512969567,0.045677681542,0.036704389236,0.043931621921,0.054532229749,0.072482586610,0.051369379636,0.036741358662,0.051754107354,0.139289841833,0.286164638523,0.595538329598,0.636766682500,0.409224043020,0.203760856522,0.081187541499,0.013330619701,0.003088623460,0.001846716810,0.002125322580,0.002266377339,0.002351824218,0.001865540865,0.002999701690,0.010174445941,0.055884811869,0.183727116572,0.201512365137,0.063329104561,0.025190031963,0.012804788170,0.009356633859,0.004701280899,0.002943125894,0.006067308443,0.008616127683,0.002462605977,0.003677498526,0.009805309459,0.011294630042,0.005766954612,0.000901101089,0.000259553214,0.000304127835,0.001554703582,0.005267276550,0.008347318201,0.004902005245,0.004997338030,0.009326502650,0.012164027635,0.012221532905,0.019556990599,0.028706417091,0.035983469616,0.038237535575,0.028058345435,0.018362105265
0.021153733328,0.040902091167,0.102140635451,0.130951572305,0.120500215070,0.128763549784,0.131584583544,0.097499186269,0.040260207821,0.042441870852,0.123345737190,0.375373948309,0.357816352072,0.349424976289,0.418286050673,0.494737130843,0.333026771696,0.129594821981,0.025381922852,0.005392606860,0.002451353170,0.002383581426,0.002391644482,0.002367222278,0.001732564034,0.002907329115,0.010872500911,0.070520000748,0.273212580609,0.376800713296,0.147037865436,0.061103092376,0.024052830780,0.014315435539,0.009165084242,0.012065440893,0.019871674403,0.009699240542,0.012555233444,0.031819834223,0.055134141545,0.040689519600,0.016602243719,0.001934840643,0.000425519209,0.000422523283,0.001531382225,0.005859467583,0.011166747854,0.006817362348,0.006349358125,0.013257482100,0.024609319373,0.026695608318,0.041852330175,0.071509289823,0.087897696822,0.059033177597,0.033030630362,0.021250164472
0.046899424510,0.083147038650,0.213944215388,0.315044518449,0.265375756699,0.232677712335,0.155927835148,0.091092413014,0.057623070191,0.098176221150,0.171163300599,0.214538947852,0.165549583194,0.223634643735,0.351050801849,0.453774612184,0.256086107446,0.120814323031,0.041577448595,0.013559889734,0.006159910347,0.004976351907,0.004065543747,0.003840575017,0.003018687645,0.005111160877,0.016339951780,0.067738900614,0.273365498346,0.511535201501,0.264017279728,0.111824762027,0.038642280673,0.024817890097,0.027926793608,0.053543152047,0.057055446202,0.028896487905,0.034333211576,0.061906239145,0.073352047972,0.054429687506,0.027237207006,0.003832967052,0.000957826429,0.000860766143,0.002246254666,0.005699250518,0.007933006219,0.006176277007,0.008355609811,0.023697749250,0.055991986969,0.068217457538,0.090959065557,0.109342091476,0.095359939685,0.058972404147,0.045506238460,0.041439377512
0.136475580769,0.224008654508,0.327961863105,0.383217539188,0.353599060698,0.267884386653,0.148596047074,0.093628397130,0.059252730278,0.108051587346,0.188731810541,0.222488513028,0.202723873010,0.247274542511,0.240607054028,0.152627585768,0.098133032623,0.061512611822,0.036904455878,0.026623968897,0.018641809941,0.014001209916,0.009620830635,0.009665615027,0.010919313702,0.017534402834,0.023814751030,0.049142402057,0.181356787047,0.401715614542,0.349359644360,0.248130093480,0.121243948208,0.070981156127,0.059581426652,0.068360699388,0.055175548342,0.034885352745,0.043848331845,0.057214263245,0.039938218927,0.012805905223,0.004629277391,0.002084471410,0.002462504746,0.003018181054,0.006182417383,0.017518244296,0.031372719101,0.020657698004,0.018981004958,0.038162373101,0.078029153024,0.087835939194,0.109050076188,0.113107295745,0.075629088535,0.041738098397,0.038262372559,0.058244818777
0.326908193137,0.262565557256,0.220093686969,0.251340018606,0.334760182447,0.390730393326,0.234102338823,0.128861990446,0.068581838696,0.066695006680,0.085546704186,0.122876288761,0.166023395599,0.164270415742,0.096805984140,0.049270149014,0.051966009077,0.049869293245,0.035700330405,0.025848732864,0.018785007670,0.014821519557,0.011693167079,0.016940796657,0.039437227909,0.046776795944,0.021807478779,0.029381995607,0.122479668862,0.291978351193,0.311807262483,0.278418535445,0.190222167862,0.128510632370,0.091645221660,0.096751534360,0.175707629129,0.185276772254,0.117501299924,0.043054584476,0.010750793806,0.002682129896,0.001707429745,0.002867568192,0.012142109381,0.032974693214,0.044037026014,0.048287888488,0.073700619016,0.069247283093,0.064293344631,0.082918090288,0.102271539462,0.063761431913,0.042555433695,0.041214192640,0.059725888934,0.087092886748,0.106831520593,0.171859243428
0.414578300054,0.250501333382,0.163457763704,0.160749524169,0.208539906875,0.303293384419,0.212502498607,0.137876319326,0.069462956047,0.045617090066,0.050999662452,0.070244558569,0.061594711380,0.046552786066,0.036466058770,0.045881699798,0.080086712615,0.062651497585,0.043798925027,0.031488543945,0.016069402833,0.010159670640,0.007646454236,0.007055587994,0.006305751229,0.008270514542,0.010574224557,0.019145929207,0.084307660436,0.199527952341,0.200452844397,0.166457848509,0.137430175279,0.144210627212,0.159973181082,0.207914973789,0.291818861003,0.262017737294,0.144412505494,0.040309712655,0.010254320641,0.003095497664,0.001660724486,0.002033941248,0.008948128098,0.045725352054,0.187910571692,0.248814243940,0.111003240553,0.080528768923,0.106261147621,0.114593056499,0.088430949070,0.032299230091,0.013226094736,0.013798236455,0.030462834607,0.094355543343,0.179846842025,0.293730200613
0.384079646477,0.244989218933,0.163538840817,0.152802049011,0.169748233814,0.191572673789,0.123514341671,0.088205153492,0.067625041709,0.073040193082,0.077649816896,0.067171499774,0.048173795529,0.050305181526,0.042165372946,0.049173634905,0.102590407240,0.118377007521,0.085319506437,0.055696526543,0.028801589495,0.026707877868,0.014052367062,0.007983326455,0.005116351426,0.005943978287,0.011670468050,0.025797996472,0.069578533080,0.122405914371,0.118835448058,0.107961283602,0.111554046337,0.152497565293,0.207966253517,0.284044433371,0.332468079241,0.276309126067,0.163904085853,0.044081668292,0.011235107849,0.003684138414,0.002162905571,0.002917006266,0.013551692279,0.054946922746,0.178871642483,0.273021746953,0.171508559953,0.120795243787,0.154715257266,0.133695000576,0.069767238219,0.019458661939,0.008398789070,0.012370730847,0.027183338016,0.092896370916,0.199849131549,0.303295422614
0.374682824953,0.240438446494,0.165591754761,0.143847301646,0.151047900671,0.148591255282,0.101694742474,0.078320074222,0.069739688637,0.092588382564,0.118314417640,0.109184508799,0.076453565315,0.070889443869,0.049516664940,0.042569485037,0.097643341123,0.147604966961,0.126698153919,0.120403729045,0.103330752166,0.118975535825,0.079419244644,0.041219899203,0.027757474830,0.033558635298,0.065086603656,0.086563539741,0.076863163023,0.070557489305,0.061047179679,0.068063703048,0.101857016211,0.179041096124,0.254321508180,0.322134945659,0.333276102063,0.279854560104,0.192496802292,0.071397902235,0.026552418712,0.010306312279,0.006371664937,0.007401889395,0.021048138915,0.054935853995,0.124926320838,0.214859555998,0.222747203030,0.182409050658,0.180648762839,0.121139633207,0.051698815166,0.013271935820,0.005905408529,0.008599060230,0.020660570669,0.085548862388,0.226858308241,0.322643833238
0.466952465704,0.267635234394,0.174426988173,0.142661562274,0.128321635349,0.081118542213,0.037310503789,0.027977349373,0.037714212814,0.077008321052,0.105244472014,0.073435911312,0.043701057335,0.052101057174,0.045809548478,0.031749489966,0.035892189796,0.049085525190,0.075971187321,0.109858854221,0.086381258168,0.069654285321,0.047232991719,0.038376580895,0.029679725311,0.032243691458,0.055050232416,0.065261082906,0.063466336061,0.057262143870,0.040616533431,0.045327662157,0.082153125628,0.176230976393,0.269895883428,0.301758885715,0.290133356588,0.246543832063,0.196238240264,0.089139658750,0.033139610168,0.014497244751,0.011769460182,0.016174591331,0.042656739711,0.082814184175,0.113496366427,0.155241672395,0.187916686740,0.194394729267,0.177143029247,0.103259880074,0.041057755400,0.010444231164,0.004876560687,0.007190295709,0.016360633538,0.066597663402,0.213348721418,0.370707978133
0.515948973894,0.341567761896,0.221400610549,0.122239771800,0.060617444173,0.028046679623,0.014965032555,0.020754450250,0.043560789211,0.067071393431,0.061418025534,0.043292542517,0.030795961230,0.034819516502,0.029254578570,0.025555219459,0.059429319795,0.091169489338,0.097447403296,0.118929111323,0.078954435253,0.041300610131,0.020141203075,0.017429826919,0.021329531013,0.024076990638,0.028496920243,0.035704645934,0.050567332636,0.044865615275,0.025108647853,0.025988607580,0.056505536779,0.159569454580,0.280252724384,0.282423939459,0.262167083963,0.243122183930,0.199767764623,0.073910990015,0.022918608982,0.010459590134,0.011644207029,0.023872010710,0.062256842789,0.083700556865,0.074787993815,0.120993243008,0.163364236023,0.185092417618,0.163248275638,0.095052142206,0.041780497179,0.012219881587,0.005667138401,0.007068785170,0.013073711544,0.043688172754,0.146781889542,0.309152707910
0.575209936511,0.416706840166,0.217307608253,0.064742487232,0.014363653266,0.003636327919,0.002527408667,0.004991412683,0.016936672925,0.036946942028,0.042935447354,0.039288417330,0.040571199682,0.059052053910,0.055252147525,0.048032020706,0.067094000632,0.090442458921,0.076142207329,0.074440294241,0.042229652120,0.025743706930,0.015553792189,0.010829445527,0.006436817504,0.004064339448,0.005152062957,0.013737432178,0.029659915386,0.036239181668,0.023829433371,0.021291739629,0.040894406098,0.122198163584,0.257864726472,0.296117123360,0.279022333125,0.228531448447,0.154502671212,0.052404792956,0.021247225532,0.016246466115,0.026942447176,0.050203805782,0.073003885748,0.058219772036,0.048610855527,0.073730132229,0.129940515746,0.177559923661,0.164922901462,0.094081261624,0.043568133517,0.016401894291,0.007165374997,0.005231752716,0.006343700923,0.021224538732,0.092203964000,0.271047674235
0.619323226323,0.484810279497,0.154935529169,0.019398449331,0.001980185067,0.000677549715,0.000734710645,0.001378508801,0.006733443653,0.042341660426,0.100986291904,0.074381715774,0.039935196325,0.037946897002,0.042679892041,0.049410853024,0.073315565099,0.113006285784,0.108225429547,0.039194721237,0.008608669182,0.003903381638,0.003385224906,0.006183674939,0.011804347085,0.011201989104,0.006865929272,0.004273466044,0.007191256301,0.018704252589,0.022577063270,0.023491215509,0.037660547203,0.091765710419,0.196564065065,0.265124295533,0.272265067062,0.220454576086,0.158598097272,0.062075662063,0.028146098427,0.020843786892,0.029386041819,0.054954501393,0.074662339423,0.056062102940,0.045626012916,0.056667197308,0.094685018674,0.162908599841,0.184676978216,0.105748223170,0.046177467838,0.018086837128,0.007973704948,0.005318681424,0.005240328268,0.014500183001,0.062378812847,0.224520494991
0.662541233542,0.440357714799,0.084709148762,0.005623132915,0.000684792660,0.000477350381,0.000581943055,0.000948966560,0.002609541443,0.022810357101,0.151670817920,0.238538795267,0.134004381260,0.046735816290,0.024525843540,0.031505055240,0.083984571802,0.134594971950,0.073268575636,0.018501566247,0.005210101030,0.003019707097,0.002630785503,0.002499419959,0.002939948830,0.003031727597,0.002496504703,0.001615328404,0.001853543384,0.007140847954,0.016498185238,0.021898353027,0.032001217816,0.071270007098,0.163984478356,0.244125894678,0.229465260396,0.174201994538,0.132759753222,0.068580880068,0.047949389760,0.042385168143,0.043300177357,0.045882016324,0.057404214795,0.053671132672,0.048931458969,0.048872505942,0.069238198244,0.132512310301,0.177950804652,0.113422704540,0.046356213324,0.018356708901,0.007323375986,0.003712041795,0.002609093214,0.006916768558,0.041606536784,0.234999449953
0.655843233361,0.304103117991,0.036916555793,0.002034999945,0.000394048223,0.000302393345,0.000383977433,0.000638349464,0.001225969858,0.007241825886,0.119785967205,0.374846942840,0.274474744818,0.077330910040,0.023458762034,0.022081375887,0.054301523043,0.116587538892,0.082099938609,0.021814798836,0.005695882755,0.003923291583,0.002431169531,0.001187264733,0.000873822285,0.000671534516,0.000545868771,0.000898889194,0.001866067196,0.003260145765,0.008141224276,0.014617987042,0.020191392783,0.047299794266,0.132387795754,0.221128578158,0.214764349704,0.158630393366,0.111553641295,0.069122683302,0.060915313021,0.061335979527,0.053833429402,0.040195856687,0.038340880122,0.035230185072,0.035833105727,0.035713538011,0.047506590797,0.100290460802,0.166129376022,0.115979467802,0.046531708324,0.013896091873,0.003594559523,0.001667424255,0.001393634005,0.004834866066,0.039538823604,0.277958188503
0.594997027529,0.250207637200,0.030527859690,0.001817924390,0.000326936802,0.000225949930,0.000289237301,0.000534587789,0.001194032453,0.005867325997,0.072223951429,0.382366883844,0.446403380182,0.113062043308,0.014064316302,0.007661502224,0.015363802624,0.043443512689,0.065001880557,0.038042976908,0.009934699271,0.005273199195,0.003619887578,0.002782990318,0.001822477223,0.001099101736,0.000966303252,0.001112100355,0.001063728684,0.001556400899,0.005785443654,0.011564293591,0.016719178916,0.040387439293,0.122547286139,0.225321583495,0.238836312241,0.157032198854,0.104795898259,0.072466230539,0.070899369072,0.080853551745,0.081649964789,0.060401301113,0.040717474227,0.022896007981,0.018688658470,0.022715431529,0.045806236586,0.108447311273,0.155375186277,0.096244079849,0.039848880020,0.014708763308,0.004080802118,0.001824941344,0.001535794218,0.005001936824,0.038419203883,0.266678797528
0.538761807692,0.268284068008,0.042280812455,0.002414580732,0.000293213023,0.000181102674,0.000233958836,0.000482954328,0.001584102670,0.011292182080,0.089892835088,0.371648902798,0.526380771788,0.150204177446,0.015807558299,0.008135413909,0.014778114751,0.033629505656,0.059182594124,0.022692932385,0.004672231102,0.002980259850,0.004694535247,0.008319338605,0.005596217202,0.001816647344,0.000984664307,0.001014605240,0.001244241156,0.002473966099,0.006394592130,0.010504623671,0.017268260428,0.039573357341,0.102147328558,0.176974951176,0.202763207130,0.182655207045,0.133289061075,0.078012664269,0.061946343233,0.064139241206,0.079533780332,0.076664555359,0.049843152367,0.021443313319,0.014931877641,0.019922136998,0.047205399024,0.100620677080,0.112614898080,0.064387308916,0.036513136780,0.018874122857,0.004864177651,0.002074635264,0.001598250517,0.004688867496,0.032528326777,0.220086033872
0.511802690010,0.267215585838,0.047546792594,0.002651910577,0.000291958006,0.000170528496,0.000248902453,0.000817002953,0.002297892083,0.009310290518,0.053079403498,0.234576840177,0.536084762286,0.320953419947,0.044062933011,0.012602219471,0.016470201612,0.023185076931,0.018931548131,0.009746465020,0.003812073569,0.003195763730,0.003955981296,0.005960787582,0.005987826904,0.003119627561,0.001439719358,0.001019538503,0.001757607067,0.006793630745,0.010810809882,0.011638216857,0.016733520653,0.043981521507,0.116993438559,0.209522927440,0.229805958806,0.195081365417,0.131189753745,0.074279967904,0.062274637458,0.067107608363,0.079483674593,0.075419938682,0.052209252456,0.026977443784,0.020120197782,0.025314164372,0.050814557768,0.086980429274,0.089710825959,0.054748592315,0.027997016783,0.011407444438,0.003527690009,0.001623622959,0.001312917928,0.004369218412,0.031046969341,0.206514098575
0.450439294487,0.251281105397,0.046437313127,0.003217802025,0.000318926941,0.000152983417,0.000215627986,0.000848107372,0.002602720169,0.008652482919,0.034350721914,0.169430648410,0.555635174092,0.429481802343,0.059586466430,0.015863115929,0.017754979991,0.033780586106,0.048263587974,0.021133141335,0.006231846558,0.004379488952,0.004748637595,0.007177034197,0.006351069984,0.003327363118,0.001703424514,0.001445141445,0.005167962361,0.017116694981,0.016288784684,0.012812988478,0.015906161980,0.043450675766,0.133430249382,0.243832302980,0.259202886769,0.199420886100,0.115058376467,0.061269933138,0.052696635192,0.059122456888,0.066964138770,0.055598923166,0.035769695330,0.022653942638,0.021841474866,0.032233354336,0.058448441431,0.076361260419,0.062084202908,0.036245104225,0.020167472531,0.009146627138,0.003058477143,0.001394373549,0.001143377837,0.003457780342,0.022225348014,0.158701769875
0.383553103222,0.206425307763,0.054151767696,0.010110997513,0.001582633963,0.000635850340,0.000531355785,0.000487457508,0.000909167071,0.003681867111,0.026292090681,0.259912886045,0.694668349589,0.239773988870,0.026178437828,0.011134605441,0.017866719154,0.038271423438,0.044493618947,0.028481569491,0.008675800451,0.003776248696,0.002292400360,0.003019832204,0.003320276199,0.003042725998,0.002919540308,0.003599197549,0.016302644781,0.043120869918,0.027351915771,0.015277694127,0.013779802276,0.037103100219,0.141514984633,0.278653098600,0.282699444227,0.180648894914,0.091311797546,0.052865253596,0.051930672986,0.052210948792,0.048704088597,0.037792934685,0.028963035115,0.022825171086,0.021416484012,0.026388867369,0.038408962490,0.045180108151,0.035837057923,0.024148305176,0.020233681242,0.010021513713,0.002738070588,0.001106990519,0.000928845845,0.003043729773,0.022549180831,0.147892187350
0.326337938934,0.171558249777,0.071239636365,0.019868154243,0.003747833930,0.000413890009,0.000123740838,0.000170311652,0.000463437666,0.002740550958,0.024572800886,0.251738021037,0.748207805405,0.246067575258,0.022280389426,0.008646606711,0.012559932952,0.023622968680,0.022648557529,0.010306650908,0.002561397004,0.001530631455,0.002118464426,0.003332029514,0.003335401239,0.003072003567,0.003212050050,0.007381332547,0.037651238831,0.071292122960,0.030744575360,0.014674295921,0.014857399282,0.049714940910,0.177287981865,0.279329727447,0.248360902974,0.147537367646,0.066973712928,0.033557936935,0.031988416956,0.033587669755,0.035429038043,0.034066545781,0.026969136138,0.017273268593,0.012673427019,0.013199300902,0.018184881980,0.022408744558,0.018614482971,0.012828985823,0.009384546653,0.004773425283,0.001613649190,0.000739290876,0.000678970737,0.002404086867,0.020667279881,0.130788703579
0.250687724539,0.169374040781,0.103834916552,0.020016740904,0.001959547410,0.000094103016,0.000075803967,0.000101888859,0.000302150754,0.001840076809,0.016727988240,0.230480965981,0.765277816709,0.276430250006,0.029324078714,0.008659803059,0.010199684145,0.014256920583,0.010093473961,0.006866766590,0.002619027378,0.001605365197,0.002570785898,0.004205295159,0.004277768068,0.004219049315,0.004216403423,0.012224745098,0.056030533556,0.084830863865,0.033540697756,0.018041583591,0.021263972461,0.072008894520,0.211500630433,0.282641412524,0.248501314947,0.126699191669,0.057509957910,0.022453097687,0.021061263819,0.025303026827,0.030238052500,0.033292972781,0.026189364498,0.015478286637,0.010243134649,0.009121163943,0.011006629929,0.014407275417,0.015189469383,0.013793823268,0.009483069747,0.003907623340,0.001133781424,0.000467627869,0.000483194809,0.002150167613,0.020131688359,0.110520947425
0.182906654335,0.182361981148,0.114757753798,0.016861042400,0.001486300052,0.000071265517,0.000069412849,0.000082676457,0.000220305591,0.001290085093,0.015414025822,0.276255323814,0.794836157722,0.192527312054,0.015522410297,0.005565627505,0.005193126562,0.004784897554,0.003093886738,0.007776526565,0.010756388881,0.004188027472,0.001765043751,0.002469054461,0.002619991234,0.002547751830,0.002555896766,0.011432397286,0.055869630370,0.084463236750,0.041032360685,0.027393786837,0.031257997801,0.087614359641,0.208614607494,0.257482893738,0.255203660471,0.142657973723,0.064596976469,0.025906538144,0.025319482632,0.032311838658,0.036217920980,0.035283344835,0.027906508329,0.020173713882,0.015397837043,0.012648115258,0.012847109714,0.015717135928,0.019187519247,0.020743724034,0.011841181906,0.003332382024,0.000861881389,0.000334901236,0.000408090112,0.001946774051,0.014481206776,0.068602300161
0.139038164280,0.183973276687,0.090732058921,0.011930423272,0.000774514435,0.000068108198,0.000064158736,0.000067768062,0.000109870418,0.000494480904,0.015072436816,0.361965674437,0.797369612972,0.107349011482,0.007010432453,0.003721803258,0.002547901301,0.001338738469,0.000600958111,0.003605786752,0.014113037761,0.007068053016,0.001506628609,0.001732295718,0.001930935095,0.001968512424,0.002786958278,0.012516185292,0.047306442549,0.073414693556,0.045503499033,0.035675165128,0.037264458857,0.090719263769,0.196804708913,0.230717677682,0.229746572918,0.136361644958,0.070097311726,0.029494074693,0.027235318400,0.034325195298,0.034618698467,0.031056687246,0.029033124826,0.027839590497,0.023125537291,0.016067606516,0.014021180391,0.015585520309,0.018457591359,0.016108521078,0.008165029285,0.002376881374,0.000678970173,0.000230250639,0.000291095598,0.001248658755,0.007515355063,0.038640686023
0.126868751001,0.168097843062,0.072538155002,0.010060004550,0.000803084287,0.000069145423,0.000063607693,0.000066259100,0.000078494586,0.000289482933,0.016573847651,0.401449382478,0.788491922669,0.061876703948,0.005316587504,0.003493406766,0.001543940120,0.000343903380,0.000086689540,0.000768453568,0.009730711170,0.007566002184,0.001840034785,0.002330086105,0.003435987599,0.005149222547,0.005958624218,0.012654330779,0.033337619437,0.053570679858,0.044386234661,0.045452654938,0.049576094802,0.108688069773,0.201966891195,0.212420256617,0.207421864683,0.151678732732,0.089929783303,0.034200364798,0.025747691449,0.030895566220,0.032785596697,0.031991084239,0.030860745301,0.030976838529,0.026326733717,0.017486222305,0.015022171879,0.014367023389,0.013607266667,0.009472231683,0.005173471980,0.002247009244,0.000736421816,0.000182759260,0.000160430715,0.000629884908,0.004800011920,0.031787319786
0.097452867751,0.135638016895,0.081995880857,0.013241594072,0.001045066168,0.000117126373,0.000082152444,0.000088123303,0.000102228431,0.000206579876,0.009854830777,0.354037807093,0.826734578286,0.050949524986,0.004556062917,0.003515349506,0.001437166104,0.000196053696,0.000050000000,0.000164505458,0.001171567130,0.001793713644,0.001423053456,0.002822478138,0.004797112335,0.012488149284,0.014813964592,0.009082447431,0.017096126718,0.028768125203,0.034159450957,0.051847650534,0.067579675851,0.132149626291,0.199033586745,0.192343069974,0.188387299280,0.157534584820,0.096267861309,0.031011622028,0.018496288341,0.020745186763,0.025579910604,0.031543145880,0.031349755228,0.030741199458,0.025269892222,0.016011997417,0.013915026125,0.013274326379,0.012957357616,0.008771407632,0.003341178354,0.001514799792,0.000617437873,0.000163094043,0.000123445075,0.000481475176,0.004649269535,0.032136854727
0.074616682958,0.131260083993,0.080447047728,0.010633064120,0.000761417579,0.000098657235,0.000097276048,0.000126136527,0.000169462476,0.000629466137,0.034066519229,0.555380610834,0.708697850129,0.033748513453,0.005728025936,0.005839381766,0.002487288339,0.000249947502,0.000051298873,0.000050000000,0.000227405276,0.001478215453,0.001860755180,0.004230739159,0.007493060097,0.015564411769,0.015280456822,0.008834260013,0.013992914161,0.021345493249,0.028863892807,0.055298666089,0.080426922650,0.144136855926,0.185471643945,0.179394907974,0.194747147165,0.170281782057,0.098215275957,0.029957976192,0.017666520725,0.019449361784,0.024121204153,0.028480735738,0.026165124619,0.025499801906,0.021979762501,0.012695549346,0.010253912592,0.010119561000,0.011941116340,0.009253235738,0.002094631157,0.000808463448,0.000453797820,0.000182908174,0.000183374578,0.000770962326,0.005853885107,0.028888370927
0.074298265044,0.085070714670,0.043512694654,0.008643587016,0.000971932480,0.000109357543,0.000096866408,0.000137159480,0.000210589070,0.000878681773,0.058355120835,0.788269321980,0.477532331215,0.015319354509,0.005056635782,0.005601969675,0.002489976019,0.000275774912,0.000054658773,0.000055735196,0.000159344000,0.000334448020,0.000842532805,0.003672039122,0.008753472350,0.019133286419,0.013957494620,0.011764369778,0.017382405329,0.025155332331,0.035965505083,0.067379838818,0.080381343050,0.120061144314,0.153199654566,0.166795566632,0.190973244001,0.146656657368,0.080897617938,0.031133660996,0.022107796480,0.024287316848,0.025713310335,0.024570073704,0.018709075033,0.015759683598,0.012906818509,0.007289077938,0.005795395355,0.005817526084,0.006397023277,0.003105945453,0.000744262663,0.000323190001,0.000205537212,0.000132813449,0.000193756067,0.000978621903,0.007517144434,0.033625667859
0.060795651981,0.063425863674,0.034652737416,0.005300684539,0.000455396389,0.000096095798,0.000113823481,0.000170413424,0.000295817279,0.001209486572,0.077050699466,0.873623377132,0.357092497692,0.010662679454,0.002269236721,0.002561623458,0.001455312739,0.000228565536,0.000060388391,0.000064494486,0.000081453349,0.000094341968,0.000516709467,0.002956562606,0.008790390988,0.020036625037,0.012246856162,0.012828823367,0.016643833434,0.024560800707,0.041679058752,0.081159591438,0.082541720899,0.098672647919,0.121132302579,0.146289619752,0.165798612409,0.116143114658,0.068494254341,0.033751606353,0.027910153207,0.028583165672,0.022197538912,0.016021197180,0.010363265248,0.007326419917,0.005366540729,0.002919779647,0.002340552482,0.002742139238,0.003235057849,0.001372097133,0.000305706225,0.000134091987,0.000095513664,0.000091274698,0.000196843284,0.001165751005,0.007973378598,0.032559843227
0.052335575534,0.042616134138,0.016292061058,0.001992986571,0.000200271172,0.000128248659,0.000179064269,0.000238372055,0.000403132520,0.002190648871,0.119229086804,0.909426040352,0.296289394192,0.006163656890,0.001020933365,0.001104820369,0.000782319208,0.000188431522,0.000071345829,0.000057327814,0.000061164417,0.000090330588,0.000454439023,0.002634526069,0.007477851516,0.014750813972,0.011976584039,0.013786259524,0.015635119849,0.023154229250,0.044458602122,0.083496190136,0.077492244049,0.082082146434,0.100602517745,0.121827930221,0.132877347256,0.096248040418,0.063141631695,0.033564634849,0.027393795465,0.026616228150,0.017996388663,0.010953404848,0.006257916301,0.003822057935,0.002449134429,0.001048419091,0.000577328525,0.000632405929,0.001039784723,0.000659739811,0.000164948558,0.000079189940,0.000062035338,0.000062747291,0.000158342435,0.001181795275,0.008915914053,0.034347553813
0.047658164253,0.028332272778,0.011619861440,0.001709235819,0.000250092025,0.000313448427,0.000437880006,0.000345171994,0.000438407638,0.001997422307,0.119840585684,0.935036290082,0.238162661141,0.004957219580,0.000922908783,0.000862406675,0.000553173806,0.000146641653,0.000076585100,0.000072274108,0.000068235609,0.000142233908,0.000548028561,0.003049759967,0.012269308625,0.022860446122,0.011986647183,0.013134908027,0.014651689907,0.022640012187,0.045272198585,0.076950501206,0.069616365054,0.072740581932,0.101135355605,0.125799995648,0.118456693830,0.078785577118,0.052726541968,0.031291952465,0.027567194000,0.023963160488,0.012483139738,0.006410445500,0.003662147729,0.002105207437,0.001170942255,0.000408153426,0.000197290219,0.000260107095,0.000724175591,0.000656406516,0.000153465567,0.000069945388,0.000053876551,0.000055020650,0.000137954191,0.001110643726,0.009732067321,0.042723230393
0.049584539101,0.032715284661,0.013113144753,0.001638871919,0.000398637151,0.000789562194,0.000727118055,0.000360997313,0.000432165868,0.002004782547,0.130393787490,0.937821124382,0.231035325095,0.003661833013,0.000867748395,0.000816333607,0.000503928667,0.000139372413,0.000087117806,0.000142338979,0.000220212901,0.000445814520,0.001075817093,0.005084631378,0.027601946045,0.038181952806,0.010221705861,0.010680876340,0.013634017110,0.024050002231,0.045899163031,0.064265769586,0.056838732794,0.064995279488,0.109936519813,0.139787700899,0.109589914593,0.065856966419,0.041522715460,0.026072824710,0.024484858781,0.018608663422,0.007822439545,0.003400312672,0.001814851057,0.001038485180,0.000618348874,0.000216394593,0.000122822295,0.000316126955,0.001291678092,0.001208571996,0.000199849786,0.000071940289,0.000051990387,0.000052936415,0.000090339536,0.000557768242,0.006225629086,0.036451857461
0.055356279078,0.034330525261,0.008301509064,0.001126134415,0.000588615812,0.000924007770,0.000609480359,0.000275572191,0.000409785746,0.001806024943,0.140796424571,0.956323922373,0.146934399618,0.002372502790,0.000968924518,0.001145060341,0.000995018975,0.000325212956,0.000176418941,0.000418496549,0.000783584442,0.001204981024,0.002226873529,0.007638186156,0.031862925553,0.030796423721,0.007307275403,0.007437740754,0.010667928293,0.022333467985,0.042091158456,0.056018089399,0.049950409238,0.058360116410,0.100798460922,0.141816697412,0.112405106840,0.070652280886,0.040871655839,0.022313228595,0.017651618833,0.011182500050,0.003847343289,0.001575735872,0.000882635702,0.000534709385,0.000326758760,0.000118206667,0.000098392099,0.000479981199,0.002084863855,0.001377459300,0.000188299546,0.000072587632,0.000050000000,0.000050000000,0.000056189186,0.000218585446,0.002976304487,0.028545166145
0.058690946891,0.036898621768,0.008361903782,0.001667375388,0.000688884349,0.000691927663,0.000427576986,0.000246706285,0.000393550080,0.001879009777,0.154897551345,0.955094904277,0.137131344251,0.002396710991,0.001640287831,0.002942700006,0.003219729539,0.000963221187,0.000352863782,0.000389789903,0.000684761030,0.001715583320,0.003595476063,0.010363687186,0.032997971167,0.044829087171,0.016367849058,0.011592779367,0.013022855268,0.020542078265,0.033075211305,0.050106805812,0.049455132993,0.058454065667,0.093652735096,0.135915954909,0.110083882074,0.065587543841,0.035575714943,0.021143088248,0.016327266065,0.007741997127,0.001851104449,0.000626014704,0.000432053944,0.000351476849,0.000240616954,0.000091990942,0.000067910337,0.000293834122,0.002767526784,0.006115653127,0.000834012919,0.000077428963,0.000050000000,0.000050000000,0.000060461004,0.000263343029,0.003278190094,0.035403744624
0.063377969219,0.043169158699,0.009660669128,0.002103536794,0.000828134431,0.000911832138,0.000706676576,0.000400593415,0.000359300376,0.002116686534,0.234557789173,0.946453653977,0.087867946856,0.002135424915,0.002725725760,0.006073045001,0.007529946647,0.002533754139,0.000924747050,0.000807039493,0.001221834168,0.002980447209,0.005650641394,0.011491605482,0.026063370133,0.041105438976,0.025045297059,0.019268318086,0.015327002043,0.016129696303,0.022698220666,0.040801482847,0.046347368789,0.055487177630,0.080497667129,0.115942397745,0.097887799343,0.051798797810,0.024276527888,0.015167754474,0.012298945712,0.004214947128,0.000780622832,0.000274598539,0.000267516301,0.000302058305,0.000275871561,0.000137289094,0.000103415271,0.000267691607,0.003117451812,0.009727096181,0.002200042934,0.000134296714,0.000051743784,0.000051874968,0.000065609721,0.000256124174,0.002742704798,0.030030689804
0.055261164774,0.047231357022,0.012172414219,0.002537930764,0.000823902877,0.000841492366,0.000781410807,0.000499868301,0.000292173344,0.002718053034,0.271380575550,0.940313588035,0.084292370639,0.001956975885,0.003286958911,0.008268523564,0.013115872028,0.006505225509,0.003028555891,0.002655376140,0.002914527402,0.004563607450,0.007250511287,0.012464063382,0.022494644519,0.044591791783,0.031231816537,0.023535867235,0.015100211272,0.013051993916,0.017612853337,0.032039108197,0.036817981618,0.046537800714,0.070469972376,0.103371512891,0.087008794930,0.039968166662,0.014108091340,0.008080002691,0.007145822762,0.001728482381,0.000335155424,0.000218578750,0.000325667778,0.000452782728,0.000491761180,0.000336287671,0.000292568621,0.000608235722,0.003202354564,0.005916460004,0.001715595865,0.000281809104,0.000107927467,0.000110198584,0.000163318749,0.000585849143,0.003358045664,0.025256841419
0.052118256575,0.041841467724,0.011982854544,0.003148992194,0.001128313148,0.000969597567,0.000755696647,0.000561475715,0.000489058719,0.002944432714,0.256453032132,0.948562536611,0.083576693963,0.002538161070,0.004101060402,0.008952858254,0.015431752937,0.011665698196,0.007881463530,0.007057624546,0.005591700558,0.005401917467,0.007437352817,0.013688921783,0.030389845672,0.051322762126,0.035455494465,0.024549678006,0.015098500708,0.013338687841,0.017098702720,0.024696429294,0.023943893767,0.032786843776,0.061265969850,0.101377724169,0.080887205984,0.033283637165,0.010695063697,0.007054437969,0.003872503153,0.000530998744,0.000178262361,0.000183042308,0.000360490142,0.000535391291,0.000591762715,0.000480598067,0.000504701540,0.001037722489,0.002684599417,0.003470178127,0.001440069056,0.000334602607,0.000170290162,0.000197871095,0.000214975963,0.000510006629,0.003008668485,0.031028637348
0.051877042703,0.034396513407,0.008167689187,0.002406236223,0.001258758583,0.001485321550,0.001293076524,0.001062650125,0.001358888831,0.003864420131,0.140650759088,0.967665991612,0.149562124371,0.003208924977,0.003898843841,0.006807559695,0.010914164744,0.011388586033,0.010906157209,0.010617016799,0.006922378199,0.004809803629,0.006208167080,0.013955424751,0.041886539050,0.063612512492,0.037541293015,0.020903287303,0.013653741734,0.014684864724,0.020201171167,0.023674962815,0.018382064033,0.026103240017,0.059466702335,0.111703851695,0.080999132352,0.031323678963,0.011536705191,0.008679924361,0.004205796951,0.000546986581,0.000177740697,0.000180928442,0.000336430245,0.000436366516,0.000433460884,0.000359887125,0.000420838623,0.000889682671,0.001575547723,0.001438399574,0.000885062367,0.000292633968,0.000140418854,0.000109134592,0.000069186199,0.000113283666,0.001064149910,0.019455652004
0.053176104900,0.024520914537,0.005561494911,0.002453527674,0.002558868597,0.004121427397,0.003145155419,0.002127383872,0.002990537418,0.007547447063,0.152984153810,0.965251748518,0.149751435193,0.003105402202,0.003304194625,0.004935390131,0.006726426549,0.006749335364,0.006793464965,0.008075178630,0.007159651393,0.006653296377,0.008451285230,0.016534823651,0.047093190707,0.082294347735,0.035572135711,0.019259943479,0.014911170454,0.017605224136,0.021384095339,0.019272954720,0.013270156305,0.021051111344,0.060338412462,0.128896199015,0.083707423236,0.026092659386,0.008553036779,0.009913533834,0.009612368137,0.001462745134,0.000282332409,0.000234338164,0.000360414024,0.000409334511,0.000375202514,0.000276208571,0.000285308446,0.000539566385,0.000971696368,0.000761214427,0.000231616192,0.000059237469,0.000050000000,0.000050000000,0.000050000000,0.000077056806,0.001034454590,0.020151393055
0.052178816149,0.020052207127,0.007033998100,0.004368880310,0.004813100637,0.006446828258,0.003939612390,0.002624265981,0.003638941266,0.008800901811,0.196816880546,0.961166642042,0.116865723077,0.002448202616,0.002495946456,0.003813549646,0.005092191129,0.004253487696,0.003498142350,0.004368692997,0.004942073788,0.007349403444,0.012135082793,0.024922397978,0.057053929392,0.065911217716,0.032484998543,0.021048438513,0.019274484723,0.021219677385,0.019691320257,0.014612890371,0.009942023504,0.016671744108,0.054287302684,0.137453483593,0.096427368714,0.028729327967,0.009473197596,0.012662434775,0.013377618638,0.002430157752,0.000507044243,0.000314212285,0.000387684630,0.000428118921,0.000466925778,0.000418100531,0.000492764387,0.000883820846,0.001132628029,0.000661094442,0.000210823571,0.000077160692,0.000050515478,0.000050000000,0.000060669870,0.000235090481,0.003166650168,0.030438337054
0.055580172016,0.029433599294,0.016518106141,0.010276230570,0.007399534157,0.008531014920,0.005910036497,0.003869060072,0.003294272188,0.006582727756,0.156439687822,0.959428785240,0.154204394884,0.003239993415,0.002933415193,0.005030049799,0.007730337092,0.007142609127,0.004853111019,0.004809325656,0.005663358872,0.009682532045,0.015846837036,0.030399915683,0.054144845691,0.052043194350,0.035507717741,0.028741419739,0.025353014397,0.020655644407,0.016754241110,0.014864104141,0.013152971714,0.023994060713,0.069551645584,0.141647929783,0.096396143310,0.031325250634,0.014940838098,0.015926211311,0.016601352709,0.006120166833,0.002004404379,0.000808282051,0.000578532010,0.000490615403,0.000696948948,0.001086810259,0.001834295625,0.002899148045,0.002540566605,0.001165784824,0.000404577857,0.000150353466,0.000097928046,0.000189526449,0.000692679641,0.003257495528,0.013758096609,0.041122937018
0.071487298688,0.043089670041,0.027227589852,0.020764473373,0.017643264881,0.023213561471,0.015299018116,0.006739080895,0.003233466038,0.005634493634,0.132044386014,0.934823717575,0.229974035802,0.009508424181,0.005193831905,0.008477264922,0.015027191156,0.016177415468,0.009889581839,0.008017358971,0.010601116993,0.018957980811,0.027365302871,0.040923162346,0.063009949931,0.047870382466,0.041182496590,0.034204624870,0.026448002591,0.019251483963,0.018922569602,0.024957613556,0.027526838995,0.039429237796,0.086440408193,0.144693007959,0.122302703271,0.048829120377,0.022263576075,0.020597526219,0.029478356516,0.020760576069,0.012696319445,0.004201540216,0.001485038059,0.000744845059,0.000964793395,0.001791587324,0.003463960376,0.005427832932,0.004424090550,0.002036916054,0.000816783735,0.000329551241,0.000318429319,0.001689085396,0.008811288824,0.028786234754,0.048960072807,0.073857222643
0.099935927509,0.064057342238,0.037998730040,0.027704284690,0.024972805860,0.035874191297,0.030374350630,0.016336023768,0.007325362613,0.008775108917,0.083789301033,0.801906438502,0.483220598487,0.032334203394,0.007519183116,0.011123156910,0.024591419296,0.035701793149,0.026508282886,0.019760877000,0.025083349287,0.042237909083,0.053491699667,0.067823416086,0.075635537956,0.040618894875,0.042836490748,0.046731753844,0.040010600929,0.026905814525,0.025227803520,0.036579389088,0.041237796465,0.050039768128,0.106155053644,0.173893418105,0.171441848340,0.087373441418,0.042447650870,0.030388632472,0.052047246556,0.046299074791,0.031523206638,0.025917459437,0.017290093985,0.007265826234,0.003140429227,0.002130407946,0.003308682924,0.006016553305,0.005904976990,0.003051479818,0.001328070241,0.000601669241,0.001136983862,0.009020230035,0.034546513483,0.080528085817,0.092423710311,0.102859475498
0.126135890957,0.079568241937,0.041471456173,0.025263185047,0.018132311738,0.020733508404,0.016759093240,0.011220885018,0.007584372175,0.013824720683,0.144735010988,0.745666717980,0.480121323896,0.066522386723,0.017215819220,0.019202355731,0.039758628601,0.049666851177,0.035255214603,0.028945755325,0.033873414109,0.049787493791,0.062166793924,0.077409647802,0.096099404082,0.050620588970,0.040442491406,0.049324627792,0.048053043942,0.036520386521,0.036585293212,0.043480847431,0.040059859000,0.042122179418,0.090041174670,0.174191562400,0.221429267687,0.141237619404,0.074870969157,0.039098800558,0.062785320616,0.078889879898,0.055740108660,0.055742826050,0.058388882364,0.031328473640,0.010248546198,0.003074043221,0.002391848852,0.004700808833,0.005772938447,0.003587957449,0.001802901965,0.000945486848,0.002445738716,0.017105608351,0.051116321930,0.117696707592,0.138364090574,0.138127832927
0.161044602424,0.093295248209,0.041301381271,0.020475616169,0.012022482626,0.012973784912,0.012191837175,0.010279848540,0.008199283169,0.014590428909,0.140061812824,0.699735801530,0.500336304589,0.093719882814,0.026391020300,0.026767354433,0.053653161133,0.060212971741,0.038490214015,0.032970720488,0.033070133435,0.047701735768,0.069813986173,0.093930453605,0.108998323659,0.056428016179,0.035075786618,0.044236891303,0.050544466904,0.046897135864,0.055507120284,0.061906927015,0.043368402121,0.033180827146,0.062368863066,0.145851663942,0.240463709112,0.171267334948,0.086275673440,0.041701578751,0.053352013765,0.065066604522,0.067748040580,0.083059895533,0.088676792778,0.036937152953,0.008955042901,0.002167162254,0.001894666306,0.003943611958,0.005102212565,0.003333191808,0.001722532709,0.000905374143,0.002261638194,0.013321333313,0.038700284899,0.107031229283,0.155276995050,0.179341117598
0.234768699334,0.124692582994,0.052582254869,0.025743085289,0.012575027460,0.009807578227,0.007108830600,0.006496702568,0.007349636901,0.018183060200,0.166460820075,0.745233214830,0.402001371562,0.059154079412,0.027107609946,0.040687686835,0.067709364753,0.060453825868,0.035528988246,0.043365128357,0.041606640374,0.036733388478,0.033179368166,0.040378834607,0.073927342376,0.047619245712,0.025016624613,0.032125543893,0.046923359867,0.062023834651,0.080656266151,0.068584072089,0.032262607113,0.023475546562,0.050900378444,0.125811419414,0.234200783684,0.178656608853,0.087738314328,0.035577425577,0.035178455222,0.042646269723,0.071431904370,0.083437109584,0.066098398850,0.014661956275,0.002460667858,0.001140161042,0.001936911402,0.003740589025,0.004376923996,0.002689827904,0.001409564290,0.000757693557,0.001338549467,0.005742126303,0.017364527793,0.063643841855,0.133635891100,0.218392093787
0.314543045582,0.176398085429,0.060546706354,0.019462439228,0.006189649795,0.003580618798,0.002616566171,0.003337692099,0.005717137269,0.019089537097,0.182514535606,0.784309227247,0.329214723999,0.042831493867,0.026638092756,0.044942356468,0.065031862380,0.059792665131,0.038158462441,0.049036092916,0.033845665085,0.024836681199,0.023208552858,0.025979419630,0.030665234983,0.021397939736,0.015785877721,0.022782446341,0.046418858364,0.079211467543,0.084264861362,0.051303514380,0.020401535939,0.018344249131,0.047190230971,0.122800295958,0.204847231544,0.136487785031,0.065930548812,0.028924756060,0.033378851841,0.048630635241,0.069810073868,0.053714070867,0.031716073850,0.004993671900,0.000799502071,0.000692105962,0.001686253208,0.003758352991,0.004282517177,0.002217307871,0.000999069079,0.000551060781,0.000897957990,0.003011983102,0.007577135052,0.028850008279,0.081201412394,0.202549232016
0.361847988063,0.198455250240,0.059396955616,0.014215438473,0.003745103931,0.001752510259,0.001158397571,0.001679181894,0.003308809200,0.014649563243,0.228967717846,0.816896163130,0.221007841863,0.025755678177,0.020836902226,0.047714188840,0.085078889965,0.072973653468,0.035044267760,0.034944401173,0.027421158064,0.022205213366,0.018470513066,0.018944186932,0.024267925178,0.017637971420,0.011104886335,0.016904393198,0.035899129715,0.071673645030,0.080645132132,0.045924669585,0.016967260732,0.015825430002,0.044236196298,0.120209571049,0.165284859787,0.094526184668,0.042746599950,0.020564630469,0.027918876909,0.047631540055,0.056368025351,0.028499091726,0.012945760389,0.001885840450,0.000372011516,0.000351352843,0.001054103352,0.003200579442,0.004425702314,0.002283557647,0.000946938263,0.000516165682,0.000697514442,0.001349000148,0.002261116884,0.009629107529,0.047068008749,0.188967914528
0.400643025417,0.209682880564,0.049841058971,0.009680005433,0.002353281623,0.001100595184,0.000754471792,0.001365288719,0.003190554098,0.018085847528,0.330791815517,0.788061365889,0.140208733864,0.013844421287,0.013625797385,0.044577857180,0.113030640390,0.103768461847,0.038321650537,0.029321411811,0.022134201614,0.017587595170,0.013088488086,0.014706330116,0.020577248110,0.016290571541,0.009600343192,0.012331541635,0.027017397739,0.050244022202,0.065010336596,0.054236260528,0.022599945171,0.019169889319,0.046267678986,0.114712852662,0.132589556007,0.075695148614,0.033666046688,0.015039896030,0.017445679387,0.034196410467,0.035385232738,0.010927474559,0.003208771121,0.000407382736,0.000124085973,0.000185178106,0.000667652853,0.002696070491,0.004934112390,0.002917332896,0.001136486716,0.000413698540,0.000333721066,0.000464690891,0.000780927418,0.004189699033,0.029949291676,0.166950560195
0.407178111510,0.163822699022,0.027139499846,0.004701721587,0.001294918197,0.000671227596,0.000460584993,0.000918289287,0.002484547864,0.023634875130,0.543840089175,0.689471218664,0.051912508896,0.004128133617,0.007461814100,0.036881913390,0.122835291199,0.116038090521,0.041495982298,0.041024647258,0.029299349460,0.018946953840,0.012475984502,0.012689157535,0.011929427966,0.008545657932,0.006373572621,0.009378648731,0.020594231516,0.038054860239,0.051589186349,0.048182549756,0.020817589462,0.018887790967,0.041063275093,0.096809602506,0.095896344619,0.056728847780,0.029689705152,0.018959000130,0.015930678344,0.013579663741,0.006099663092,0.001237015251,0.000483586062,0.000120659539,0.000075003822,0.000121336739,0.000467303184,0.002375621185,0.005014021529,0.003091574895,0.001101157126,0.000278611952,0.000135114931,0.000124213617,0.000216150240,0.001645507247,0.020358694264,0.156033787242
0.395346508538,0.169878677897,0.025912313129,0.002766489219,0.000368537627,0.000149317341,0.000150414979,0.000472678061,0.002064906080,0.037945833080,0.682676364273,0.571590850921,0.032881668604,0.002550513607,0.005653308480,0.031963217063,0.109372829520,0.094096269759,0.040533588868,0.050175046595,0.023963974402,0.009748809358,0.005625255098,0.006563566203,0.006740321741,0.005704727656,0.004849263466,0.009148742679,0.020921152026,0.030556939349,0.027893917217,0.027505450436,0.017943978112,0.023217468545,0.045590253444,0.080591745259,0.064040078537,0.040869373420,0.025196946562,0.014774099486,0.009238598512,0.006414781294,0.004007447048,0.001287184660,0.000512506887,0.000123042576,0.000087796394,0.000181321086,0.000648856965,0.002754267824,0.005728514705,0.003397537922,0.001106980625,0.000247682801,0.000098059751,0.000067257448,0.000089949530,0.000792535936,0.015789320451,0.141087580635
0.362487461168,0.153801543401,0.023432806829,0.001933014159,0.000141227373,0.000053704768,0.000051783048,0.000148406829,0.001318728415,0.064664183625,0.819601636391,0.394590046291,0.020559774538,0.002447233383,0.006421743289,0.034872105755,0.088653000159,0.058824008276,0.026025181243,0.035449216828,0.026527335987,0.014926417271,0.006639335369,0.005084366312,0.004333487579,0.003981146357,0.004132828743,0.010008623751,0.022953647731,0.026016562013,0.015132817186,0.014245502775,0.012976510163,0.025950221026,0.053049298433,0.073654792058,0.045957069139,0.034724761208,0.031006424191,0.017543953101,0.007224389181,0.003754652183,0.002544921403,0.000965025059,0.000367726945,0.000174906645,0.000217389221,0.000469967015,0.001236672378,0.003624202508,0.005916318615,0.002549874882,0.000652978539,0.000137188823,0.000062363227,0.000050000000,0.000050000000,0.000418799113,0.014782434044,0.139908496252
0.323873251132,0.169661297671,0.026515770853,0.001880203030,0.000128748227,0.000056656660,0.000060795047,0.000132340117,0.000898060277,0.070334142978,0.865235193197,0.330709217373,0.016045910180,0.002309070352,0.006493424380,0.031330798818,0.067337870119,0.039726466505,0.019925979491,0.031630959117,0.019486941044,0.009940908297,0.007455867086,0.009149353310,0.006711019478,0.002794997648,0.002670276365,0.007422305854,0.018509011482,0.021304254403,0.010634066244,0.009709727300,0.011973294058,0.033999138254,0.072044406121,0.084922959483,0.045906352871,0.032133745594,0.024955213149,0.015438502675,0.007773463018,0.004399332888,0.002907500224,0.000751060588,0.000244668873,0.000274300816,0.000492589067,0.000917548555,0.001704691264,0.003705525342,0.005327741613,0.002063990902,0.000428788602,0.000085674914,0.000050000000,0.000050000000,0.000050000000,0.000311758818,0.009767860002,0.096699011579
0.293602319769,0.171820756873,0.025563859376,0.001627403097,0.000161074734,0.000066501909,0.000068967535,0.000164890052,0.001137953028,0.079245654136,0.882729769865,0.327222633452,0.016895767321,0.002661372626,0.006606317125,0.028665961913,0.053151474759,0.027779034604,0.021005869040,0.033136716111,0.014205793197,0.008659050915,0.009866791672,0.013274271959,0.008595942058,0.002884494733,0.002439245315,0.006946508985,0.016983109990,0.020618333649,0.011021134910,0.009717299673,0.011957173245,0.038755702681,0.096417827348,0.121616789027,0.053469103422,0.032189336428,0.023833798087,0.020713822796,0.013857929280,0.006633219311,0.003827546785,0.001053617326,0.000324750690,0.000377665712,0.000699327128,0.001193329720,0.001923425090,0.004605425500,0.010803463636,0.003627657377,0.000355697618,0.000070568496,0.000050000000,0.000050000000,0.000050000000,0.000083388232,0.005370055467,0.071898220167
0.241290215296,0.151280695136,0.030593071783,0.002003391122,0.000154407927,0.000062273566,0.000064363010,0.000099589744,0.001039767244,0.105420597679,0.928908623738,0.218357635215,0.005871357207,0.001635968203,0.005732544904,0.026016409265,0.045074255520,0.019887098410,0.012313729694,0.028280614903,0.016009580764,0.007632731707,0.006383193787,0.005992988482,0.004133955719,0.002481074558,0.002301253342,0.006404304632,0.016490624878,0.023088835094,0.013327635084,0.010416162744,0.009957608735,0.029190121821,0.085797689076,0.130276073119,0.059319109958,0.025802786301,0.014987692689,0.014581244209,0.017605956479,0.012709792650,0.005325795305,0.001362294673,0.000331098283,0.000327125392,0.000636170739,0.001107463512,0.001777837938,0.003455536772,0.006094855677,0.001977936231,0.000261311201,0.000063409534,0.000050000000,0.000050000000,0.000056593850,0.000259174581,0.003728279895,0.053680817567
0.227447095416,0.140738166192,0.024284526591,0.001501908922,0.000116425947,0.000051046897,0.000055572791,0.000070648716,0.001608761707,0.120038331795,0.935331072456,0.213519635717,0.004972010497,0.001373860086,0.005560826040,0.025179132748,0.042069440988,0.019009431375,0.007108019518,0.008261534388,0.006689771729,0.007377183692,0.009793554322,0.011060896295,0.007935025457,0.003329123031,0.002996988318,0.007084259934,0.015386050029,0.020483530947,0.013733412007,0.012752016374,0.011218882563,0.025362727247,0.068589337735,0.117321787460,0.066999676111,0.026655586655,0.012851404084,0.012798424635,0.021281622769,0.019374330984,0.006743752231,0.001476029149,0.000423103061,0.000391355070,0.000768912948,0.001326670039,0.001835914999,0.002692413312,0.003705839024,0.001658234460,0.000270059478,0.000059649380,0.000050000000,0.000050000000,0.000050000000,0.000140918161,0.004060032318,0.055223718872
0.221840420009,0.131913839699,0.019912836219,0.001420770296,0.000131838924,0.000061044812,0.000056095638,0.000075572291,0.000735057431,0.047412020603,0.807790100172,0.533406776665,0.018313682139,0.001297846967,0.004240882637,0.019037521906,0.040297941540,0.023348386269,0.008581937593,0.010718316138,0.013310064949,0.008810984356,0.008402481833,0.008941424320,0.014960182805,0.010430875639,0.004438430785,0.007128137309,0.010866876897,0.012807380566,0.011117108240,0.015063624395,0.015636018548,0.032530805494,0.073375696872,0.115768814780,0.071327233854,0.025630441794,0.010979241389,0.010896729094,0.021147612693,0.025131208335,0.009649664100,0.001568257508,0.000393256356,0.000396846431,0.000993447124,0.001934304716,0.002417344065,0.002667921367,0.004384788087,0.003060087774,0.000265334407,0.000055005762,0.000050000000,0.000050000000,0.000052263236,0.000225945274,0.005264602929,0.058219395157
0.204333261266,0.132555475814,0.013671208330,0.000573901894,0.000072598874,0.000057118088,0.000069600416,0.000120287198,0.000565890842,0.018927750918,0.563005149902,0.793272180827,0.045505639297,0.001421680415,0.002615471333,0.010183433634,0.029553711525,0.026797374135,0.012810906621,0.007494170500,0.005910551611,0.008992774380,0.010289266388,0.011620740892,0.015040246566,0.019840307735,0.007040350556,0.004625177035,0.004129261873,0.004587422067,0.006200629602,0.015024465594,0.021757428032,0.045612559584,0.077711988779,0.088876925496,0.062477062466,0.034435837210,0.016037497435,0.011369908725,0.016725588939,0.022885520720,0.010340428836,0.001512322029,0.000317649750,0.000364339671,0.001116642876,0.002507921911,0.003275698707,0.003316911594,0.003666214158,0.002684099933,0.000271259579,0.000056361413,0.000050000000,0.000050000000,0.000072181549,0.000514192809,0.008355645770,0.060071632352
0.183034381446,0.137534442975,0.019259853747,0.001140564563,0.000111802300,0.000076555687,0.000096473533,0.000184485515,0.000766025186,0.015125722675,0.417986972837,0.877138744066,0.090791443506,0.001899805170,0.001748964091,0.005874687942,0.018635684836,0.022239932876,0.013235687554,0.007871597010,0.006348067564,0.009752524704,0.010655399170,0.011415421307,0.015753267298,0.034508032584,0.012900042420,0.005689487930,0.004123336352,0.004044189935,0.005547692599,0.015099018852,0.025713261815,0.053010808474,0.067485957733,0.060761995365,0.046699995203,0.033871306472,0.019939132012,0.014720548654,0.016690322768,0.016883614470,0.006989431360,0.001160682472,0.000386153929,0.000639762279,0.001849814026,0.003502431090,0.004132685881,0.003909207025,0.003299895086,0.001583213583,0.000224362707,0.000060901872,0.000050000000,0.000050000000,0.000081856487,0.000625044610,0.008799955478,0.058657036044
0.164231666630,0.155351722295,0.040235323709,0.004641731903,0.000638297498,0.000349346229,0.000374133577,0.000578085615,0.001691751325,0.011721394412,0.242361305939,0.911670693943,0.241107721756,0.007867341499,0.001705293805,0.004679620769,0.013942267420,0.018480414991,0.012924912859,0.009865616017,0.009161880158,0.012746674326,0.011330478406,0.009305482784,0.012893424681,0.039923285210,0.027807057708,0.012842379116,0.007519110639,0.006988969733,0.007958768915,0.014040541477,0.022926920663,0.054471934262,0.077471448797,0.062046698710,0.039884157084,0.030259929269,0.022865900129,0.017763700470,0.014569185145,0.010312114943,0.004376841126,0.001180879636,0.000697542811,0.001259497425,0.002941182217,0.004868735460,0.005810927908,0.005350390381,0.003581054454,0.001544666060,0.000315330222,0.000068498619,0.000050000000,0.000053427048,0.000130114890,0.001033873103,0.011764776090,0.064828709096
0.157347628919,0.174690037909,0.071315978781,0.013910638953,0.003078638344,0.001885767282,0.002179054711,0.003425687037,0.007900104040,0.016370938655,0.127961745065,0.797237341431,0.522307917413,0.031115102305,0.002597647800,0.004724742386,0.013151491273,0.018819920251,0.015469674608,0.014023315164,0.012334407197,0.012795776318,0.009545206437,0.007719838393,0.009483982115,0.023805526368,0.016154285312,0.016636135308,0.017810356453,0.014001032971,0.009739668719,0.011153357512,0.017932574068,0.052608086153,0.093726491148,0.078906459974,0.039456012658,0.018195436127,0.014314949779,0.016166743726,0.016265992726,0.007003167527,0.002209984241,0.000899805549,0.000947106925,0.001918142288,0.004069304164,0.006216026164,0.007310951369,0.006900304156,0.004841890357,0.003038596143,0.000738650909,0.000087902510,0.000051769514,0.000071518731,0.000298409554,0.002430859845,0.018097048140,0.061269278661
0.170603197333,0.167358272760,0.087540985643,0.028054639814,0.009286745345,0.006127366647,0.006245141206,0.007879849889,0.014403071342,0.024865815616,0.163745889094,0.827348352466,0.451379388187,0.042772444912,0.006385238415,0.008310214036,0.015394508406,0.015298444735,0.012701098258,0.016180809915,0.017299692367,0.015481987003,0.009819265892,0.007741747343,0.010854948767,0.021933676358,0.016983681679,0.032394957433,0.043462739970,0.028765264742,0.014569451306,0.012253606121,0.017051140074,0.048851305833,0.101327420250,0.089094180673,0.035311398923,0.008592915086,0.005837494795,0.010254820932,0.020874065539,0.010306791026,0.003347833119,0.001772137462,0.001879974532,0.003061847291,0.005280712922,0.007014778620,0.007379449380,0.006627117868,0.005574623049,0.008863417448,0.004838299778,0.000540844555,0.000150367638,0.000252157965,0.001257434667,0.006018879967,0.024807621684,0.070647974066
0.261809546745,0.172173747690,0.078566946555,0.035815616134,0.019643441926,0.014465256594,0.010370427907,0.009552298150,0.032609983066,0.174678277101,0.606402303378,0.670167325160,0.186206591172,0.031016321760,0.015862755858,0.020011019314,0.018817609386,0.010404689480,0.007849680883,0.013631955661,0.019405559774,0.018845009863,0.012537446285,0.010909907667,0.015517118843,0.025365205559,0.039590001973,0.085104376454,0.102485015886,0.062661332867,0.028741455278,0.018098144956,0.020162914115,0.063250279677,0.176750719125,0.151108742142,0.043210867182,0.009186120298,0.007447876013,0.014972493272,0.033192407558,0.030870594382,0.015339906884,0.007883858931,0.005600228138,0.004847185538,0.004626296309,0.004031427809,0.003961927946,0.008661425530,0.019678677578,0.017699189843,0.009968112394,0.004549000800,0.004249242059,0.003545918395,0.003684128929,0.008800911302,0.037970727783,0.130268352706
0.387051959693,0.283574023471,0.120554213022,0.049400084565,0.024620537799,0.018350092200,0.024987074864,0.049638843113,0.175494483177,0.426339594090,0.542257765551,0.387323517583,0.101576516649,0.032721941725,0.025705324189,0.027755798621,0.024663509604,0.013768794105,0.008128680917,0.011024293169,0.016173168932,0.022241926005,0.024806598992,0.028688890051,0.038035205119,0.072485835579,0.097107436452,0.162495121519,0.159267056416,0.088607485752,0.041526628352,0.030792116401,0.041980009679,0.118325963265,0.315590929641,0.303494251084,0.089487498207,0.018221135152,0.013746944428,0.023434811104,0.050374738025,0.060239244581,0.032563336983,0.017954562746,0.011192118073,0.006634668349,0.003943237561,0.002783791625,0.009061081688,0.069467533898,0.108280424903,0.027917302417,0.006968583097,0.004498494995,0.020795900559,0.071680229397,0.034222473040,0.018103194870,0.046017365653,0.158609756582
0.433486572647,0.387634720625,0.252934017663,0.156247424992,0.077213094667,0.049254987861,0.067852795876,0.073042038712,0.122309406840,0.197067101611,0.254464609608,0.319001018573,0.150579317480,0.081632101246,0.066445745914,0.052913527349,0.031610656685,0.012207262710,0.006231546801,0.007295052694,0.014842232772,0.034037002926,0.055704417462,0.069420234208,0.085426162220,0.137610804780,0.132678164773,0.159212112484,0.137666053537,0.104298013917,0.074755412392,0.066121862199,0.077475485967,0.211291085854,0.483142096865,0.402974069846,0.127394806205,0.026230225431,0.015835861063,0.021345982918,0.042840215988,0.055576197670,0.031019744882,0.016861902858,0.010148326215,0.006603043724,0.004297893023,0.003459487880,0.005301987925,0.015282956512,0.040981156032,0.044125597926,0.036874459644,0.014924626766,0.024250690061,0.022468198870,0.015438799298,0.021335000644,0.062639759346,0.182394401949
0.481978057208,0.510371322949,0.310581469888,0.135004287771,0.065159264524,0.043986754469,0.049605360925,0.051120142077,0.094889618312,0.178574258689,0.260530923642,0.238516374499,0.083756416980,0.058991736397,0.074135109834,0.063748882104,0.028875358832,0.007305898722,0.003595775311,0.004724034664,0.008796412286,0.024337554993,0.051724535466,0.087321889753,0.119254819183,0.177465222012,0.144039590050,0.153388593679,0.142933716238,0.127435760488,0.092382171651,0.068018441561,0.071698170333,0.184195349399,0.433325368320,0.376193928659,0.164312608014,0.049848054077,0.032920656990,0.031183279745,0.036674551357,0.035127835599,0.020803410679,0.011608008143,0.007044145255,0.005401837816,0.004117539575,0.003354279941,0.005359976093,0.016393529437,0.039635066145,0.039424560537,0.021111993158,0.025049263825,0.038089847090,0.027565159479,0.014495837217,0.017012088579,0.055134545739,0.181613557740
0.611928714284,0.499680889187,0.193737971691,0.080284405311,0.051979847574,0.042861129885,0.043818585635,0.042428149959,0.081439621087,0.154895694635,0.219305363637,0.243492167799,0.092381215509,0.061184020456,0.090123533524,0.057857215142,0.016987129273,0.004072207365,0.002416749174,0.002823533808,0.004335699744,0.013097527890,0.036390803243,0.087134172099,0.132585494802,0.191684354135,0.145116733626,0.157188350328,0.166331869272,0.157655793134,0.088029088175,0.044100007278,0.036973727967,0.102126194086,0.318750793058,0.396569275809,0.221261733831,0.081059567278,0.045854458126,0.027260231418,0.021482294806,0.018535423343,0.011433134744,0.005779926391,0.003114799732,0.002452734379,0.002238498606,0.001860574296,0.002478028538,0.007987074993,0.028413489300,0.041255956397,0.027954096245,0.035342553107,0.053978137392,0.042444556361,0.018399924931,0.015969360018,0.049962931905,0.216578442557
0.699657913910,0.507051547864,0.135232405773,0.045612888794,0.031730905538,0.043229776883,0.056339235390,0.051474112533,0.074887122562,0.129545809278,0.194314893469,0.227850207514,0.070704583331,0.075559791922,0.076994251862,0.035877595793,0.011299634556,0.003043028012,0.001779308555,0.001943055352,0.002594457001,0.007169401949,0.025236131112,0.086318460052,0.149301226746,0.223197974590,0.162740929566,0.161206970603,0.143392864743,0.108265555433,0.051774140027,0.028606230105,0.026687016914,0.080079772157,0.265367606180,0.361006393431,0.239848879443,0.118335294556,0.079717146513,0.039421613315,0.020077492036,0.011476412111,0.005288741842,0.002063886181,0.001033432407,0.000943273622,0.001353922452,0.002942080396,0.012479725897,0.044127369405,0.053904894671,0.035970499561,0.019126571126,0.027711128028,0.040066147390,0.057233564013,0.043421598336,0.029944434206,0.062244681363,0.243608142102
0.779748736576,0.560085877959,0.101096737051,0.020534017563,0.011217705025,0.029764998148,0.078409878269,0.070664515323,0.067267149130,0.103380781529,0.162163873889,0.180816238440,0.104547812087,0.103235866096,0.067246084518,0.023643292192,0.008290395896,0.002357257687,0.001247446376,0.001454461498,0.002266030590,0.006537581529,0.027136453097,0.098075712958,0.152769906160,0.224959185008,0.170335283232,0.164698864319,0.118939493237,0.072772822571,0.037620803708,0.028455710182,0.031457778093,0.093098633101,0.282867145295,0.339874710934,0.203843335973,0.119768797426,0.120500113521,0.059981598892,0.017430615878,0.005875616469,0.002288187198,0.000915058395,0.000451200007,0.000467448707,0.001088743279,0.005537496069,0.032524392534,0.063172130944,0.026980149381,0.008293773502,0.008067580248,0.023092631316,0.063924961527,0.091375064201,0.040725354437,0.030280087746,0.072681088038,0.278717082247
0.727775932963,0.624676263474,0.112738752552,0.020175731630,0.010066358195,0.025416247177,0.075392282860,0.089985113362,0.082396553403,0.131015151748,0.245646901272,0.211716915279,0.085461871190,0.082001708227,0.053904237832,0.018292795036,0.006701848825,0.002883319581,0.002534266886,0.003627264648,0.006141493144,0.016697539641,0.059220964863,0.142293509808,0.149799699312,0.193057099497,0.181991167919,0.204747830705,0.152924358019,0.093178551824,0.054152222096,0.039391435813,0.036900985281,0.091801880652,0.285112181910,0.330405712382,0.173683734303,0.088348340086,0.096889798056,0.067078689700,0.027850171955,0.011311205338,0.004475958424,0.001751092770,0.001264454821,0.001763959451,0.004277567406,0.010587743305,0.019958404388,0.021803096616,0.004370316960,0.001374119235,0.002352068960,0.011812784129,0.037862467271,0.048664447423,0.035926480679,0.036918556978,0.090339044235,0.266633278008
0.724430435517,0.582098718812,0.116404253606,0.026024534348,0.017462948742,0.048359203626,0.120059900479,0.132330061775,0.105907752484,0.146038933405,0.282025718357,0.298672305052,0.073160564746,0.032336667911,0.026114919348,0.018165191487,0.013007414782,0.006981936894,0.008782280244,0.021003000019,0.037293546510,0.056345524594,0.091164803563,0.145107807137,0.168208383267,0.216334001373,0.214108033081,0.205784334305,0.154999090074,0.104218410002,0.079977554180,0.062266444545,0.044426325934,0.074263035656,0.172211858706,0.247250223842,0.218563947771,0.110589047917,0.079825950740,0.054499712237,0.034449622343,0.020049562365,0.008591770496,0.005131509290,0.007748591776,0.015823754796,0.023585687850,0.020860966273,0.010335211060,0.006135869375,0.002561499083,0.000469882949,0.000572566319,0.003289126015,0.017834054057,0.035031925675,0.028249695071,0.024094612996,0.056652927339,0.229854968476
0.694618864208,0.376004430958,0.091571195378,0.037753448036,0.050730335909,0.128652754577,0.172764021468,0.095033214163,0.065303394204,0.121854814021,0.276381995143,0.377748726822,0.208304684584,0.078833968112,0.045909151389,0.037868572180,0.051601513675,0.047372102599,0.053931211668,0.105129219363,0.143108666758,0.126587459256,0.118800332832,0.177757164732,0.339743995734,0.323117647291,0.203717079153,0.143224146827,0.139611658840,0.139502584554,0.100713240448,0.055500052799,0.028146998194,0.032928231758,0.070121706032,0.135271863589,0.204741412943,0.158633614421,0.100019076498,0.062873172899,0.047841487141,0.039767375311,0.021167816707,0.011010581213,0.011424953789,0.014933067783,0.017433155425,0.013309147074,0.005865443625,0.001491745717,0.000434591875,0.000398308556,0.000857347315,0.003776991312,0.016212923760,0.026901682228,0.020640551336,0.026018636201,0.077684381277,0.303611142119
0.499250785873,0.357165461568,0.189803715883,0.134805125003,0.150320619699,0.162364163781,0.126953703800,0.071173515925,0.073353179694,0.109417332551,0.165900442207,0.206611707290,0.196823228643,0.161944429142,0.159978413362,0.153053678606,0.148834267031,0.107656236695,0.149034536814,0.333435554264,0.466295521685,0.386004147466,0.280829140387,0.353992886422,0.378751067338,0.204927730931,0.143179707177,0.116004627502,0.149506865399,0.178646294764,0.123021274554,0.056116581280,0.021758507627,0.015567326113,0.026308895943,0.069636543276,0.195195374859,0.254581433880,0.154685827526,0.088394550168,0.057451104614,0.039681047580,0.024929484053,0.016250961065,0.014937354139,0.011247861704,0.007620096810,0.005022761040,0.003576554650,0.002267920346,0.001848179259,0.001612512981,0.001325249618,0.003259095883,0.012242978894,0.031050762381,0.030137366076,0.034213895935,0.077525363411,0.244551612376
0.203286096325,0.236580656938,0.254483923296,0.214524228660,0.140593494599,0.093672658289,0.068084271507,0.037329018668,0.042566607297,0.079715170433,0.143318944063,0.175248742954,0.103921791184,0.074106967006,0.137608313330,0.284847014774,0.419438456806,0.284827373766,0.284656895861,0.498802627164,0.517986489198,0.398315503777,0.345705259032,0.285675172486,0.188392752794,0.114789464421,0.095704793165,0.076591109545,0.085411425932,0.087773298743,0.069507813391,0.043568277777,0.021383424928,0.016080309320,0.028172282247,0.079110214453,0.198086632128,0.262437790752,0.189204086019,0.106595441020,0.060445597670,0.050078460122,0.046375002851,0.043827198910,0.034480602575,0.015644751782,0.007444787876,0.004014953974,0.003033277247,0.002666228779,0.002216009269,0.002646059623,0.004622367727,0.009786180195,0.021440942036,0.042975907301,0.055622084181,0.100025115475,0.128498636331,0.137306681594
0.221113064546,0.287843761035,0.283336357572,0.181553635006,0.071763095874,0.030171667483,0.017988919364,0.009854775417,0.007850940876,0.011330551496,0.028355634686,0.108352424074,0.158430083117,0.188767649071,0.260757540269,0.313186860048,0.490624687903,0.405208630318,0.349324749125,0.364980728117,0.327614157550,0.268479435683,0.195054886435,0.134435400796,0.083716463500,0.044952108614,0.034762432679,0.029552057808,0.040228307650,0.049257737794,0.048537366328,0.043818731592,0.032203806829,0.029782699182,0.045799805199,0.076812564624,0.126231455262,0.142129957930,0.130358792406,0.112825174646,0.095163241339,0.091642165216,0.085633289497,0.077737522723,0.064129901227,0.040001222460,0.026719087395,0.015604437764,0.007827042459,0.004740947207,0.003344254890,0.003192031629,0.005277465354,0.008982684641,0.014242835866,0.025889663451,0.046838810392,0.103879456832,0.158107740192,0.170251979653
0.319481184865,0.330374610492,0.219389088313,0.115097550605,0.061735513443,0.058295250068,0.070158246965,0.044410698166,0.033545815940,0.031846593810,0.034383414623,0.057161784773,0.081037481612,0.150170916765,0.261077242255,0.329836797150,0.477316583820,0.440058521595,0.363055379513,0.297019615832,0.197014485070,0.175508764988,0.177419970053,0.174331068953,0.148560339313,0.070119460101,0.025516900109,0.013604718383,0.020229660163,0.034808260032,0.050044163487,0.057066417041,0.046936245076,0.038401949854,0.042384784897,0.049458380738,0.076210022907,0.100009087847,0.127045605208,0.129003924718,0.097446883153,0.082930317048,0.082554589118,0.100539845191,0.118394614352,0.090752480822,0.052496818812,0.023652084324,0.009588240332,0.004936645585,0.003302603113,0.003241508782,0.005680986357,0.009604244735,0.014862353121,0.029274792974,0.044508106203,0.082569401558,0.137049361266,0.202051573610
0.301924667381,0.305324432562,0.170422822581,0.078637324083,0.049090297916,0.085057982483,0.141552351017,0.096067039503,0.049719516397,0.037619423224,0.046039865995,0.095145247114,0.174248066417,0.291946175102,0.348374227111,0.302507452279,0.345834646522,0.382846394539,0.397967268121,0.343707435387,0.222901445521,0.170572681343,0.143041596802,0.146978877383,0.162455959934,0.147062023091,0.081255842647,0.029067017068,0.017110321200,0.026260204549,0.062791452825,0.096702110762,0.086472380089,0.053302668752,0.034834705945,0.031373361589,0.042792462976,0.061669669429,0.091311303936,0.097742664058,0.084759680352,0.092883429009,0.103605154191,0.130545523024,0.176766701693,0.144603724016,0.087818949947,0.104327855015,0.090698044588,0.044441860140,0.013509134198,0.003648369963,0.004258996502,0.007738053336,0.013510868870,0.025631847248,0.034576925869,0.061114501475,0.105636693627,0.179323712144
0.362548358999,0.319405398859,0.152577393828,0.066921578249,0.051695654513,0.104248957906,0.143336599161,0.086363012626,0.035182280734,0.017716380294,0.016966459680,0.044611538466,0.130471916397,0.297136038414,0.404589231002,0.426529852547,0.441908157853,0.345157537324,0.240507121671,0.164591040619,0.102633832457,0.091119756511,0.102529873921,0.130997907117,0.140386794106,0.125251424958,0.093696857014,0.052866662125,0.026301326348,0.022107758045,0.053294310966,0.093841593475,0.094112870214,0.056877751812,0.031120238225,0.022998138233,0.033405768113,0.051637496931,0.065801688713,0.055231961640,0.047252477655,0.059844867538,0.096864383052,0.150060004476,0.198729041793,0.178700993856,0.104205280456,0.055205013551,0.026252034727,0.012533376682,0.006320436946,0.003334080376,0.004306287215,0.006545077358,0.009713857583,0.016689543397,0.022979149521,0.051707127256,0.115163840423,0.226463571417
0.434620676101,0.322459786190,0.129549412781,0.058161925912,0.061730750272,0.093780798395,0.077782770571,0.055150853197,0.030650806742,0.017186796392,0.012369633248,0.019638692711,0.048624137608,0.158067208284,0.397130043128,0.570715076885,0.412279726981,0.203090300651,0.131882060945,0.094779736492,0.057031449668,0.041769341482,0.047419016735,0.064225721704,0.094871368789,0.101312987959,0.058443146140,0.016935085322,0.009342495446,0.015138065182,0.042164701103,0.080118558532,0.088542843604,0.059683816447,0.035002602591,0.027540787658,0.028908157005,0.039266219419,0.052947472902,0.043054011740,0.030375121011,0.035038501823,0.062042580461,0.111711493580,0.228560715747,0.235216079507,0.089544462390,0.022006148473,0.008748473606,0.006378812979,0.005446655800,0.004737408905,0.005974904668,0.007788368809,0.010290898028,0.014209432414,0.013265029381,0.029856547548,0.093798544198,0.259754773366
0.519505871786,0.309171421666,0.081157819083,0.030849071547,0.056278743508,0.091859007620,0.073703674667,0.044199332544,0.014212100475,0.005668206671,0.003223710614,0.006985971619,0.029024531496,0.137264642557,0.462699254143,0.577184628653,0.244830893100,0.129935361652,0.098789921938,0.071831638358,0.044319113558,0.029946686012,0.031609491600,0.033054597980,0.049983645085,0.063521679414,0.024217194516,0.005516401940,0.005625756116,0.018671076142,0.054665687198,0.090371900326,0.088159915761,0.048969268787,0.025408889261,0.017997791211,0.022626674521,0.042167718728,0.068848482528,0.047773760326,0.019873911221,0.012443461731,0.029706471806,0.080317993615,0.269709741528,0.246669487732,0.067453250290,0.017215163088,0.010286823911,0.009903408736,0.010933393583,0.008068590318,0.007169677425,0.006503856930,0.007358950064,0.009092832211,0.005705654405,0.011124653579,0.052367059987,0.260427216530
0.516646966959,0.258626730217,0.066690749892,0.040968238786,0.050846061876,0.042846745469,0.020336280661,0.013818152587,0.009161671203,0.004931256967,0.003258594813,0.010803873363,0.056842445332,0.298290774306,0.642956593356,0.433334728862,0.129551667204,0.095734711940,0.116164933253,0.111176535238,0.057328752842,0.023744549609,0.010254608843,0.009006355624,0.020661089596,0.034030046507,0.025792360662,0.016416569714,0.015661287232,0.027496024042,0.075171051452,0.114895201962,0.087181307164,0.038051707936,0.019179730252,0.013058024010,0.018537272504,0.033960227361,0.053189884349,0.037828707043,0.021106201515,0.020453115846,0.040089088739,0.124078720023,0.266452285200,0.190291433343,0.068045698023,0.025518125145,0.016663812368,0.016035012358,0.016371063925,0.010454534670,0.006991700358,0.004578511227,0.003953570014,0.004569289417,0.003198552273,0.008476106215,0.051974093992,0.289268652638
0.458037386512,0.175551694339,0.044396316918,0.029291259712,0.032806932259,0.024456016937,0.013478872455,0.015353081106,0.012065895261,0.006129775560,0.003474892958,0.025823757589,0.227609716522,0.705880741947,0.587317129513,0.149867588543,0.055493127209,0.085664943853,0.174725470737,0.147279269458,0.040690424393,0.008815774281,0.002944352793,0.004835372889,0.014034807367,0.028085423045,0.027237468490,0.019054259337,0.015098175529,0.031759798683,0.093132608618,0.112347925689,0.063146034881,0.024724111664,0.015989136651,0.015664103497,0.024672151766,0.038310902271,0.056320884725,0.051627052714,0.027242973977,0.018673714116,0.049470532663,0.149152714130,0.251740344810,0.151611868380,0.058107590943,0.027099700710,0.020050349009,0.019790596560,0.019456767494,0.011389798147,0.007491505457,0.003772526100,0.002222706187,0.002514319206,0.002666306820,0.011563128625,0.077076521272,0.345921932660
0.300072622368,0.069419792675,0.012754601759,0.007399347128,0.006082558263,0.007141641503,0.009841487421,0.014086415886,0.012617833101,0.006898113628,0.002948016997,0.024221362584,0.435022519680,0.876729612376,0.187215259166,0.034922608321,0.040797276394,0.104208776239,0.179627426986,0.076915429750,0.012477697306,0.002659539362,0.000957009055,0.001494855656,0.004294667341,0.010582326922,0.013368018238,0.010384570696,0.015820223957,0.041178007046,0.085565738495,0.076308975543,0.035419160364,0.012412847195,0.007618086096,0.009245315662,0.025249529554,0.050869630135,0.055330384286,0.029060723048,0.017464131904,0.018122269844,0.048524117911,0.109027231156,0.164255522171,0.112171087901,0.046488942397,0.024510694113,0.020675654015,0.020711200172,0.017577798103,0.008243960451,0.004967963890,0.002265203609,0.001198166701,0.001471765291,0.002157200406,0.014270486634,0.103980772460,0.353853478520
0.232914810101,0.041233344083,0.005463252646,0.002351956406,0.002242994424,0.003940588434,0.006982852600,0.011540097981,0.012484229154,0.008180127767,0.005042294467,0.061062618088,0.607489990892,0.804451593279,0.203498635653,0.055599567593,0.071476210584,0.141240004289,0.099890167922,0.019620280606,0.001942671091,0.000502680849,0.000364432228,0.000895852496,0.002355486099,0.004573362811,0.006411411379,0.007974148313,0.018985751970,0.047199490766,0.077881634342,0.057445450107,0.021065721164,0.006754217497,0.005386688077,0.011108131816,0.036413789176,0.060675576516,0.039948440052,0.017494533190,0.012599533108,0.016391519787,0.042357604182,0.086803264188,0.125788297681,0.093607908239,0.051443682075,0.030027086785,0.022972907114,0.021672732428,0.015920945366,0.005773434855,0.002430236581,0.000869321715,0.000456463306,0.000866355810,0.002164828228,0.018500725326,0.114102274923,0.311687224682
0.212827456785,0.057202075038,0.009589400329,0.002647113723,0.001649154162,0.002687988162,0.005466469557,0.010244109713,0.012038805257,0.008885713655,0.019362204882,0.188082108297,0.703501562053,0.762950874269,0.244139547016,0.090762446961,0.096135010985,0.122692112977,0.054862133330,0.011396478847,0.001156232671,0.000243145618,0.000192480709,0.000575858188,0.002056488183,0.004284931006,0.006310884777,0.008583508134,0.020728917045,0.046792066481,0.065361379693,0.046864476702,0.021315323540,0.011639282009,0.013689370552,0.025675210680,0.047337912103,0.049400349672,0.024010608403,0.010922247463,0.010287700967,0.018025465206,0.045463267015,0.084458899552,0.109617539420,0.077621109785,0.050703926127,0.038727272516,0.030338112740,0.024204880441,0.014462395630,0.004355045504,0.001440693552,0.000490735206,0.000316128883,0.000830851289,0.002743128029,0.023108013639,0.107497034006,0.244951585789
0.233491967090,0.075868760622,0.015467597929,0.003518534932,0.001480444172,0.002038034871,0.004343153291,0.008441235475,0.009930273576,0.018778649310,0.201588514853,0.719735445043,0.744716663348,0.400443155225,0.150359819152,0.095905159051,0.120096463430,0.109267294987,0.062216116516,0.024914521963,0.004386006301,0.000801244307,0.000324453943,0.000580915345,0.001969221924,0.005602403065,0.011408577282,0.016988131176,0.030096790047,0.043922576025,0.045419482455,0.035301074414,0.026601437186,0.026237562306,0.036990659209,0.055607787985,0.057955045469,0.036337340686,0.020251417694,0.014124940669,0.017971458953,0.032221367205,0.058141896203,0.079821312425,0.091087980792,0.073140128060,0.057895469042,0.046870897069,0.034366678455,0.024101673662,0.012197647187,0.003917403557,0.001998559404,0.001013110956,0.000699078246,0.001201860966,0.002544031107,0.017026749954,0.084570887836,0.225487802545
0.221640376258,0.078891234403,0.013436166638,0.002519113178,0.000902192777,0.001210359298,0.002631454829,0.005307227966,0.009549996094,0.100045144273,0.678188511229,0.803192317633,0.268032577754,0.110596286116,0.067547233637,0.052631027392,0.063378684277,0.058905583420,0.039158445073,0.019328765197,0.007461066765,0.003666757661,0.002087252009,0.001495404548,0.002567234636,0.005422978914,0.011398528736,0.019073260924,0.031408662383,0.038321994231,0.032244861250,0.022682732408,0.020437599854,0.029415027946,0.056026429755,0.079659740659,0.058074563373,0.026928380566,0.017725114516,0.016040159050,0.026026086534,0.049975366117,0.076461572709,0.064615227501,0.047145786074,0.045059167939,0.057229291437,0.054722448489,0.030434498175,0.014534055722,0.006193596908,0.002869347901,0.003576587704,0.003461403145,0.002484880165,0.002470665147,0.002472564079,0.008623509821,0.039119370173,0.144416595807
0.167569098984,0.051210008106,0.005928606570,0.000928184314,0.000468954212,0.000779494196,0.002237902094,0.011627245370,0.091332299881,0.532293426373,0.854132926532,0.290571876636,0.046642166248,0.014963508637,0.009848224208,0.015359046696,0.038838922351,0.063265849875,0.054099674577,0.019924239501,0.007120462089,0.004887325939,0.004283706006,0.003473470298,0.004467675194,0.006620221384,0.010799721390,0.013630682187,0.020537542426,0.031084087779,0.032569991720,0.023651106740,0.018775547003,0.025972267759,0.057811504055,0.092220811608,0.080727286277,0.040912716747,0.023893923460,0.016209317776,0.019694022261,0.036409420383,0.068223148607,0.052190603671,0.034665057618,0.032666552963,0.038949796562,0.039180861216,0.019645708345,0.009093008789,0.005253790695,0.003481591974,0.004405808034,0.004657997300,0.003558695655,0.003403932965,0.002903154806,0.007831434460,0.031887957654,0.116538066309
0.103690587731,0.026439422250,0.002143082235,0.000373287955,0.000274686182,0.000444587706,0.002344868216,0.056158066489,0.424402521345,0.856589933048,0.355010287479,0.045189786073,0.003844763435,0.000810348679,0.000909583043,0.003735543528,0.016856367910,0.044352434974,0.039408476217,0.016515796677,0.008754124567,0.005783200202,0.002906082689,0.002196398674,0.003008499443,0.004696983449,0.007554093156,0.008576179755,0.013122330865,0.021193295659,0.022768419147,0.016761639580,0.013472280572,0.021276847037,0.056017034176,0.098461650902,0.095242050607,0.038739971947,0.015466806467,0.008855386146,0.010865061389,0.021584473707,0.048031532470,0.043814806915,0.027896657534,0.014159032767,0.012029639504,0.010752573386,0.006751139851,0.005178353641,0.004756078483,0.004430367680,0.004852063230,0.003206992524,0.001470269717,0.001259593829,0.001432332263,0.005791170707,0.027643463722,0.088841751199
0.055870695501,0.016570563245,0.001577071734,0.000271524174,0.000198489432,0.000279305679,0.002014798711,0.131911272615,0.773026218892,0.603019335273,0.121239624742,0.013194615997,0.001034633237,0.000240169289,0.000401835960,0.002708188330,0.018687199088,0.049814902996,0.024393856377,0.006495817092,0.001959369643,0.001473885870,0.001487289978,0.002057662931,0.002944143201,0.004186709305,0.005925263521,0.006907661693,0.008897267686,0.011449544027,0.012666382634,0.014673391802,0.020274271554,0.035869875779,0.071943620675,0.097960740517,0.080479810535,0.023162930191,0.006338657780,0.003780952921,0.006997345946,0.019871241299,0.045465465573,0.039723134821,0.013478097394,0.003316045454,0.001831617040,0.001793422187,0.001940099467,0.002521674645,0.003796263294,0.005494722074,0.005242345338,0.001969906073,0.000543599393,0.000468416418,0.000850703213,0.005007311254,0.022970608724,0.053041230663
0.040532173128,0.008383645799,0.000591990103,0.000188912933,0.000165028843,0.000207692696,0.002236418779,0.161841920570,0.898100958939,0.397538548942,0.021110074748,0.001384367620,0.000920488599,0.003483853365,0.003866727495,0.004867634626,0.016939536370,0.037141046884,0.015653750967,0.001799068963,0.000291029714,0.000252309690,0.000417096904,0.001242776354,0.003419335535,0.007310059714,0.009069584373,0.006197191879,0.004901588334,0.005877148647,0.007976695099,0.012775092534,0.020319153919,0.042507513933,0.075498616259,0.073700594480,0.056449115972,0.020405138452,0.006614338993,0.004252251150,0.007052629523,0.017060884168,0.035793400218,0.025668241355,0.005907116123,0.000899212712,0.000371289658,0.000443256697,0.000671014035,0.001037529485,0.001716020679,0.002195698490,0.002358718971,0.001393834426,0.000568407237,0.000453939219,0.000524749336,0.002316664690,0.014152703866,0.039927672464
0.044379075528,0.007032910926,0.000339436594,0.000192541222,0.000192808301,0.000228564297,0.001878489773,0.190419471146,0.932614529648,0.294600264357,0.011360715630,0.001086911127,0.002419664712,0.008340550514,0.005594935133,0.006325247550,0.014208935782,0.025140945288,0.011197769858,0.001990237783,0.000320726591,0.000170572910,0.000207566995,0.000779283623,0.003327495091,0.008582620251,0.009003384093,0.004774343837,0.003328664414,0.003680654399,0.005912622838,0.011913015481,0.020906406765,0.045227212061,0.075522475900,0.058969938376,0.046570322874,0.022408322929,0.008684118214,0.007748073212,0.012618315427,0.020056409670,0.025647495240,0.014078032775,0.003976165815,0.000980208048,0.000495967922,0.000666750673,0.000946896080,0.001119643457,0.001039368167,0.000691098987,0.000643068313,0.000566785376,0.000321397791,0.000278526983,0.000267209562,0.001031550737,0.008345262970,0.036314400860
0.046918035979,0.010351431656,0.000518208738,0.000182083691,0.000184571421,0.000185401315,0.001497187496,0.129997034947,0.884027377716,0.439572006136,0.022114044761,0.000878197084,0.000205541386,0.000437681272,0.001950643397,0.005942072152,0.012144846599,0.018910641877,0.008235442845,0.001707438733,0.000346734992,0.000210948835,0.000290619125,0.000973410193,0.003393163266,0.007580043298,0.007660896369,0.004162063038,0.003116374868,0.003513498291,0.006025353207,0.012574227432,0.021903376377,0.044266088930,0.069670988358,0.062281506257,0.043257168155,0.017524075966,0.010669668658,0.010278835401,0.016097637976,0.021803025756,0.022787598997,0.013513752293,0.004490721437,0.001558575705,0.000945511449,0.001262597571,0.001711895809,0.001898993663,0.001372525073,0.000556560911,0.000311812550,0.000220552391,0.000152128975,0.000186344353,0.000247549488,0.001167277087,0.008658734397,0.035715320889
0.057928694965,0.013519817931,0.000674603765,0.000131521951,0.000119458210,0.000115973245,0.002239347731,0.091722003217,0.686934970894,0.712267118268,0.062637893419,0.002743748539,0.000631165081,0.001700794809,0.007881571621,0.012575550049,0.010037543250,0.011329408565,0.004844035598,0.001097082184,0.000282253015,0.000241804662,0.000430199620,0.001407978636,0.003629140670,0.005729459317,0.005058041614,0.003760293904,0.004917536112,0.007573291489,0.011056785882,0.014878023882,0.017435765511,0.033300113531,0.056451339183,0.053345096787,0.041694921768,0.023665360079,0.018791326054,0.016330626239,0.017768169720,0.016946220094,0.014396359655,0.010572074499,0.007666767089,0.003502368109,0.002556342134,0.002660117607,0.002464151512,0.002099544959,0.001490209377,0.000736997777,0.000436166606,0.000239497957,0.000099039303,0.000079628978,0.000099459234,0.000564554758,0.007453805177,0.044702018497
0.057994385019,0.013917816631,0.000763460056,0.000092161257,0.000065951354,0.000106485797,0.003083518912,0.059118163146,0.431056667950,0.859682099817,0.245275263437,0.040028714310,0.019899656744,0.030711668366,0.026932474744,0.008366142083,0.005618012028,0.007760456145,0.003193815965,0.000805182640,0.000267018646,0.000292592124,0.000574850484,0.001662666166,0.003610459193,0.005842327917,0.005723116877,0.005128766411,0.007535982566,0.012494819525,0.015611833368,0.016355665375,0.013240116953,0.020657091304,0.037612243771,0.044303220169,0.045975427313,0.033208090533,0.029748612135,0.021165040256,0.015453300664,0.011771486372,0.010057202849,0.008054058432,0.009048663144,0.005414263237,0.004403192130,0.004852732194,0.003679401784,0.002080889917,0.001032399263,0.000385533405,0.000297226886,0.000275343250,0.000192695497,0.000185428340,0.000248288242,0.001031377012,0.008827459260,0.043089400271
0.067045214594,0.018909860817,0.001058745611,0.000094122458,0.000050000000,0.000137891680,0.004315514254,0.048191825272,0.258808604104,0.763193185749,0.540146778667,0.187913830242,0.075935505539,0.059626547316,0.038180150034,0.012740009043,0.007517431956,0.008006442898,0.003569988691,0.001435550075,0.000676313406,0.000688052430,0.000969074514,0.001824417467,0.003178278446,0.006529478114,0.008487083129,0.008243661514,0.010211946044,0.015253890239,0.018167279598,0.017831913098,0.011239937752,0.015924117306,0.034628606893,0.049785323051,0.053389530423,0.036600114166,0.034354081434,0.026743523595,0.017762811681,0.012817277396,0.009879656792,0.007259441550,0.007642657508,0.007266745672,0.007293901172,0.008337778327,0.004668576972,0.001396896920,0.000406181550,0.000158453983,0.000203720946,0.000338786851,0.000408283897,0.000479813812,0.000586471849,0.001610611668,0.008788675998,0.038041441200
0.070659502485,0.019670234241,0.001472748017,0.000180677321,0.000093426766,0.000256277031,0.005869643762,0.054135167163,0.144514768254,0.360358473081,0.657561895636,0.570885832111,0.223588088158,0.123550565910,0.098551887990,0.031168063034,0.007212355556,0.009041788590,0.007557791058,0.004863040019,0.002327288336,0.001249940399,0.000975777112,0.001403136908,0.002534132716,0.007030035738,0.011324355350,0.010013698444,0.009510136947,0.012340498693,0.018526894536,0.027205638283,0.019829478777,0.024920822110,0.046082133891,0.060032596010,0.045037174246,0.024149416748,0.022241805266,0.022246890211,0.019264009374,0.017902214941,0.012883132362,0.008490161326,0.008245582602,0.008994002283,0.009873252983,0.010046713894,0.004288156494,0.001043832281,0.000416708864,0.000283782675,0.000490440130,0.000532985567,0.000359192585,0.000247237722,0.000258903043,0.000838511689,0.006556111970,0.037965393765
0.061646684397,0.022399543416,0.003001808091,0.000678599482,0.000432924301,0.001189577468,0.006279757856,0.034688726090,0.077147648326,0.147295664579,0.335494044742,0.658194994959,0.540924211861,0.316624766929,0.135553895637,0.032607034100,0.008363991335,0.011745571761,0.013755367466,0.012200572143,0.006004284949,0.002254715910,0.001219866673,0.001333145372,0.001973703487,0.005306189468,0.009534513998,0.009058703508,0.008173589888,0.009800643260,0.016587463529,0.034663542294,0.032570610991,0.041729930269,0.058841195781,0.052488585655,0.036629893682,0.015582719832,0.012965094986,0.015092566850,0.015652218435,0.017372192582,0.015284610770,0.011914480193,0.011142052155,0.009050378999,0.007276089288,0.006970775593,0.004336357848,0.001744663305,0.000969631716,0.000516142390,0.000455606798,0.000290857086,0.000237788073,0.000281177197,0.000406943429,0.001121442190,0.005802967627,0.029884610452
0.047127138031,0.017976030495,0.003955061941,0.001323555254,0.000840069790,0.001506920944,0.003221609299,0.007083900391,0.023321539503,0.059058715513,0.141846309245,0.379954540772,0.616046663390,0.610522112143,0.235827305371,0.083921870390,0.033907151848,0.021911255148,0.016463633696,0.016253494173,0.010726612005,0.005149580218,0.002762788800,0.002053870459,0.001821141254,0.002878555648,0.004428348871,0.005353948101,0.007471523221,0.011505843081,0.016743899676,0.031108437073,0.036364082011,0.058452998306,0.078719768532,0.055181526224,0.031785308556,0.010671631183,0.004343442670,0.003720162984,0.005129538199,0.010147679255,0.015220788633,0.013366596340,0.010055290210,0.006618563623,0.005388439321,0.006700855515,0.006007185520,0.002588018757,0.001093552484,0.000353399273,0.000179930534,0.000117108817,0.000122802862,0.000216974111,0.000403444366,0.001321142580,0.006887067734,0.030291168195
0.032467912872,0.006801007288,0.001265768043,0.000616126822,0.000748136598,0.001712729071,0.004063913684,0.005541126665,0.006530397818,0.021109992087,0.073448772453,0.151612571117,0.357496402304,0.701977206557,0.541593204454,0.191165176060,0.072907333390,0.052659074753,0.020958774402,0.014584261503,0.013400822113,0.009550540764,0.005930128715,0.003507798611,0.002448037062,0.003046855332,0.004213168661,0.004725535932,0.007151170397,0.011579113321,0.012406685620,0.014869324455,0.018916269813,0.049625865092,0.105132979467,0.078231336713,0.027630276169,0.005402389461,0.001444327110,0.001050722142,0.001432618524,0.003012984213,0.005750043509,0.007515009133,0.007404162510,0.005196554111,0.004132928593,0.005086951920,0.004184845328,0.001678431521,0.000832483318,0.000350263155,0.000175775693,0.000096840849,0.000074310335,0.000097481415,0.000178743637,0.000939598221,0.008681265348,0.037781978648
0.027025848828,0.007042582414,0.001680240246,0.000851266474,0.000780625882,0.000809591819,0.001093515799,0.001633331000,0.002718777217,0.006251023006,0.036844047963,0.065346407303,0.142612899097,0.370983564200,0.713058214701,0.513128213031,0.196149500186,0.108143386693,0.041752210049,0.012854093081,0.016273471518,0.017367337874,0.011776775647,0.006277372532,0.003967581218,0.003727298233,0.004153899820,0.004322799241,0.006531959184,0.008698598976,0.006809540111,0.006894047893,0.011375535971,0.044474859840,0.121410573043,0.094208651191,0.024825023797,0.004885556056,0.001558849131,0.000730771818,0.000361168302,0.000340254483,0.000611667529,0.001847972921,0.004265447656,0.004066394086,0.002384583369,0.001882646129,0.001540717744,0.001281414294,0.001405579227,0.000848177100,0.000267002786,0.000081576282,0.000056498579,0.000073400119,0.000139312081,0.000703770865,0.005696717429,0.026903731214
0.026281010456,0.009395765368,0.002023845939,0.000486545008,0.000202869230,0.000142455351,0.000233642500,0.000797639141,0.002756267701,0.004863190285,0.012512944739,0.023927598445,0.054192462706,0.139830880707,0.387022762572,0.692109372455,0.533011066160,0.221687739032,0.049893487192,0.008527337163,0.013708269133,0.023178323054,0.019314906846,0.009404472267,0.004653875611,0.003300934140,0.003469440002,0.004197499955,0.006185174436,0.006501410345,0.004885995712,0.006006020644,0.012524156084,0.045974325614,0.108558485154,0.101064712941,0.029488541670,0.004495015982,0.000847437291,0.000259236793,0.000139714675,0.000159932433,0.000281402455,0.000741059202,0.001452363812,0.001426625874,0.000845884312,0.000581590225,0.000477640751,0.000603937462,0.000819181142,0.000637282652,0.000273957340,0.000106666717,0.000061938594,0.000067449693,0.000093135891,0.000335663986,0.002565562514,0.016051764089
0.024070778340,0.011155922753,0.001993983623,0.000286662445,0.000103416900,0.000079106467,0.000105140612,0.000347564454,0.001751727333,0.004948080876,0.012430729460,0.019922034828,0.036020965929,0.068260280605,0.149757858840,0.382456288225,0.761592445144,0.479862360401,0.107419404157,0.014963953643,0.011391198875,0.021080873313,0.017873538507,0.008520485655,0.004569426788,0.003441054076,0.003641858425,0.004452238273,0.006576143305,0.007480165842,0.006378696198,0.007750143835,0.014016732452,0.041079824578,0.080057177833,0.081162166102,0.033758616849,0.006315428193,0.000944577710,0.000205248608,0.000111792273,0.000128197176,0.000164598500,0.000263869683,0.000531331271,0.001011127136,0.001234284782,0.000706558385,0.000330810854,0.000314641060,0.000312057899,0.000211644221,0.000137041125,0.000087419969,0.000059473302,0.000051247998,0.000069715665,0.000286703995,0.002149991982,0.011924799069
0.017809705928,0.008413396620,0.001198695526,0.000140704003,0.000058972060,0.000052334483,0.000074271800,0.000333295852,0.001942792829,0.005800224675,0.011631619637,0.019341667750,0.026613828780,0.029457586565,0.045446041854,0.146393518709,0.545617808076,0.777471578923,0.269910187464,0.032898009569,0.012606821522,0.015789347053,0.010907116275,0.005893339255,0.004635680757,0.005081863741,0.005423722120,0.005446205182,0.007130067965,0.008935292387,0.009229770256,0.011441772366,0.016265152689,0.035092528389,0.057318345345,0.061352613151,0.051077244305,0.014955298345,0.001733089311,0.000292765286,0.000158602327,0.000176955165,0.000195907984,0.000233830977,0.000323948271,0.000515199379,0.000772787171,0.000665125545,0.000395915282,0.000252878254,0.000169533977,0.000099727366,0.000073941903,0.000058407941,0.000050000000,0.000050000000,0.000065452768,0.000269038092,0.001799995748,0.009090584245
0.015088850599,0.006457688525,0.000990019749,0.000133304073,0.000050708676,0.000050000000,0.000064587396,0.000348988389,0.002059678845,0.005274300776,0.005843377640,0.006141659686,0.010180433870,0.014314935831,0.019176382283,0.054700726885,0.235491199042,0.781101658687,0.582899784911,0.056383187606,0.009138713513,0.007773577606,0.005182896929,0.004250330626,0.004919656758,0.006591214997,0.006766937676,0.006332650744,0.007917411807,0.008982351411,0.008167539223,0.010221697880,0.016091702992,0.036332559867,0.055416043450,0.048974522121,0.033922994653,0.015813778381,0.003620398774,0.000608351924,0.000282753829,0.000311364151,0.000365144493,0.000375979786,0.000313640231,0.000310094532,0.000511671240,0.000725659412,0.000560026111,0.000251678849,0.000104752115,0.000057064067,0.000050000000,0.000050000000,0.000050000000,0.000050000000,0.000059573367,0.000187963372,0.001319285895,0.007735091699
0.013715817389,0.005299822495,0.000680269305,0.000092504462,0.000050000000,0.000050000000,0.000051823620,0.000188504827,0.000996242882,0.001737223462,0.001063686867,0.000970552407,0.003217681858,0.006757715058,0.005347381147,0.010181252116,0.063523605941,0.531934579887,0.846409392444,0.110224089439,0.004465587936,0.002192087697,0.001883062926,0.002805610990,0.004701726104,0.007174624009,0.007531616927,0.007605319566,0.009258137401,0.008366937212,0.006015427704,0.007776177366,0.015035206141,0.035173873795,0.045415326703,0.031936490442,0.030555845488,0.016912992550,0.004216480513,0.000741988856,0.000369870156,0.000409624935,0.000732523025,0.001161333493,0.000690689579,0.000194422971,0.000122637097,0.000190173253,0.000229648671,0.000118573291,0.000055374729,0.000050000000,0.000050000000,0.000050000000,0.000050000000,0.000050000000,0.000058047633,0.000153715945,0.000946383201,0.005987742504
0.008719319969,0.003366586854,0.000704982041,0.000169999969,0.000050000000,0.000050000000,0.000050000000,0.000063020677,0.000212936700,0.000410860235,0.000329129882,0.000440180563,0.001816983222,0.003511273078,0.002362628903,0.004023521696,0.025234536259,0.348024605063,0.929196366292,0.174218338286,0.003914923122,0.000361980848,0.000405210133,0.001185702889,0.004257570339,0.009670645812,0.009854052602,0.007710960101,0.007579650511,0.006715945976,0.005766736335,0.008050465302,0.014483190552,0.028823417989,0.034788762881,0.023991222112,0.030079560811,0.030817591522,0.008928480348,0.000974628778,0.000255831177,0.000307831934,0.000694749217,0.001420458255,0.001323939572,0.000743368666,0.000135380836,0.000094667494,0.000088699776,0.000052813840,0.000050000000,0.000050000000,0.000050000000,0.000050000000,0.000050000000,0.000050931107,0.000081869123,0.000254175686,0.001184973293,0.005154303023
0.010933340318,0.003581371140,0.000703349756,0.000139223980,0.000050000000,0.000050000000,0.000050000000,0.000059834635,0.000098538755,0.000099697781,0.000074019173,0.000067086557,0.000159535439,0.000583239459,0.001365020864,0.004967694779,0.029005778066,0.287134100448,0.950081958235,0.186173869540,0.005204683556,0.000171381739,0.000203974203,0.000861669464,0.003950577157,0.008790905035,0.008615017672,0.007255327415,0.008106499345,0.007687137687,0.006236937764,0.007687441217,0.014108884924,0.028196983468,0.031270394545,0.024259633296,0.030380062885,0.030373558107,0.013172325446,0.002388799903,0.000467804616,0.000504575335,0.000886862139,0.001476172172,0.001117223714,0.000367711223,0.000098282743,0.000055477571,0.000050101967,0.000050000000,0.000050000000,0.000050000000,0.000050000000,0.000050000000,0.000050000000,0.000050000000,0.000062481095,0.000173902761,0.001098182854,0.006237548869
0.011852220930,0.004249138488,0.001004654254,0.000155332830,0.000050000000,0.000050000000,0.000050000000,0.000054796862,0.000069797547,0.000058193248,0.000050000000,0.000050444535,0.000093231294,0.000379632957,0.000956090225,0.004747386780,0.036745282688,0.319340843859,0.929022494442,0.225870504199,0.008782929306,0.000181771859,0.000208626165,0.001042589848,0.003906595292,0.006920535899,0.007640314424,0.008622862809,0.010420519819,0.008291953813,0.004988786057,0.005726352655,0.012622488945,0.027466408211,0.029720380444,0.021606129117,0.021517073650,0.019797414797,0.010256064941,0.001695664919,0.000672120001,0.000905694413,0.001370725318,0.001442369951,0.000589205858,0.000175479983,0.000072576727,0.000051356331,0.000050000000,0.000050000000,0.000050000000,0.000050000000,0.000050000000,0.000050000000,0.000050000000,0.000050864308,0.000062701224,0.000206231492,0.001477986788,0.007332481887
0.010515076897,0.004096987751,0.001348387185,0.000282224454,0.000066261678,0.000050000000,0.000050000000,0.000052271020,0.000059407981,0.000059524301,0.000101940578,0.000581999043,0.003370941539,0.004488747262,0.002316531281,0.005741011904,0.071994586821,0.562128474624,0.823724760217,0.155130350830,0.010390945390,0.000554371490,0.000322779142,0.001385026415,0.004862505061,0.009061877222,0.010105424432,0.009259295313,0.008003566479,0.005225458623,0.003445179412,0.005079409396,0.012990695145,0.027116633819,0.029242454511,0.026027646507,0.027385171000,0.023219332526,0.008293922027,0.001605327960,0.000705451765,0.000872473474,0.001118762329,0.001936552991,0.000932815959,0.000229481469,0.000134310732,0.000106572984,0.000084783935,0.000054187932,0.000050000000,0.000050000000,0.000050000000,0.000050000000,0.000055487475,0.000062131535,0.000075438458,0.000274752313,0.001900876271,0.007755129828
0.014699548185,0.006238286174,0.001393316607,0.000194775358,0.000051784532,0.000050000000,0.000050000000,0.000050000000,0.000061938068,0.000116613768,0.000637528380,0.005482607661,0.016692281092,0.010282485399,0.004734311594,0.014121354057,0.200515803153,0.819302730121,0.572853365645,0.078357606013,0.010921435194,0.001854599905,0.001062819062,0.002842506981,0.006682154621,0.010116386362,0.009367505439,0.007794303061,0.007020532731,0.004939585888,0.003356991176,0.004627691038,0.011018950957,0.024270028467,0.028557724344,0.029143508759,0.037027032880,0.027259727353,0.007001339356,0.001562474056,0.000834220063,0.000780819560,0.000668597713,0.000902442210,0.000372805188,0.000163362616,0.000166155627,0.000228784410,0.000218433745,0.000094108594,0.000050000000,0.000050000000,0.000057387893,0.000084216035,0.000090850278,0.000079221181,0.000073116944,0.000190236485,0.001272251911,0.007122735708
0.017111604763,0.008053901734,0.001632916283,0.000181867325,0.000050000000,0.000050000000,0.000050000000,0.000050000000,0.000083126235,0.000214656130,0.001121840523,0.006500548447,0.017284099028,0.016511894461,0.017792794579,0.078096386592,0.579534220373,0.788352789600,0.308350945368,0.056011458544,0.015490174150,0.003604164321,0.002443788477,0.006054611783,0.010481150280,0.011282940840,0.007844881337,0.005692224162,0.005403164441,0.004371647071,0.003369960695,0.004599191616,0.010370393014,0.023510261319,0.029293474673,0.031738296717,0.044543556064,0.023955278749,0.006405666170,0.001599095602,0.000891782035,0.001012305643,0.001545611674,0.000711833999,0.000218191777,0.000179502165,0.000228356756,0.000289317618,0.000179689435,0.000066276434,0.000050000000,0.000052391699,0.000096561020,0.000178540828,0.000162333756,0.000119357756,0.000101151156,0.000293638404,0.001729186374,0.008467763845
0.021055595249,0.007087742999,0.001005020513,0.000119991351,0.000050000000,0.000050000000,0.000050000000,0.000052525453,0.000159946738,0.000599990103,0.002343671082,0.006431544168,0.015758826872,0.031348620311,0.075798395451,0.288482615926,0.827380149479,0.529631037695,0.151931645284,0.031707598511,0.010806474817,0.003283845827,0.003215046743,0.007603734600,0.011849576481,0.011457432623,0.007406105778,0.004716911150,0.003666582606,0.002625991728,0.002317714323,0.003892704479,0.010464892623,0.025833475660,0.031958306741,0.030343658058,0.029138049188,0.014981740739,0.005962380579,0.001758674342,0.000955225650,0.001058442814,0.000830748860,0.000563540270,0.000419884260,0.000365623351,0.000428531212,0.000417596491,0.000163707934,0.000055782432,0.000050233043,0.000059798163,0.000108399166,0.000180916110,0.000155559032,0.000126447490,0.000123305764,0.000517760768,0.003589785931,0.014478798569
0.024880941535,0.004678434321,0.000466132622,0.000072957245,0.000050000000,0.000050000000,0.000050000000,0.000063082772,0.000248037435,0.000461314439,0.001000747154,0.003053585887,0.016826935499,0.087485630112,0.303268733433,0.667437946713,0.648221555516,0.328407073592,0.117116906414,0.026903612595,0.003737034217,0.001754852940,0.002795035391,0.007256556089,0.013009342370,0.012540393517,0.007239897000,0.003773909487,0.002533338396,0.001911075706,0.002135953571,0.004559483179,0.012553257011,0.027656779153,0.032003724387,0.026171386833,0.020161728840,0.010051966380,0.004137660860,0.001053344409,0.000679139029,0.001235171072,0.001740471009,0.001756529670,0.000994553644,0.000380446785,0.000249129271,0.000219715997,0.000149372286,0.000103228792,0.000082016333,0.000076637283,0.000096269202,0.000109942781,0.000094234460,0.000091360675,0.000099838448,0.000510943814,0.004905673426,0.022748057168
0.027357274850,0.003874374056,0.000311099533,0.000061641008,0.000050000000,0.000050000000,0.000050000000,0.000107035456,0.000517150110,0.001021987565,0.001694067645,0.003927015736,0.026626156464,0.232640840226,0.673358636495,0.686084729701,0.293473455769,0.183271315921,0.108827067624,0.031854683113,0.004324799007,0.001911634349,0.002623952593,0.006915197657,0.011919292976,0.010220838578,0.005864712579,0.003636061609,0.003483011389,0.003398005999,0.003226600052,0.005105496661,0.011671366959,0.026966005765,0.032266867499,0.023071232863,0.012571633951,0.004862108915,0.002290260190,0.000907458041,0.000610425764,0.001029906348,0.002619779454,0.004038546108,0.001639934638,0.000262358746,0.000089542763,0.000082511756,0.000100201635,0.000111881267,0.000091217310,0.000066944284,0.000062191996,0.000065576769,0.000070889571,0.000096631864,0.000122334530,0.000628313659,0.006138411205,0.028251605303
0.020980104101,0.002455547166,0.000212985952,0.000056234107,0.000050000000,0.000050000000,0.000051269370,0.000333293460,0.005577714558,0.011534055191,0.009215852223,0.011617895194,0.071230733144,0.528725752117,0.797595152089,0.387529137888,0.132751454344,0.109174207621,0.094321651186,0.035049326275,0.004632100138,0.001543396855,0.001454509855,0.003308628679,0.007018425767,0.009113870619,0.007207648468,0.005133233811,0.005020876568,0.004880546752,0.003824692737,0.004662169489,0.008608630035,0.022730364151,0.028837364033,0.014522807971,0.006670704209,0.002654896339,0.001137873653,0.000429082726,0.000318041805,0.000623320151,0.003373230423,0.008925566863,0.003268332000,0.000243975861,0.000056760051,0.000050000000,0.000068501118,0.000086487929,0.000070244289,0.000050797968,0.000050000000,0.000050000000,0.000050000000,0.000063939772,0.000167216742,0.001626692304,0.013209854793,0.035376889070
0.019456619761,0.002681759386,0.000257854619,0.000057448414,0.000050000000,0.000050000000,0.000053689866,0.000325644169,0.005233112753,0.013899625193,0.021061721715,0.052755950538,0.281408061103,0.799180739352,0.542187136278,0.178421939059,0.069822300789,0.077833264502,0.069244291808,0.027091858136,0.005871190822,0.001716003679,0.001094137800,0.001731501764,0.003505036264,0.005846546251,0.006897083925,0.006490776308,0.006880755001,0.006980922224,0.004790265321,0.004703752050,0.007200257507,0.018277566230,0.024173168950,0.012047555212,0.004964538503,0.001340426010,0.000409636964,0.000190940107,0.000170103767,0.000436872400,0.003816810208,0.015054526315,0.005518283988,0.000315852110,0.000051519688,0.000061783061,0.000143398858,0.000054829878,0.000050000000,0.000050000000,0.000050000000,0.000050000000,0.000050000000,0.000060462883,0.000178032122,0.001995128730,0.015307090329,0.034428396956
0.021959884118,0.005244745605,0.000622916900,0.000074873925,0.000050000000,0.000050000000,0.000066114753,0.000272951143,0.001497062025,0.005023532123,0.028006867048,0.172719226780,0.623989632927,0.741135744220,0.273469534770,0.080169372345,0.043692883518,0.067466439649,0.062892919053,0.026915566954,0.008018959473,0.002371455574,0.001327581084,0.001864670344,0.003157676709,0.004156581040,0.004854361624,0.005438857120,0.006702877225,0.007169699365,0.004984195462,0.005558086521,0.008335472971,0.016399288295,0.019109156058,0.010839350551,0.004565988899,0.000797018444,0.000169536557,0.000091018143,0.000111508364,0.000399049121,0.003906987232,0.011921495496,0.003139716577,0.000200804579,0.000075595458,0.000494302026,0.000659570944,0.000076787449,0.000050000000,0.000050000000,0.000050000000,0.000050000000,0.000050000000,0.000058939748,0.000152256818,0.001279719966,0.008453952162,0.023663474368
0.025053601581,0.009031816622,0.001575243758,0.000168352033,0.000052399830,0.000050000000,0.000069950296,0.000557037061,0.005014537011,0.014710102527,0.073222054185,0.410603640542,0.796656165052,0.463187080207,0.141266318075,0.059953738935,0.044064187270,0.053460474588,0.048098637838,0.031880319547,0.012194007516,0.003980745739,0.002127880326,0.002550922204,0.003319009053,0.003548106084,0.003838511168,0.004549035913,0.006882907694,0.009071946370,0.007522476403,0.008780264584,0.010229886488,0.014716815983,0.013856416079,0.008550379358,0.004805798693,0.001165330481,0.000299226185,0.000159528153,0.000223163995,0.000800280389,0.003686207130,0.007012401882,0.002302326286,0.000317135761,0.000239559747,0.000581081762,0.000179154146,0.000050000000,0.000050000000,0.000050000000,0.000050000000,0.000050000000,0.000050000000,0.000050000000,0.000085135204,0.000692807483,0.005655029248,0.019610174446
0.021639825736,0.015702095041,0.004547520861,0.000703328945,0.000122063494,0.000078337729,0.000192293485,0.000948095082,0.005839522305,0.021526163792,0.145481471140,0.753018225539,0.651373729007,0.227013842396,0.082871067476,0.053040843993,0.048120264382,0.043033052828,0.033981266094,0.028446404633,0.013315921142,0.004873085215,0.002751362510,0.003119816249,0.003531758671,0.003586189148,0.003614334222,0.003680688032,0.004894307791,0.006230240436,0.007111390441,0.011341503224,0.013695571620,0.018064028008,0.014250324421,0.007858998609,0.004288872551,0.001078208387,0.000333163595,0.000233898002,0.000369200802,0.001191937609,0.003178846932,0.004335241117,0.002442262794,0.000822715539,0.000548178523,0.000398970653,0.000093893186,0.000070165252,0.000058368795,0.000053546074,0.000053966803,0.000050000000,0.000050000000,0.000050000000,0.000061311343,0.000297789983,0.002093781406,0.009187102725
0.009407528870,0.013727832671,0.010610915660,0.004511761482,0.001099236402,0.000615916150,0.001118557624,0.002833645694,0.010508609521,0.043235949303,0.268416150983,0.892196989328,0.456819967236,0.108562455485,0.048266813444,0.040480851727,0.041280230855,0.034223795566,0.024880247905,0.021246442999,0.013194491085,0.007027533602,0.005083598287,0.005280138979,0.003970423812,0.002569612257,0.002057497947,0.001950066864,0.002861713441,0.003996089523,0.005169212688,0.009343875124,0.013286545577,0.022362747041,0.021622501862,0.011887712042,0.005065963727,0.001080382405,0.000383795451,0.000385380781,0.000595358108,0.001195334364,0.001820209357,0.002173044387,0.002005041120,0.001818551574,0.001474511402,0.000745118262,0.000313077871,0.000133469683,0.000090359605,0.000088197919,0.000103196731,0.000069872091,0.000050000000,0.000050000000,0.000055804444,0.000165828409,0.000886230778,0.003442953551
0.002732927987,0.005757077286,0.009123120418,0.009195791955,0.004288606922,0.002429432305,0.002192306107,0.003289295270,0.017307029629,0.112520447222,0.517355980850,0.858290753267,0.274837618792,0.048570992211,0.023610446844,0.030839297574,0.047872074925,0.041248782892,0.022651735759,0.013670201977,0.009424804021,0.008066103317,0.007616151405,0.007388657624,0.004088344573,0.001698175344,0.001048247080,0.001059764443,0.002491728867,0.005257664208,0.006138143700,0.007871652004,0.009436265205,0.016971994162,0.021604655166,0.017848122566,0.013097691774,0.004779309891,0.001596665313,0.000930627599,0.000749130310,0.000833477854,0.001085765870,0.001362064053,0.001424391216,0.002040454362,0.002140055478,0.001620094294,0.000788675820,0.000258077810,0.000144013303,0.000127296876,0.000153001050,0.000100330559,0.000058232740,0.000065357469,0.000087497192,0.000216992471,0.000686787380,0.001392435581
0.001094267009,0.001451586882,0.002704271676,0.006252834953,0.008886494902,0.009619651484,0.008396863414,0.010763798074,0.050792467225,0.306280349072,0.730971998577,0.616792686085,0.295267287207,0.064155105353,0.015441405276,0.011726529264,0.021464627189,0.041874136010,0.039192430597,0.012336368080,0.008093355210,0.008778226655,0.008259005712,0.007679427893,0.004543913818,0.001969125756,0.001102751177,0.001017014406,0.002687871485,0.006986469494,0.008060564575,0.008511417578,0.008607907288,0.013122998917,0.015938407326,0.015315904867,0.021612395743,0.022733952518,0.010611745177,0.003343231334,0.001181193904,0.000986725451,0.001745766406,0.002576346768,0.002218388405,0.002418801314,0.001815025382,0.001269698927,0.000535908387,0.000184670570,0.000137678962,0.000149642493,0.000249431604,0.000247736803,0.000124005269,0.000085408398,0.000089299493,0.000205943775,0.000620148393,0.001034019015
0.000922931661,0.000894599955,0.000845617686,0.001186769064,0.002103108136,0.005813867825,0.014213958185,0.035264918769,0.159587208432,0.509176054382,0.684149792050,0.450333809638,0.282849420550,0.100485303157,0.038470000934,0.024282594659,0.025307838713,0.019848049497,0.013483993123,0.010501477396,0.011712445973,0.013111532620,0.009713112110,0.007345239698,0.004606468117,0.002542661909,0.001474187675,0.001131243349,0.002185594702,0.006140128889,0.010366700430,0.012865897399,0.009117451306,0.008600320696,0.010181340247,0.012968490000,0.025994898782,0.040599444526,0.032103829126,0.013906298215,0.003997126147,0.001644568609,0.001694787212,0.002463822592,0.003422844637,0.004124587107,0.001990990386,0.000780271338,0.000252611900,0.000134562501,0.000193391540,0.000388875398,0.001100614993,0.001069435398,0.000349631698,0.000138106126,0.000099636053,0.000169636050,0.000404970488,0.000744453992
0.000466286014,0.000600351143,0.000907888013,0.001549877250,0.003089839399,0.009778089881,0.032351868744,0.105458135101,0.345892422342,0.525453811490,0.537043405098,0.431708725262,0.350004065112,0.176918278811,0.058103583797,0.029595669519,0.021734451446,0.011700699450,0.008209897969,0.009671537570,0.015804293025,0.022982130167,0.019168477937,0.011675205635,0.005024444015,0.002018202768,0.001057343562,0.000788173847,0.001172765329,0.002203100730,0.003874566664,0.009577000147,0.015829152166,0.023218364051,0.023582937271,0.021496121738,0.036030074008,0.056082438772,0.051958267173,0.027091820195,0.007637223841,0.002244721273,0.001282704064,0.001248522157,0.001811763886,0.002536964082,0.001663375894,0.001091208946,0.000594367316,0.000408111819,0.000541293551,0.000720954576,0.001524743691,0.001550228523,0.000926129772,0.000559748354,0.000389753969,0.000417005675,0.000488924940,0.000456004305
